0 1.6 16
10 4 56
20 7.6 132
30 10.5 237
40 14 377
50 14.6 523
60 15.2 675
70 13.7 812
80 14.1 953
90 16.9 1122
100 20.8 1330
110 23.6 1566
120 23.8 1804
130 21.8 2022
140 21.2 2234
150 20 2434
160 25.8 2692
170 27.7 2969
180 30.5 3274
190 31.8 3592
200 35.3 3945
210 41.5 4360
220 46.5 4825
230 45.8 5283
240 50.9 5792
250 53.9 6331
260 57.8 6909
270 61.8 7527
280 63.9 8166
290 62.7 8793
300 66.4 9457
310 67 10127
320 60.1 10728
330 63.8 11366
340 64.9 12015
350 59.9 12614
360 65.1 13265
370 69.3 13958
380 63.5 14593
390 61.6 15209
400 62.3 15832
410 65.5 16487
420 71.7 17204
430 72.9 17933
440 71.2 18645
450 70.1 19346
460 82.1 20167
470 109.1 21258
480 122.2 22480
490 119 23670
500 120 24870
510 125.9 26129
520 125.4 27383
530 130.3 28686
540 124.4 29930
550 137.1 31301
560 131.6 32617
570 131.8 33935
580 124.9 35184
590 134.5 36529
600 120.6 37735
610 134.9 39084
620 134.5 40429
630 138.5 41814
640 149.8 43312
650 123.5 44547
660 130.3 45850
670 126.9 47119
680 123.8 48357
690 138.6 49743
700 137.2 51115
710 111 52225
720 80.6 53031
730 66.6 53697
740 79.3 54490
750 66.8 55158
760 58.5 55743
770 55 56293
780 48.9 56782
790 39.6 57178
800 33.7 57515
810 11.1 57626
818 1 57636
