10 1.6 16
20 7.7 93
30 12.4 217
40 16.1 378
50 18 558
60 17 728
70 13.5 863
80 14.3 1006
90 18.3 1189
100 24 1429
110 28.6 1715
120 28.8 2003
130 24.2 2245
140 21 2455
150 23.6 2691
160 28.7 2978
170 31.9 3297
180 31.9 3616
190 34.1 3957
200 39.1 4348
210 43.9 4787
220 54.2 5329
230 53 5859
240 52.7 6386
250 56.4 6950
260 62.5 7575
270 70.5 8280
280 71 8990
290 71.5 9705
300 73.4 10439
310 66.5 11104
320 56.4 11668
330 64 12308
340 61.7 12925
350 61.3 13538
360 54.3 14081
370 55 14631
380 45.4 15085
390 40.2 15487
400 36.7 15854
410 37.1 16225
420 39.8 16623
430 38 17003
440 38.7 17390
450 35.7 17747
460 34.9 18096
470 43.4 18530
480 57.4 19104
490 55.6 19660
500 55 20210
510 52.6 20736
520 52.4 21260
530 55.3 21813
540 51 22323
550 49.8 22821
560 44.8 23269
570 41.6 23685
580 35.6 24041
590 33.3 24374
600 32.9 24703
610 30 25003
620 31.8 25321
630 28.9 25610
640 28.1 25891
650 24.9 26140
660 23.2 26372
670 21.5 26587
680 22.3 26810
690 22.7 27037
700 25 27287
710 27.4 27561
720 31 27871
730 32 28191
740 42.5 28616
750 41.4 29030
760 44.3 29473
770 52.5 29998
780 52.1 30519
790 41.2 30931
800 37.2 31303
810 11 31413
818 1.7 31430
