320 1.9 19
330 6.5 84
340 23.7 321
350 54.2 863
360 85.8 1721
370 107.5 2796
380 149.4 4290
390 163.4 5924
400 172 7644
410 190.8 9552
420 194.5 11497
430 202 13517
440 207.1 15588
450 223.8 17826
460 233.7 20163
470 218.6 22349
480 250.7 24856
490 253.6 27392
500 216.8 29560
510 235.4 31914
520 236.4 34278
530 266.6 36944
540 308.3 40027
550 327.3 43300
560 355.3 46853
570 387.1 50724
580 390.7 54631
590 421.9 58850
600 425.7 63107
610 428.5 67392
620 440.5 71797
630 481.8 76615
640 513.2 81747
650 491.1 86658
660 506.5 91723
670 453.8 96261
680 457.5 100836
690 469.1 105527
700 496 110487
710 522.7 115714
720 539.1 121105
730 476 125865
740 396.5 129830
750 256.9 132399
760 129.6 133695
770 61.3 134308
780 24.8 134556
790 3.5 134591
800 0.5 134596
810 0 134596
818 0 134596
