320 0.5 5
330 1.2 17
340 7 87
350 10.6 193
360 20.5 398
370 23.8 636
380 27.1 907
390 30 1207
400 30.8 1515
410 36.2 1877
420 40.3 2280
430 38.4 2664
440 37.3 3037
450 45.7 3494
460 46.7 3961
470 61.6 4577
480 67.1 5248
490 66.4 5912
500 63.7 6549
510 66.3 7212
520 71.9 7931
530 75.9 8690
540 72.2 9412
550 83.2 10244
560 85.8 11102
570 84.7 11949
580 89.1 12840
590 89.8 13738
600 89.8 14636
610 99.6 15632
620 92.3 16555
630 96.3 17518
640 112.1 18639
650 99.4 19633
660 107.1 20704
670 102 21724
680 92 22644
690 106 23704
700 101.7 24721
710 87.5 25596
720 79.8 26394
730 78.8 27182
740 81 27992
750 70.9 28701
760 51 29211
770 40 29611
780 17.5 29786
790 4.1 29827
800 1.1 29838
810 0.1 29839
818 0 29839
