370 0.8 8
380 1.7 25
390 3.7 62
400 2.9 91
410 4.4 135
420 7.7 212
430 9.5 307
440 8.8 395
450 10 495
460 9.8 593
470 15.6 749
480 16.2 911
490 19.8 1109
500 16.7 1276
510 20.3 1479
520 18.1 1660
530 15.7 1817
540 18.5 2002
550 20.3 2205
560 20.9 2414
570 19.8 2612
580 19.6 2808
590 23.9 3047
600 29.2 3339
610 28 3619
620 25.1 3870
630 25.9 4129
640 31.6 4445
650 26.2 4707
660 33.1 5038
670 34.4 5382
680 32 5702
690 34.2 6044
700 28.9 6333
710 24.1 6574
720 22.8 6802
730 25.9 7061
740 28.8 7349
750 29.8 7647
760 30.8 7955
770 27.7 8232
780 10.7 8339
790 3.4 8373
800 1 8383
810 0.1 8384
818 0 8384
