320 2 20
330 6.9 89
340 18.5 274
350 47.1 745
360 55.7 1302
370 78.6 2088
380 108.9 3177
390 117.3 4350
400 118.3 5533
410 124 6773
420 122.1 7994
430 126.7 9261
440 136.7 10628
450 136.1 11989
460 136.1 13350
470 87.5 14225
480 104.7 15272
490 113.3 16405
500 75.8 17163
510 88.4 18047
520 83.6 18883
530 99.6 19879
540 146.9 21348
550 140.9 22757
560 170.9 24466
570 200.3 26469
580 185.4 28323
590 212.1 30444
600 230.9 32753
610 210.1 34854
620 236.5 37219
630 251.7 39736
640 249.3 42229
650 235.3 44582
660 254.8 47130
670 229.9 49429
680 265.6 52085
690 232.4 54409
700 253.8 56947
710 324.2 60189
720 347.1 63660
730 288 66540
740 203.6 68576
750 128.7 69863
760 51.8 70381
770 21.7 70598
780 12.7 70725
790 0 70725
800 0 70725
810 0 70725
818 0 70725
