0 1.1 2.658090909090909 4.258126037985711 16.025 0.898 0 0
10 1.5 1.089333333333333 0.10734968819496193 16.025 0.805 2.658090909090909 11
20 1.2 1.0482500000000001 0.06877030003327499 16.025 0.805 1.7530384615384613 26
30 0.9 1.0066666666666668 0.0930794165096547 16.025 0.805 1.5304736842105262 38
40 0.7 1.034857142857143 0.10924863983648696 16.025 0.805 1.4301702127659572 47
50 0.6 1.0035 0.08369737152384181 16.025 0.805 1.3789259259259257 54
60 1.5 1.8256666666666672 2.7643464970143588 16.025 0.748 1.3413833333333331 60
70 1.9 1.0009473684210526 0.10262167293624039 16.025 0.748 1.43824 75
80 1.9 0.9647894736842103 0.09561412522126767 16.025 0.748 1.3498510638297871 94
90 2 1.047 0.12213844603563619 16.025 0.748 1.2851061946902653 113
100 1.4 1.057928571428571 0.149158814827741 16.025 0.748 1.249300751879699 133
110 0.3 0.977 0.056750917760567225 16.025 0.748 1.2310748299319727 147
120 2 1.3575 1.5168497123973752 16.025 0.748 1.2259933333333333 150
130 1.6 0.9907499999999999 0.16873777733513023 16.025 0.698 1.241464705882353 170
140 2 0.9662499999999999 0.09399886967405509 16.025 0.698 1.2198978494623656 186
150 1.6 1.0679375 0.1280256169434462 16.025 0.698 1.195271844660194 206
160 2.3 1.655869565217391 2.7095339933737015 16.025 0.698 1.1860945945945944 222
170 2 1.09765 0.4090929325960056 16.025 0.698 1.2301959183673468 245
180 4 1.2789249999999996 1.4943345071887353 16.025 0.688 1.2201924528301884 265
190 3.4 1.029911764705882 0.20216408124081936 16.025 0.682 1.227895081967213 305
200 3.6 0.9902500000000001 0.25073817408692367 16.025 0.682 1.2080383480825958 339
210 4.4 0.9659318181818182 0.1935149040216603 16.025 0.682 1.1871306666666666 375
220 3.3 1.1395757575757577 1.0512009302583123 16.025 0.682 1.1639021479713603 419
230 3.4 0.9055000000000003 0.12345617226606465 16.025 0.663 1.1621261061946901 452
240 5.9 9.460220338983055 41.48604759661661 307.66 0.663 1.1441728395061728 486
250 6.6 0.9013636363636363 0.10086409043010308 307.66 0.663 2.0444422018348627 545
260 5.5 0.924909090909091 0.14378914774163057 307.66 0.663 1.9209672667757778 611
270 6.4 1.2753593750000007 1.4255100224041253 307.66 0.659 1.8387102102102104 666
280 5 1.7741599999999993 4.0845244000250505 307.66 0.659 1.7893205479452057 730
290 6 1.0401 0.29552471413854153 307.66 0.659 1.7883487179487183 780
300 7.9 1.28253164556962 1.5515798468498028 307.66 0.659 1.7349023809523811 840
310 11.1 0.9024414414414412 0.21204090565264597 307.66 0.656 1.6960152339499457 919
320 10.5 1.2908000000000008 2.539716517363981 307.66 0.644 1.6104941747572818 1030
330 15.1 0.9900331125827807 0.9571014631814575 307.66 0.644 1.5809189427312778 1135
340 31.3 0.9697571884984023 0.9113071774728331 307.66 0.46 1.511538102643857 1286
350 57.3 1.0764153577661435 1.0893532506105612 307.66 0.438 1.405485928705441 1599
360 95.2 1.6166102941176441 3.661714206066721 307.66 0.438 1.3186731123388584 2172
370 119.7 1.3482798663325006 1.9864593084592477 307.66 0.397 1.409465749039692 3124
380 157.6 1.973804568527921 4.402527820962019 307.66 0.391 1.3925160842397595 4321
390 176.3 1.5022785025524668 2.223940972675816 307.66 0.387 1.5478680685094122 5897
400 185.5 1.7082571428571456 2.438145659027012 307.66 0.375 1.5373753263707575 7660
410 202.7 1.7528712382831766 2.372853472523886 307.66 0.375 1.5706896479243306 9515
420 213.5 2.106511943793906 2.6516965034378406 307.66 0.375 1.602684283486398 11542
430 216.5 2.273223094688226 2.9633752718751056 307.66 0.375 1.6813325290633905 13677
440 226.6 2.4640962047660997 3.2123602998343848 307.66 0.375 1.76222149981063 15842
450 234.9 2.6483882503192797 3.3928681150232074 307.66 0.375 1.8500527391208297 18108
460 258 2.7779631782945744 3.3317349259599283 307.66 0.375 1.9417225888448928 20457
470 244.9 2.9584993875051016 3.4620700701134406 307.66 0.375 2.03537630767895 23037
480 259.2 4.029413966049378 4.514485687676279 307.66 0.375 2.1240810248764017 25486
490 283.5 3.5244564373897735 3.916619042527982 307.66 0.375 2.2999704394899907 28078
500 241.3 3.5893133029423914 4.5979083315952884 307.66 0.375 2.4122668133147855 30913
510 265 3.325632075471688 3.867285987262007 307.66 0.375 2.4974919582308095 33326
520 254.5 3.4307163064833066 4.26764678659756 307.66 0.375 2.558492939737601 35976
530 280.8 3.634722222222212 4.047192013596499 307.66 0.375 2.6161188702266283 38521
540 332.5 12.679080300751911 43.798351235818345 369.559 0.375 2.6853254373442357 41329
550 357 4.571343977591049 4.458658985051973 369.559 0.375 3.4294745599498366 44654
560 378.4 5.322752906976744 4.935279696357759 369.559 0.375 3.5140066149635047 48224
570 414 5.650133333333345 5.150280044315955 369.559 0.375 3.645607445008461 52008
580 414.3 6.50212309920348 5.849754035218988 369.559 0.375 3.7934085630832817 56148
590 452.8 6.783802782685509 5.925852370904135 369.559 0.375 3.9795425519563468 60291
600 459.9 7.108657099369412 6.388394953798969 369.559 0.375 4.175437124917078 64819
610 463.9 6.807871524035347 5.581624263716053 369.559 0.375 4.369765377855888 69418
620 475.2 7.59222243265993 6.404532102766274 369.559 0.375 4.522490635591503 74057
630 508.3 9.807885107220136 7.044214224559889 369.559 0.375 4.707588346508647 78809
640 559.1 28.008824539438418 53.42433112937879 369.559 0.375 5.016614337481523 83892
650 498.7 17.755641066773673 22.568528691931395 369.559 0.375 6.453193880401866 89483
660 549 12.446712568306083 7.6922842487553025 369.559 0.375 7.049841536995877 94470
670 493.4 10.087650182407781 6.765443876255831 369.559 0.375 7.34624831932774 99960
680 496.8 8.600368558776163 6.5151431910243405 369.559 0.375 7.4751982763551865 104894
690 507.3 9.921846244825568 7.060187438299427 369.559 0.375 7.526078889880039 109862
700 526.9 10.318586828620237 6.734592477515585 369.559 0.375 7.631823247922747 114935
710 555.4 11.785662405473552 7.320076583305247 369.559 0.375 7.749594347941841 120204
720 548.7 9.734601603790777 6.547899495181535 369.559 0.375 7.9278440178756115 125758
730 488.3 6.935074749129635 5.724361791972762 369.559 0.375 8.003379686845223 131245
740 419.1 4.936591267000687 4.828827391639575 369.559 0.375 7.96505889310062 136128
750 280.9 3.5053325026699893 3.930273411139379 369.559 0.375 7.874605655684555 140319
760 153 2.8636542483660077 3.5348235923199613 369.559 0.375 7.788855220501937 143128
770 68.4 1.4383172514619889 1.7992513209716372 369.559 0.375 7.7367629927138575 144658
780 30.6 1.3856045751633967 1.3396307670418783 369.559 0.375 7.707121616600853 145342
790 5.4 1.2092592592592595 0.8851698975899774 369.559 0.375 7.69384038915743 145648
800 0.8 1.069125 0.1987155237393395 369.559 0.375 7.691437077047682 145702
810 0 0 0 369.559 0.375 7.6910734884359435 145710
818 0 0 0 369.559 0.375 7.6910734884359435 145710
