0 11 11
10 26 15
20 38 12
30 46 8
40 49 3
50 45 -4
60 51 6
70 58 7
80 66 8
90 77 11
100 86 9
110 75 -11
120 79 4
130 78 -1
140 70 -8
150 79 9
160 91 12
170 94 3
180 116 22
190 128 12
200 145 17
210 167 22
220 180 13
230 185 5
240 207 22
250 237 30
260 265 28
270 305 40
280 332 27
290 356 24
300 411 55
310 493 82
320 533 40
330 591 58
340 640 49
350 634 -6
360 677 43
370 744 67
380 737 -7
390 733 -4
400 745 12
410 717 -28
420 762 45
430 757 -5
440 795 38
450 741 -54
460 818 77
470 892 74
480 799 -93
490 901 102
500 975 74
510 1080 105
520 1084 4
530 1050 -34
540 1111 61
550 1191 80
560 1187 -4
570 1184 -3
580 1174 -10
590 1204 30
600 1235 31
610 1274 39
620 1314 40
630 1272 -42
640 1413 141
650 1190 -223
660 1261 71
670 1309 48
680 1309 0
690 1354 45
700 1340 -14
710 1346 6
720 1081 -265
730 864 -217
740 757 -107
750 663 -94
760 628 -35
770 403 -225
780 270 -133
790 171 -99
800 65 -106
810 13 -52
818 0 -13
