0 0.1 4.69093055804297 0 4.69093055804297 4.69093055804297 0 0
10 0.1 0.5994005994005994 0.0 4.69093055804297 0.5994005994005994 4.69093055804297 1
20 0.1 0.501002004008016 0.0 4.69093055804297 0.501002004008016 2.6451655787217847 2
30 0.1 1.2024048096192386 0.0 4.69093055804297 0.501002004008016 1.9304443871505284 3
40 0.1 1.5015015015015014 0.0 4.69093055804297 0.501002004008016 1.748434492767706 4
50 0.1 1.710261569416499 0.0 4.69093055804297 0.501002004008016 1.6990478945144651 5
60 0.1 2.404809619238477 0.0 4.69093055804297 0.501002004008016 1.7009168403314707 6
70 0.1 1.7171717171717171 0.0 4.69093055804297 0.501002004008016 1.8014729516039003 7
80 0.1 1.30784708249497 0.0 4.69093055804297 0.501002004008016 1.7909352972998773 8
90 0.1 1.507537688442211 0.0 4.69093055804297 0.501002004008016 1.737258828988221 9
100 0.1 1.9114688128772637 0.0 4.69093055804297 0.501002004008016 1.7142867149336198 10
110 0.1 2.5227043390514634 0.0 4.69093055804297 0.501002004008016 1.7322123602012238 11
120 0.1 3.0120481927710845 0.0 4.69093055804297 0.501002004008016 1.7980866917720768 12
130 0.1 2.9233870967741935 0.0 4.69093055804297 0.501002004008016 1.8914683456950774 13
140 0.1 3.0 0.0 4.69093055804297 0.501002004008016 1.9651768279150141 14
150 0.1 2.0202020202020203 0.0 4.69093055804297 0.501002004008016 2.0341650393873465 15
160 0.1 2.5201612903225805 0.0 4.69093055804297 0.501002004008016 2.0332923506882636 16
170 0.1 2.9292929292929295 0.0 4.69093055804297 0.501002004008016 2.061931700078518 17
180 0.1 3.2323232323232323 0.0 4.69093055804297 0.501002004008016 2.110118435034874 18
190 0.1 3.64741641337386 0.0 4.69093055804297 0.501002004008016 2.1691818454184717 19
200 0.1 3.54251012145749 0.0 4.69093055804297 0.501002004008016 2.243093573816241 20
210 0.1 3.1697341513292434 0.0 4.69093055804297 0.501002004008016 2.304970552275348 21
220 0.1 6.646525679758309 0.0 6.646525679758309 0.501002004008016 2.3442779885959797 22
230 0.1 6.727828746177369 0.0 6.727828746177369 0.501002004008016 2.5313322360378203 23
240 0.1 4.684317718940937 0.0 6.727828746177369 0.501002004008016 2.7061862572936346 24
250 0.1 6.0728744939271255 0.0 6.727828746177369 0.501002004008016 2.7853115157595267 25
260 0.1 6.572295247724974 0.0 6.727828746177369 0.501002004008016 2.91175624568905 26
270 0.1 7.746478873239436 0.0 7.746478873239436 0.501002004008016 3.047331764282973 27
280 0.1 26.77322677322677 0.0 26.77322677322677 0.501002004008016 3.215158446745704 28
290 0.1 27.400000000000002 0.0 27.400000000000002 0.501002004008016 4.027505630417465 29
300 0.1 12.133468149646106 0.0 27.400000000000002 0.501002004008016 4.806588776070216 30
310 0.1 8.502024291497975 0.0 27.400000000000002 0.501002004008016 5.042939723604921 31
320 0.1 8.527918781725887 0.0 27.400000000000002 0.501002004008016 5.151036116351579 32
330 0.1 14.460285132382891 0.0 27.400000000000002 0.501002004008016 5.253365894090195 33
340 0.1 11.585365853658537 0.0 27.400000000000002 0.501002004008016 5.524157636392921 34
350 0.1 18.71871871871872 0.0 27.400000000000002 0.501002004008016 5.697335014029082 35
360 0.1 25.900000000000002 0.0 27.400000000000002 0.501002004008016 6.059040116937127 36
370 0.1 32.039800995024876 0.0 32.039800995024876 0.501002004008016 6.5952822759388265 37
380 0.1 35.742574257425744 0.0 35.742574257425744 0.501002004008016 7.264874873809513 38
390 0.1 40.375123395853905 0.0 40.375123395853905 0.501002004008016 7.995072293902237 39
400 0.1 40.0196656833825 0.0 40.375123395853905 0.501002004008016 8.804573571451028 40
410 0.1 41.78674351585015 0.0 41.78674351585015 0.501002004008016 9.565917281498137 41
420 0.1 42.44186046511628 0.0 42.44186046511628 0.501002004008016 10.33307981088747 42
430 0.1 42.31884057971014 0.0 42.44186046511628 0.501002004008016 11.079795640055583 43
440 0.1 42.277992277992276 0.0 42.44186046511628 0.501002004008016 11.78977393413864 44
450 0.1 42.52651880424301 0.0 42.52651880424301 0.501002004008016 12.46728989733539 45
460 0.1 43.9143135345667 0.0 43.9143135345667 0.501002004008016 13.120751395311641 46
470 0.1 43.523809523809526 0.0 43.9143135345667 0.501002004008016 13.77593356848728 47
480 0.1 43.85796545105566 0.0 43.9143135345667 0.501002004008016 14.39568098422316 48
490 0.1 46.00577478344562 0.0 46.00577478344562 0.501002004008016 14.996952095791169 49
500 0.1 45.445829338446785 0.0 46.00577478344562 0.501002004008016 15.617128549544258 50
510 0.1 44.69328140214216 0.0 46.00577478344562 0.501002004008016 16.20200503560117 51
520 0.1 45.45454545454545 0.0 46.00577478344562 0.501002004008016 16.749914196496192 52
530 0.1 45.22661523625844 0.0 46.00577478344562 0.501002004008016 17.291511012685802 53
540 0.1 46.30163304514889 0.0 46.30163304514889 0.501002004008016 17.808827757566778 54
550 0.1 46.7444120505345 0.0 46.7444120505345 0.501002004008016 18.32687876279554 55
560 0.1 47.32229795520935 0.0 47.32229795520935 0.501002004008016 18.83433471436231 56
570 0.1 47.8176527643065 0.0 47.8176527643065 0.501002004008016 19.334123543149097 57
580 0.1 48.81422924901186 0.0 48.81422924901186 0.501002004008016 19.825218874548366 58
590 0.1 48.91304347826087 0.0 48.91304347826087 0.501002004008016 20.316558033437573 59
600 0.1 49.20318725099602 0.0 49.20318725099602 0.501002004008016 20.793166124184626 60
610 0.1 49.06219151036525 0.0 49.20318725099602 0.501002004008016 21.25890417544383 61
620 0.1 49.20318725099602 0.0 49.20318725099602 0.501002004008016 21.707344293749014 62
630 0.1 49.4059405940594 0.0 49.4059405940594 0.501002004008016 22.14378624545135 63
640 0.1 49.404761904761905 0.0 49.4059405940594 0.501002004008016 22.569757407148348 64
650 0.1 49.306930693069305 0.0 49.4059405940594 0.501002004008016 22.982603630188557 65
660 0.1 49.3570722057369 0.0 49.4059405940594 0.501002004008016 23.381457070535234 66
670 0.1 49.266862170087975 0.0 49.4059405940594 0.501002004008016 23.769152818821826 67
680 0.1 49.306930693069305 0.0 49.4059405940594 0.501002004008016 24.14411913281103 68
690 0.1 49.25224327018943 0.0 49.4059405940594 0.501002004008016 24.50879756122057 69
700 0.1 49.25668979187314 0.0 49.4059405940594 0.501002004008016 24.862275357062984 70
710 0.1 49.35579781962339 0.0 49.4059405940594 0.501002004008016 25.20585865896172 71
720 0.1 49.25962487660415 0.0 49.4059405940594 0.501002004008016 25.541274480637576 72
730 0.1 49.30278884462152 0.0 49.4059405940594 0.501002004008016 25.866183390171365 73
740 0.1 49.40239043824701 0.0 49.4059405940594 0.501002004008016 26.182894274690963 74
750 0.1 49.25373134328358 0.0 49.4059405940594 0.501002004008016 26.492487556871712 75
760 0.1 49.35194416749751 0.0 49.4059405940594 0.501002004008016 26.79197760669292 76
770 0.1 36.696340257171116 0.0 49.4059405940594 0.501002004008016 27.08496418540467 77
780 0.1 24.40711462450593 0.0 49.4059405940594 0.501002004008016 27.20818695555552 78
790 0.1 12.887112887112886 0.0 49.4059405940594 0.501002004008016 27.17273034377008 79
800 0.1 5.64516129032258 0.0 49.4059405940594 0.501002004008016 26.994160125561866 80
810 0.1 2.9292929292929295 0.0 49.4059405940594 0.501002004008016 26.730592238707057 81
818 0.1 0.8999999999999999 0.0 49.4059405940594 0.501002004008016 26.440332491031274 82
