0 0 0
10 0 0
20 0 0
30 0.1 1
40 0.5 6
50 1 16
60 0.8 24
70 1.2 36
80 1.1 47
90 1 57
100 0.5 62
110 1.3 75
120 1.7 92
130 1.6 108
140 2.9 137
150 0.6 143
160 1.1 154
170 1.8 172
180 1.7 189
190 2.2 211
200 1.9 230
210 2.2 252
220 1.9 271
230 3.1 302
240 3.5 337
250 3.6 373
260 2.7 400
270 2.4 424
280 2.5 449
290 3.4 483
300 2.5 508
310 2.8 536
320 4.6 582
330 2.8 610
340 2.8 638
350 3.7 675
360 5 725
370 5.5 780
380 8.8 868
390 13.3 1001
400 12.7 1128
410 15.3 1281
420 13.9 1420
430 14.9 1569
440 15.7 1726
450 16.2 1888
460 16.5 2053
470 18.7 2240
480 17.8 2418
490 19.7 2615
500 17.3 2788
510 19.4 2982
520 17.2 3154
530 17.4 3328
540 18.2 3510
550 21.3 3723
560 23.4 3957
570 26.7 4224
580 25.5 4479
590 28.4 4763
600 31.3 5076
610 30.2 5378
620 30.8 5686
630 30.4 5990
640 31.8 6308
650 29.7 6605
660 35.3 6958
670 36.1 7319
680 39.2 7711
690 33.3 8044
700 31.8 8362
710 31.5 8677
720 35.8 9035
730 35.2 9387
740 33 9717
750 32.7 10044
760 26.6 10310
770 30.2 10612
780 18.9 10801
790 11.4 10915
800 10.9 11024
810 5 11074
818 1.3 11087
