0 0.1 3515.3984375 0 3515.3984375 3515.3984375 0 0
10 0.1 3516.05078125 0.0 3516.05078125 3515.3984375 3515.3984375 1
20 0.1 3511.8203125 0.0 3516.05078125 3511.8203125 3515.724609375 2
30 0.1 3506.37890625 0.0 3516.05078125 3506.37890625 3514.4231770833335 3
40 0.1 3498.7578125 0.0 3516.05078125 3498.7578125 3512.412109375 4
50 0.1 3494.046875 0.0 3516.05078125 3494.046875 3509.68125 5
60 0.1 3492.6328125 0.0 3516.05078125 3492.6328125 3507.0755208333335 6
70 0.1 3491.30859375 0.0 3516.05078125 3491.30859375 3505.012276785714 7
80 0.1 3491.44140625 0.0 3516.05078125 3491.30859375 3503.29931640625 8
90 0.1 3491.57421875 0.0 3516.05078125 3491.30859375 3501.9817708333335 9
100 0.1 3490.9765625 0.0 3516.05078125 3490.9765625 3500.941015625 10
110 0.1 3486.8671875 0.0 3516.05078125 3486.8671875 3500.03515625 11
120 0.1 3476.94921875 0.0 3516.05078125 3476.94921875 3498.9378255208335 12
130 0.1 3476.9375 0.0 3516.05078125 3476.9375 3497.246394230769 13
140 0.1 3475.98828125 0.0 3516.05078125 3475.98828125 3495.7957589285716 14
150 0.1 3477.05859375 0.0 3516.05078125 3475.98828125 3494.4752604166665 15
160 0.1 3478.171875 0.0 3516.05078125 3475.98828125 3493.38671875 16
170 0.1 3475.62890625 0.0 3516.05078125 3475.62890625 3492.4917279411766 17
180 0.1 3476.6875 0.0 3516.05078125 3475.62890625 3491.5549045138887 18
190 0.1 3472.56640625 0.0 3516.05078125 3472.56640625 3490.7724095394738 19
200 0.1 3468.64453125 0.0 3516.05078125 3468.64453125 3489.862109375 20
210 0.1 3455.99609375 0.0 3516.05078125 3455.99609375 3488.8517485119046 21
220 0.1 3453.57421875 0.0 3516.05078125 3453.57421875 3487.358309659091 22
230 0.1 3451.6328125 0.0 3516.05078125 3451.6328125 3485.8894361413045 23
240 0.1 3451.625 0.0 3516.05078125 3451.625 3484.4620768229165 24
250 0.1 3441.015625 0.0 3516.05078125 3441.015625 3483.14859375 25
260 0.1 3431.8359375 0.0 3516.05078125 3431.8359375 3481.528094951923 26
270 0.1 3407.72265625 0.0 3516.05078125 3407.72265625 3479.687644675926 27
280 0.1 3391.1171875 0.0 3516.05078125 3391.1171875 3477.1174665178573 28
290 0.1 3374.390625 0.0 3516.05078125 3374.390625 3474.1519396551726 29
300 0.1 3368.625 0.0 3516.05078125 3368.625 3470.8265625 30
310 0.1 3361.1015625 0.0 3516.05078125 3361.1015625 3467.529737903226 31
320 0.1 3330.8515625 0.0 3516.05078125 3330.8515625 3464.203857421875 32
330 0.1 3315.703125 0.0 3516.05078125 3315.703125 3460.162878787879 33
340 0.1 3302.46875 0.0 3516.05078125 3302.46875 3455.9140625 34
350 0.1 3281.26171875 0.0 3516.05078125 3281.26171875 3451.5299107142855 35
360 0.1 3262.79296875 0.0 3516.05078125 3262.79296875 3446.800238715278 36
370 0.1 3258.05078125 0.0 3516.05078125 3258.05078125 3441.8270692567567 37
380 0.1 3234.16796875 0.0 3516.05078125 3234.16796875 3436.990851151316 38
390 0.1 3229.859375 0.0 3516.05078125 3229.859375 3431.790264423077 39
400 0.1 3211.45703125 0.0 3516.05078125 3211.45703125 3426.7419921875 40
410 0.1 3208.6875 0.0 3516.05078125 3208.6875 3421.4911394817073 41
420 0.1 3205.88671875 0.0 3516.05078125 3205.88671875 3416.424386160714 42
430 0.1 3189.0625 0.0 3516.05078125 3189.0625 3411.5281613372094 43
440 0.1 3184.33203125 0.0 3516.05078125 3184.33203125 3406.4721235795455 44
450 0.1 3181.05078125 0.0 3516.05078125 3181.05078125 3401.535677083333 45
460 0.1 3170.140625 0.0 3516.05078125 3170.140625 3396.742527173913 46
470 0.1 3167.3359375 0.0 3516.05078125 3167.3359375 3391.921210106383 47
480 0.1 3154.484375 0.0 3516.05078125 3154.484375 3387.2423502604165 48
490 0.1 3138.11328125 0.0 3516.05078125 3138.11328125 3382.4921875 49
500 0.1 3134.56640625 0.0 3516.05078125 3134.56640625 3377.604609375 50
510 0.1 3096.76953125 0.0 3516.05078125 3096.76953125 3372.839154411765 51
520 0.1 3074.9140625 0.0 3516.05078125 3074.9140625 3367.5301231971152 52
530 0.1 3054.10546875 0.0 3516.05078125 3054.10546875 3362.0090654481132 53
540 0.1 3048.484375 0.0 3516.05078125 3048.484375 3356.307146990741 54
550 0.1 3023.859375 0.0 3516.05078125 3023.859375 3350.7103693181816 55
560 0.1 3002.1328125 0.0 3516.05078125 3002.1328125 3344.8737444196427 56
570 0.1 3003.73828125 0.0 3516.05078125 3002.1328125 3338.8607456140353 57
580 0.1 3008.41796875 0.0 3516.05078125 3002.1328125 3333.082772090517 58
590 0.1 3007.73046875 0.0 3516.05078125 3002.1328125 3327.579978813559 59
600 0.1 2996.7109375 0.0 3516.05078125 2996.7109375 3322.2491536458333 60
610 0.1 2993.65625 0.0 3516.05078125 2993.65625 3316.9124615778687 61
620 0.1 2987.9296875 0.0 3516.05078125 2987.9296875 3311.6986517137098 62
630 0.1 2973.1484375 0.0 3516.05078125 2973.1484375 3306.5594618055557 63
640 0.1 2942.05078125 0.0 3516.05078125 2942.05078125 3301.3499145507813 64
650 0.1 2930.8359375 0.0 3516.05078125 2930.8359375 3295.822235576923 65
660 0.1 2943.515625 0.0 3516.05078125 2930.8359375 3290.292140151515 66
670 0.1 2953.390625 0.0 3516.05078125 2930.8359375 3285.1163712686566 67
680 0.1 2958.42578125 0.0 3516.05078125 2930.8359375 3280.2380514705883 68
690 0.1 2959.18359375 0.0 3516.05078125 2930.8359375 3275.5741055253625 69
700 0.1 2950.26171875 0.0 3516.05078125 2930.8359375 3271.0542410714284 70
710 0.1 2955.6875 0.0 3516.05078125 2930.8359375 3266.5360365316897 71
720 0.1 2956.8984375 0.0 3516.05078125 2930.8359375 3262.2186957465274 72
730 0.1 2969.92578125 0.0 3516.05078125 2930.8359375 3258.036226455479 73
740 0.1 2980.72265625 0.0 3516.05078125 2930.8359375 3254.1428420608104 74
750 0.1 2993.33984375 0.0 3516.05078125 2930.8359375 3250.497239583333 75
760 0.1 3001.01171875 0.0 3516.05078125 2930.8359375 3247.1135896381575 76
770 0.1 3009.14453125 0.0 3516.05078125 2930.8359375 3243.9174614448048 77
780 0.1 3018.26953125 0.0 3516.05078125 2930.8359375 3240.907552083333 78
790 0.1 3058.62109375 0.0 3516.05078125 2930.8359375 3238.0893492879745 79
800 0.1 3101.1640625 0.0 3516.05078125 2930.8359375 3235.84599609375 80
810 0.1 3138.04296875 0.0 3516.05078125 2930.8359375 3234.1832561728397 81
818 0.1 3146.5546875 0.0 3516.05078125 2930.8359375 3233.0108136432927 82
