0 0.1 0.01953125 0 0.01953125 0.01953125 0 0
10 0.1 0.01171875 0.0 0.01953125 0.01171875 0.01953125 1
20 0.1 0.01171875 0.0 0.01953125 0.01171875 0.015625 2
30 0.1 0.01171875 0.0 0.01953125 0.01171875 0.014322916666666666 3
40 0.1 0.01171875 0.0 0.01953125 0.01171875 0.013671875 4
50 0.1 0.01171875 0.0 0.01953125 0.01171875 0.01328125 5
60 0.1 0.0 0.0 0.01953125 0.0 0.013020833333333334 6
70 0.1 0.0 0.0 0.01953125 0.0 0.011160714285714286 7
80 0.1 0.0 0.0 0.01953125 0.0 0.009765625 8
90 0.1 0.0 0.0 0.01953125 0.0 0.008680555555555556 9
100 0.1 0.0 0.0 0.01953125 0.0 0.0078125 10
110 0.1 0.0 0.0 0.01953125 0.0 0.007102272727272727 11
120 0.1 0.0 0.0 0.01953125 0.0 0.006510416666666667 12
130 0.1 0.0 0.0 0.01953125 0.0 0.006009615384615385 13
140 0.1 0.0 0.0 0.01953125 0.0 0.005580357142857143 14
150 0.1 0.0 0.0 0.01953125 0.0 0.005208333333333333 15
160 0.1 0.0 0.0 0.01953125 0.0 0.0048828125 16
170 0.1 0.0 0.0 0.01953125 0.0 0.004595588235294118 17
180 0.1 0.0 0.0 0.01953125 0.0 0.004340277777777778 18
190 0.1 0.0 0.0 0.01953125 0.0 0.004111842105263158 19
200 0.1 0.0 0.0 0.01953125 0.0 0.00390625 20
210 0.1 0.0 0.0 0.01953125 0.0 0.003720238095238095 21
220 0.1 0.0 0.0 0.01953125 0.0 0.0035511363636363635 22
230 0.1 0.0 0.0 0.01953125 0.0 0.0033967391304347825 23
240 0.1 0.0 0.0 0.01953125 0.0 0.0032552083333333335 24
250 0.1 0.0 0.0 0.01953125 0.0 0.003125 25
260 0.1 0.0 0.0 0.01953125 0.0 0.0030048076923076925 26
270 0.1 0.078125 0.0 0.078125 0.0 0.0028935185185185184 27
280 0.1 0.0703125 0.0 0.078125 0.0 0.005580357142857143 28
290 0.1 0.21875 0.0 0.21875 0.0 0.0078125 29
300 0.1 0.1796875 0.0 0.21875 0.0 0.01484375 30
310 0.1 0.1484375 0.0 0.21875 0.0 0.020161290322580645 31
320 0.1 0.2109375 0.0 0.21875 0.0 0.024169921875 32
330 0.1 0.1796875 0.0 0.21875 0.0 0.029829545454545456 33
340 0.1 0.1484375 0.0 0.21875 0.0 0.03423713235294118 34
350 0.1 0.2890625 0.0 0.2890625 0.0 0.0375 35
360 0.1 0.23828125 0.0 0.2890625 0.0 0.044487847222222224 36
370 0.1 0.19921875 0.0 0.2890625 0.0 0.04972550675675676 37
380 0.1 0.3984375 0.0 0.3984375 0.0 0.05365953947368421 38
390 0.1 0.33984375 0.0 0.3984375 0.0 0.0625 39
400 0.1 0.37109375 0.0 0.3984375 0.0 0.06943359375 40
410 0.1 0.390625 0.0 0.3984375 0.0 0.07679115853658537 41
420 0.1 0.48046875 0.0 0.48046875 0.0 0.08426339285714286 42
430 0.1 0.640625 0.0 0.640625 0.0 0.09347747093023256 43
440 0.1 0.69140625 0.0 0.69140625 0.0 0.10591264204545454 44
450 0.1 0.890625 0.0 0.890625 0.0 0.1189236111111111 45
460 0.1 1.05859375 0.0 1.05859375 0.0 0.13569972826086957 46
470 0.1 0.98046875 0.0 1.05859375 0.0 0.15533577127659576 47
480 0.1 0.8984375 0.0 1.05859375 0.0 0.17252604166666666 48
490 0.1 0.921875 0.0 1.05859375 0.0 0.1873405612244898 49
500 0.1 1.08984375 0.0 1.08984375 0.0 0.20203125 50
510 0.1 1.21875 0.0 1.21875 0.0 0.21943933823529413 51
520 0.1 1.26953125 0.0 1.26953125 0.0 0.23865685096153846 52
530 0.1 1.37890625 0.0 1.37890625 0.0 0.2581073113207547 53
540 0.1 1.3984375 0.0 1.3984375 0.0 0.2788628472222222 54
550 0.1 1.26953125 0.0 1.3984375 0.0 0.29921875 55
560 0.1 1.33984375 0.0 1.3984375 0.0 0.31654575892857145 56
570 0.1 1.359375 0.0 1.3984375 0.0 0.3344983552631579 57
580 0.1 1.4609375 0.0 1.4609375 0.0 0.35216864224137934 58
590 0.1 1.390625 0.0 1.4609375 0.0 0.3709613347457627 59
600 0.1 1.48046875 0.0 1.48046875 0.0 0.38795572916666665 60
610 0.1 1.48046875 0.0 1.48046875 0.0 0.4058657786885246 61
620 0.1 1.48046875 0.0 1.48046875 0.0 0.4231980846774194 62
630 0.1 1.48046875 0.0 1.48046875 0.0 0.4399801587301587 63
640 0.1 1.3984375 0.0 1.48046875 0.0 0.45623779296875 64
650 0.1 1.33984375 0.0 1.48046875 0.0 0.4707331730769231 65
660 0.1 1.2890625 0.0 1.48046875 0.0 0.48390151515151514 66
670 0.1 1.23828125 0.0 1.48046875 0.0 0.4959188432835821 67
680 0.1 1.2109375 0.0 1.48046875 0.0 0.5068359375 68
690 0.1 1.171875 0.0 1.48046875 0.0 0.5170403079710145 69
700 0.1 1.23046875 0.0 1.48046875 0.0 0.5263950892857143 70
710 0.1 1.19140625 0.0 1.48046875 0.0 0.5363116197183099 71
720 0.1 1.23828125 0.0 1.48046875 0.0 0.54541015625 72
730 0.1 1.3515625 0.0 1.48046875 0.0 0.5549015410958904 73
740 0.1 1.2890625 0.0 1.48046875 0.0 0.5656672297297297 74
750 0.1 1.25 0.0 1.48046875 0.0 0.5753125 75
760 0.1 1.2109375 0.0 1.48046875 0.0 0.5841899671052632 76
770 0.1 1.1015625 0.0 1.48046875 0.0 0.5923295454545454 77
780 0.1 0.9296875 0.0 1.48046875 0.0 0.5988581730769231 78
790 0.1 0.78125 0.0 1.48046875 0.0 0.6030458860759494 79
800 0.1 0.66015625 0.0 1.48046875 0.0 0.6052734375000001 80
810 0.1 0.55859375 0.0 1.48046875 0.0 0.6059510030864198 81
818 0.1 0.46875 0.0 1.48046875 0.0 0.6053734756097562 82
