0 1.6 188.1395 386.6019363544368 1226.046 7.281 0 0
10 4.2 40.952142857142846 56.56686821662249 1226.046 6.882 188.1395 16
20 9.8 47.1660918367347 42.343740860039496 1226.046 6.488 81.55555172413793 58
30 14.5 45.23909655172416 39.11869244964596 1226.046 6.39 59.95191666666666 156
40 19.4 47.88575257731962 43.83978669313534 1226.046 5.592 52.86434551495018 301
50 21.7 45.643847926267306 43.79558050773082 1226.046 5.592 50.91313939393942 495
60 21 40.81398571428573 30.137099886933942 1226.046 5.592 49.3071896067416 712
70 19.7 35.021822335025405 33.09738198679168 1226.046 5.592 47.37272885032541 922
80 19.2 42.05091666666667 38.64578046734928 1226.046 5.592 45.198351206434346 1119
90 23.7 41.5140928270042 38.30034625483598 1226.046 5.592 44.73739969488942 1311
100 28.5 53.171392982456176 44.64097618988539 1226.046 5.592 44.2439089147287 1548
110 33.9 58.522510324483726 51.09768406451772 1226.046 5.592 45.63197926895801 1833
120 34.5 43.75585797101444 34.351970922341465 1226.046 5.592 47.643899171270725 2172
130 31.2 42.09938141025642 34.38126630957679 1226.046 5.592 47.11097338100913 2517
140 30.3 41.986914191419146 41.06835541341135 1226.046 5.501 46.55826334393778 2829
150 28 50.13097142857145 44.040715582441095 1226.046 5.501 46.1160159642401 3132
160 36.1 50.35067867036011 43.968753160380466 1226.046 5.501 46.445496483001165 3412
170 39.3 55.86163104325697 54.22901335849545 1226.046 5.501 46.8191436522661 3773
180 41.6 55.31228605769233 52.514842844505154 1226.046 5.501 47.67216754680748 4166
190 45 55.78612888888891 54.4983538710936 1226.046 5.501 48.365814273243124 4582
200 49.9 63.339689378757555 65.0250957588114 1226.046 5.501 49.02939566772655 5032
210 56 103.94032321428561 108.81432951705997 1226.046 5.501 50.32045272102694 5531
220 65.6 83.99114634146359 74.83875807150932 1226.046 5.501 55.250206041700864 6091
230 65.9 106.09058573596364 105.94206696899475 1226.046 5.501 58.04464161849712 6747
240 70.9 119.67236671368134 118.15501801178918 1226.046 5.248 62.31986132865246 7406
250 74.8 143.44394652406422 148.93002720775084 1226.046 5.248 67.33069636475665 8115
260 78.2 314.5921496163679 301.6224172546812 1235.756 5.248 73.75433521381024 8863
270 86.1 731.493089430894 527.7352691694613 2278.325 5.248 93.28105069984446 9645
280 87.6 867.660181506849 643.7425050932856 2612.035 5.248 145.58455016181225 10506
290 87.9 1385.3601251422074 714.1131418204802 3115.114 5.248 201.15810955895267 11382
300 91.5 1387.199680874318 872.6708375820372 3474.779 5.248 286.05441260908566 12261
310 90.9 1888.3925049504967 944.677066412635 4140.199 5.248 362.52283401639346 13176
320 82.6 3037.687032687651 1405.5578760997141 5801.218 1.02 460.9974900958468 14085
330 95.9 2691.0843618352474 1445.6259723427775 5809.987 0.79 603.7340981154854 14911
340 115.6 2677.87424653979 1888.3843549818737 6275.326 0.757 729.8695047258982 15870
350 153 2065.5359496732035 1959.0614435312991 6275.326 0.757 862.1315440502761 17026
360 184 1762.0365847826067 1875.9734564086086 6275.326 0.74 961.355985772796 18556
370 220.8 1435.2432581521796 1687.2749415529026 6275.326 0.707 1033.5883990978623 20396
380 262.7 1207.2575218880847 1663.6388136128407 6275.326 0.693 1072.8227792426123 22604
390 276.7 1189.4347173834478 1723.1175866098056 6878.78 0.693 1086.8198490745515 25231
400 281.8 1101.585030518095 1624.6562186996466 6878.78 0.691 1096.9611213300952 27998
410 304 1037.08390789474 1520.9829992569225 6878.78 0.691 1097.3839593393043 30816
420 317.6 1039.3111250000009 1449.2776034934413 6878.78 0.691 1091.9694934723536 33856
430 324.7 999.7273005851556 1408.7831525559013 6878.78 0.684 1087.453318859365 37032
440 334.1 941.3396052080215 1386.7534394440086 6878.78 0.684 1080.3814853645822 40279
450 345.6 949.7167152777776 1394.4798134244666 6878.78 0.684 1069.7318081155436 43620
460 362.2 877.805965488681 1245.667732071629 6878.78 0.684 1060.9211156003062 47076
470 360.3 935.4574412989173 1257.8123136295103 6878.78 0.684 1047.8388821058033 50698
480 409.2 740.718288367547 1081.1224994513298 6878.78 0.684 1040.3821072540104 54301
490 418.9 620.1656445452403 973.8476285118585 6878.78 0.684 1019.3825979483845 58393
500 365.7 924.9832220399244 1093.374573658155 6878.78 0.684 992.6605402032538 62582
510 396.9 942.2717838246434 1177.5959998826186 6878.78 0.684 988.9241318558559 66239
520 389.6 1236.8232440965105 1301.2212561794013 6878.78 0.684 986.286780423884 70208
530 424.4 1115.2484538171527 1219.4490149548665 6878.78 0.684 999.4586748218727 74104
540 477.2 1010.1186936295012 1220.0409417120218 6878.78 0.684 1005.730842867719 78348
550 506.7 947.093134793768 1137.092245543097 6878.78 0.684 1005.9827536453323 83120
560 539.5 910.7140391102909 1165.1939754705656 6878.78 0.684 1002.5991064102424 88187
570 574.9 841.4174566011493 1131.654924057572 6878.78 0.684 997.3019345386941 93582
580 559.5 824.4063188561228 1113.178752960975 6878.78 0.684 988.2797776726306 99331
590 608.4 809.4460890861249 1103.235762858713 6878.78 0.684 979.5415049654049 104926
600 622.2 767.2107986178089 1093.7037411546246 6878.78 0.684 970.2192771462036 111010
610 624.7 782.287835280931 1066.5888181208913 6878.78 0.684 959.4447552289482 117232
620 642.4 763.0133723536705 1067.9036786419902 6878.78 0.684 950.4821034507895 123479
630 677.9 729.1395528839035 1038.7167197929941 6878.78 0.684 941.2113465893784 129903
640 712.5 745.6250101052647 1011.3705179310157 6878.78 0.684 930.6932484526127 136682
650 663.8 724.6650965652306 984.4452563479723 6878.78 0.684 921.5239368180967 143807
660 702.9 701.302938682599 991.3351546380995 6878.78 0.684 912.8380450862445 150445
670 652.8 713.7957601102954 993.3767632261776 6878.78 0.684 903.3959767898194 157474
680 671.6 727.968317301966 1073.8305155114783 6878.78 0.684 895.8490553224963 164002
690 670.9 734.8959616932449 989.4982237397228 6878.78 0.684 889.2446724422734 170718
700 693.2 700.04822446624 990.602109519407 6878.78 0.684 883.4083256606943 177427
710 726.9 676.1359960104554 1112.7563920696095 6878.78 0.684 876.5138848062746 184359
720 717.3 674.9188410706809 1261.4044315284375 8448.105 0.684 868.9129764126327 191628
730 631.8 734.2480976574933 1317.2639024770888 8448.105 0.684 861.913414374173 198801
740 542.4 901.7813259586981 1412.2717228989977 8448.105 0.684 857.9811142410017 205119
750 401.7 1153.9565603684275 1534.1972365853658 8448.105 0.684 859.1094934716423 210543
760 255.5 1720.558724461844 1763.922886573439 8448.105 0.684 864.6296308118939 214560
770 189.5 1956.4896960422204 1794.5818017936012 8448.105 0.684 874.7021676438752 217115
780 122.8 1480.516206026055 1821.4165414380136 8448.105 0.684 884.0624131409523 219010
790 70 2011.66621 1913.184481322516 8448.105 0.684 887.3881119652374 220238
800 58.8 490.7668741496601 653.5551028453806 8448.105 0.684 890.950173125492 220938
810 18.7 85.59296256684489 90.40609882054679 8448.105 0.684 889.8879602033168 221526
818 2.7 46.630444444444436 54.3734511192483 8448.105 0.684 889.2095914808782 221713
