10 0.1 235 0 235 235 0 0
20 0.1 658.0 0.0 658 235 235.0 1
30 0.1 1324.0 0.0 1324 235 446.5 2
40 0.1 1907.0 0.0 1907 235 739.0 3
50 0.1 2395.0 0.0 2395 235 1031.0 4
60 0.1 2331.0 0.0 2395 235 1303.8 5
70 0.1 2458.0 0.0 2458 235 1475.0 6
80 0.1 2045.0 0.0 2458 235 1615.4285714285713 7
90 0.1 2291.0 0.0 2458 235 1669.125 8
100 0.1 2774.0 0.0 2774 235 1738.2222222222222 9
110 0.1 3597.0 0.0 3597 235 1841.8 10
120 0.1 3959.0 0.0 3959 235 2001.3636363636363 11
130 0.1 3934.0 0.0 3959 235 2164.5 12
140 0.1 3456.0 0.0 3959 235 2300.6153846153848 13
150 0.1 3052.0 0.0 3959 235 2383.1428571428573 14
160 0.1 3611.0 0.0 3959 235 2427.733333333333 15
170 0.1 4318.0 0.0 4318 235 2501.6875 16
180 0.1 4540.0 0.0 4540 235 2608.529411764706 17
190 0.1 5194.0 0.0 5194 235 2715.8333333333335 18
200 0.1 5166.0 0.0 5194 235 2846.2631578947367 19
210 0.1 6163.0 0.0 6163 235 2962.25 20
220 0.1 7265.0 0.0 7265 235 3114.6666666666665 21
230 0.1 8255.0 0.0 8255 235 3303.318181818182 22
240 0.1 8129.0 0.0 8255 235 3518.608695652174 23
250 0.1 8615.0 0.0 8615 235 3710.7083333333335 24
260 0.1 9374.0 0.0 9374 235 3906.88 25
270 0.1 9945.0 0.0 9945 235 4117.153846153846 26
280 0.1 13025.0 0.0 13025 235 4332.999999999999 27
290 0.1 12525.0 0.0 13025 235 4643.428571428571 28
300 0.1 11372.0 0.0 13025 235 4915.206896551723 29
310 0.1 11519.0 0.0 13025 235 5130.4333333333325 30
320 0.1 11477.0 0.0 13025 235 5336.516129032257 31
330 0.1 10936.0 0.0 13025 235 5528.406249999999 32
340 0.1 11205.0 0.0 13025 235 5692.272727272726 33
350 0.1 13393.0 0.0 13393 235 5854.411764705881 34
360 0.1 14733.0 0.0 14733 235 6069.799999999998 35
370 0.1 17981.0 0.0 17981 235 6310.4444444444425 36
380 0.1 19523.0 0.0 19523 235 6625.864864864863 37
390 0.1 21606.0 0.0 21606 235 6965.263157894736 38
400 0.1 21473.0 0.0 21606 235 7340.666666666665 39
410 0.1 23201.0 0.0 23201 235 7693.9749999999985 40
420 0.1 23966.0 0.0 23966 235 8072.195121951218 41
430 0.1 24796.0 0.0 24796 235 8450.619047619046 42
440 0.1 25531.0 0.0 25531 235 8830.74418604651 43
450 0.1 25552.0 0.0 25552 235 9210.295454545454 44
460 0.1 26905.0 0.0 26905 235 9573.444444444445 45
470 0.1 28751.0 0.0 28751 235 9950.21739130435 46
480 0.1 31005.0 0.0 31005 235 10350.234042553195 47
490 0.1 34560.0 0.0 34560 235 10780.54166666667 48
500 0.1 35249.0 0.0 35249 235 11265.83673469388 49
510 0.1 34341.0 0.0 35249 235 11745.500000000002 50
520 0.1 34127.0 0.0 35249 235 12188.549019607846 51
530 0.1 34690.0 0.0 35249 235 12610.44230769231 52
540 0.1 37540.0 0.0 37540 235 13027.037735849059 53
550 0.1 39051.0 0.0 39051 235 13480.981481481484 54
560 0.1 41304.0 0.0 41304 235 13945.890909090911 55
570 0.1 42645.0 0.0 42645 235 14434.428571428574 56
580 0.1 44068.0 0.0 44068 235 14929.350877192985 57
590 0.1 45718.0 0.0 45718 235 15431.741379310346 58
600 0.1 46252.0 0.0 46252 235 15945.067796610172 59
610 0.1 45879.0 0.0 46252 235 16450.183333333334 60
620 0.1 46939.0 0.0 46939 235 16932.622950819674 61
630 0.1 47853.0 0.0 47853 235 17416.59677419355 62
640 0.1 50947.0 0.0 50947 235 17899.714285714286 63
650 0.1 51037.0 0.0 51037 235 18416.078125 64
660 0.1 51721.0 0.0 51721 235 18917.938461538462 65
670 0.1 52251.0 0.0 52251 235 19414.954545454544 66
680 0.1 49254.0 0.0 52251 235 19905.044776119405 67
690 0.1 48058.0 0.0 52251 235 20336.647058823528 68
700 0.1 50884.0 0.0 52251 235 20738.405797101448 69
710 0.1 50683.0 0.0 52251 235 21169.057142857142 70
720 0.1 50249.0 0.0 52251 235 21584.74647887324 71
730 0.1 46722.0 0.0 52251 235 21982.86111111111 72
740 0.1 43136.0 0.0 52251 235 22321.753424657534 73
750 0.1 36033.0 0.0 52251 235 22603.027027027027 74
760 0.1 26570.0 0.0 52251 235 22782.093333333334 75
770 0.1 17438.0 0.0 52251 235 22831.934210526317 76
780 0.1 13707.0 0.0 52251 235 22761.883116883117 77
790 0.1 8654.0 0.0 52251 235 22645.79487179487 78
800 0.1 6243.0 0.0 52251 235 22468.683544303796 79
810 0.1 3916.0 0.0 52251 235 22265.8625 80
818 0.1 708.0 0.0 52251 235 22039.320987654322 81
