0 1.6 188.1395 386.6019363544368 1226.046 7.281 0 0
10 5.6 30.68023214285714 36.93557820139154 1226.046 6.882 188.1395 16
20 15.3 30.164862745098052 26.567360270439575 1226.046 5.917 65.67118055555555 72
30 22.9 28.710646288209624 27.184352689633133 1226.046 5.644 41.526884444444455 225
40 30.1 30.787594684385354 28.288835476440656 1226.046 5.472 35.0623061674009 454
50 32.6 30.315076687116555 31.203071955750037 1226.046 5.288 33.35808344370861 755
60 32.2 26.596065217391313 20.308981335227745 1226.046 5.288 32.44039592969472 1081
70 27.2 25.279308823529412 22.336044363024108 1226.046 5.288 31.099074126870992 1403
80 28.4 28.385950704225348 25.276749215414917 1226.046 5.141 30.154013731343287 1675
90 35.2 27.91146022727272 24.448705202600106 1226.046 5.141 29.897694231750897 1959
100 44.8 33.98104464285715 30.179193451777223 1226.046 5.141 29.59516096927737 2311
110 52.2 37.86230268199233 35.502276737530934 1226.046 5.047 30.307330554548752 2759
120 52.6 28.586716730038017 25.12824102497252 1226.046 5.047 31.50931027125876 3281
130 46 28.549319565217402 23.237331849569316 1226.046 5.047 31.10550564749146 3807
140 42.2 30.076120853080564 27.699488627152906 1226.046 4.949 30.8299383641903 4267
150 43.6 32.15164220183492 29.5200487794446 1226.046 4.949 30.762096395820006 4689
160 54.5 33.30950458715594 30.70746878375072 1226.046 4.898 30.880309463414637 5125
170 59.6 36.790087248322166 37.57090372433872 1226.046 4.898 31.113803527336863 5670
180 62.4 37.06827083333335 36.96529856221423 1226.046 4.898 31.653711777848713 6266
190 65.9 37.83045675265555 36.52204981290681 1226.046 4.898 32.144086937590714 6890
200 74.4 42.594798387096766 42.542769236042695 1226.046 4.898 32.640486157106906 7549
210 85.4 68.53870140515198 72.44536817168004 1226.046 4.855 33.53352948269625 8293
220 100.7 54.22111717974173 52.35018941311533 1226.046 4.855 36.80175040997046 9147
230 98.8 70.69855263157889 70.24109591046175 1226.046 4.855 38.52927673823121 10154
240 103.6 81.86791891891883 85.70953121852897 1226.046 4.855 41.38183862861243 11142
250 110.3 97.3068331822305 107.41273983805203 1226.046 4.855 44.82604779109867 12178
260 120.3 212.62983208645056 177.0572930878808 1226.046 4.855 49.184628190648276 13281
270 132.3 482.1396999244143 349.5593328004022 1273.396 4.855 62.75992370892018 14484
280 134.9 574.4934974054844 449.4982611269109 1534.88 4.855 97.86079319288922 15807
290 134.2 915.86403800298 385.20429581597887 1834.819 4.855 135.33908172068072 17156
300 139.8 921.218439914164 584.5694068924258 1945.455 4.855 191.9649056654772 18498
310 133.5 1349.3334928838963 488.94514370682384 2335.186 4.855 243.20618234821063 19896
320 120.8 2129.6086026490098 568.256487047717 3184.112 0.306 312.75919254863175 21231
330 142.5 1814.7707235087755 732.3713090081608 3387.065 0.306 410.56899188912183 22439
340 175.8 1765.8949482366324 1049.9410581727716 3599.864 0.306 494.41861758297057 23864
350 233.1 1348.4946066066077 1213.457803865064 3599.864 0.299 581.658309616736 25622
360 281.4 1142.1290959488274 1181.564755767527 3599.864 0.299 645.6047700425719 27953
370 335 947.3743250746274 1082.2986816615369 3599.864 0.299 691.0176947053666 30767
380 396 802.0415469696962 1119.2315629072664 3599.864 0.292 716.1897412433689 34117
390 416 791.8758411057715 1173.8070602196935 4009.574 0.292 725.1183110013923 38077
400 423.2 719.9087693761809 1093.6216385543746 4009.574 0.292 731.6933832185057 42237
410 457.9 693.0434559947582 1052.5651892752778 4009.574 0.292 730.6201411478626 46469
420 476.1 690.7867592942669 1004.627701838299 4009.574 0.292 727.2495166118168 51048
430 487.6 660.628177809681 974.888657361811 4009.574 0.292 724.1389217688909 55809
440 499.8 631.0283903561447 963.5611177745045 4009.574 0.292 719.0358750926923 60685
450 521.4 629.6310140007655 975.7800421752222 4009.574 0.292 712.3391436901488 65683
460 543.2 580.9950244845332 882.1169663938724 4009.574 0.292 706.2565141261272 70897
470 535.9 629.7519598805741 920.8961955170249 4009.574 0.292 697.3422035530405 76329
480 618.3 479.1610373605045 743.7024368199508 4009.574 0.291 692.9080624816377 81688
490 627.7 416.16101927672446 691.661423268827 4009.574 0.284 677.8678574501259 87871
500 547.9 630.6952292389108 803.6438995556006 4009.574 0.284 660.419437693844 94148
510 589 633.15508590832 852.4472450436499 4009.574 0.284 658.7847509309727 99627
520 587.8 822.3843604967684 947.8757141052251 4009.574 0.284 657.3540930560954 105517
530 643.4 733.9805700963637 878.761912488049 4009.574 0.284 666.0622748597335 111395
540 721.3 667.8313091640066 901.6739691503025 4009.574 0.284 669.7709230834515 117829
550 758.6 627.7539377801262 833.7919828001847 4009.574 0.284 669.6590371955023 125042
560 809.3 606.8742174718908 864.1457566371138 4009.574 0.284 667.2621671215734 132628
570 865.2 558.5917447988888 846.8257791235355 4009.574 0.284 663.7891980798889 140721
580 845.4 545.2048006860712 829.0585235203049 4009.574 0.284 657.6959391523236 149373
590 915.4 536.0562518024925 839.0118156264482 4009.574 0.284 651.670353640379 157827
600 929.2 514.6987419285399 835.2789236478761 4009.574 0.284 645.3323182457891 166981
610 931.1 520.5808090430659 810.7801289460207 4009.574 0.284 638.4461406057655 176273
620 960.1 512.2133890219759 829.0119758541035 4009.574 0.284 632.5326776877323 185584
630 1023.5 478.64877977528306 796.8105742508703 4009.574 0.284 626.6142644363046 195185
640 1080.1 493.06892704379146 784.4592418556854 4009.574 0.284 619.2419212588849 205420
650 1004.4 466.34306959378756 766.2449315943443 4009.574 0.284 612.9391360968644 216221
660 1054.8 465.3037185248395 781.2301069799256 4009.574 0.284 606.4316740856966 226265
670 968.7 479.1653137194182 781.0262624392301 4009.574 0.284 600.1456269714928 236813
680 993.3 488.2550334239408 835.794002925568 4171.642 0.284 595.3913215172419 246500
690 1002.3 493.42081332934026 790.1304461281001 4171.642 0.284 591.2413690944619 256433
700 1043.2 462.73367580521557 769.261927571392 4171.642 0.284 587.5617543346748 266456
710 1097.1 448.4202224956714 849.3365150570934 4171.642 0.284 582.8587462042418 276888
720 1100.1 446.3240249068264 940.512186798178 4951.969 0.284 577.7349701763715 287859
730 967.6 477.6036322860706 957.371681658945 4951.969 0.284 572.8977493742893 298860
740 831.7 588.7830669712642 995.1562235576629 4951.969 0.284 569.9092297949028 308536
750 594.5 781.3966142977276 1112.2038653157672 4951.969 0.284 570.4046447153731 316853
760 366 1211.0089213114811 1280.738489135274 4951.969 0.284 574.2905029275278 322798
770 258.1 1383.194340565668 1213.492304657156 4951.969 0.284 581.4289079023952 326458
780 166.8 1045.1029376498793 1412.582458485697 4951.969 0.284 587.7180000212744 329039
790 91.8 1501.0125446623101 1556.8501085102853 4951.969 0.284 590.024930554842 330707
800 73.5 376.0621646258503 503.3822297976331 4951.969 0.284 592.54671458726 331625
810 22.3 71.70532286995515 85.0847182589516 4951.969 0.284 592.0679682151887 332360
818 2.7 46.630444444444436 54.3734511192483 4951.969 0.284 591.719060213541 332583
