10 0.1 186 0 186 186 0 0
20 0.1 388.0 0.0 388 186 186.0 1
30 0.1 665.0 0.0 665 186 287.0 2
40 0.1 956.0 0.0 956 186 413.0 3
50 0.1 1199.0 0.0 1199 186 548.75 4
60 0.1 1220.0 0.0 1220 186 678.8 5
70 0.1 1273.0 0.0 1273 186 769.0 6
80 0.1 1153.0 0.0 1273 186 841.0 7
90 0.1 1218.0 0.0 1273 186 880.0 8
100 0.1 1403.0 0.0 1403 186 917.5555555555555 9
110 0.1 1763.0 0.0 1763 186 966.1 10
120 0.1 1833.0 0.0 1833 186 1038.5454545454545 11
130 0.1 1944.0 0.0 1944 186 1104.75 12
140 0.1 1739.0 0.0 1944 186 1169.3076923076924 13
150 0.1 1663.0 0.0 1944 186 1210.0 14
160 0.1 1735.0 0.0 1944 186 1240.2 15
170 0.1 2049.0 0.0 2049 186 1271.125 16
180 0.1 2291.0 0.0 2291 186 1316.8823529411766 17
190 0.1 2611.0 0.0 2611 186 1371.0 18
200 0.1 2685.0 0.0 2685 186 1436.2631578947369 19
210 0.1 3145.0 0.0 3145 186 1498.7 20
220 0.1 3615.0 0.0 3615 186 1577.095238095238 21
230 0.1 3998.0 0.0 3998 186 1669.7272727272727 22
240 0.1 4007.0 0.0 4007 186 1770.9565217391305 23
250 0.1 4368.0 0.0 4368 186 1864.125 24
260 0.1 4785.0 0.0 4785 186 1964.28 25
270 0.1 5019.0 0.0 5019 186 2072.769230769231 26
280 0.1 7229.0 0.0 7229 186 2181.888888888889 27
290 0.1 7592.0 0.0 7592 186 2362.1428571428573 28
300 0.1 5896.0 0.0 7592 186 2542.4827586206898 29
310 0.1 5775.0 0.0 7592 186 2654.266666666667 30
320 0.1 6024.0 0.0 7592 186 2754.935483870968 31
330 0.1 6361.0 0.0 7592 186 2857.09375 32
340 0.1 6274.0 0.0 7592 186 2963.2727272727275 33
350 0.1 7620.0 0.0 7620 186 3060.6470588235293 34
360 0.1 9617.0 0.0 9617 186 3190.9142857142856 35
370 0.1 12444.0 0.0 12444 186 3369.4166666666665 36
380 0.1 13812.0 0.0 13812 186 3614.675675675676 37
390 0.1 16376.0 0.0 16376 186 3883.0263157894738 38
400 0.1 17121.0 0.0 17121 186 4203.358974358975 39
410 0.1 1.81e4 0.0 18100 186 4526.3 40
420 0.1 18870.0 0.0 18870 186 4857.365853658536 41
430 0.1 19383.0 0.0 19383 186 5191.0 42
440 0.1 20065.0 0.0 20065 186 5521.046511627907 43
450 0.1 20278.0 0.0 20278 186 5851.59090909091 44
460 0.1 21291.0 0.0 21291 186 6172.177777777778 45
470 0.1 22453.0 0.0 22453 186 6500.847826086957 46
480 0.1 22691.0 0.0 22691 186 6840.255319148936 47
490 0.1 24818.0 0.0 24818 186 7170.479166666667 48
500 0.1 25511.0 0.0 25511 186 7530.632653061224 49
510 0.1 24337.0 0.0 25511 186 7890.24 50
520 0.1 24576.0 0.0 25511 186 8212.725490196079 51
530 0.1 24802.0 0.0 25511 186 8527.403846153846 52
540 0.1 26634.0 0.0 26634 186 8834.471698113208 53
550 0.1 28977.0 0.0 28977 186 9164.092592592593 54
560 0.1 30582.0 0.0 30582 186 9524.327272727272 55
570 0.1 32121.0 0.0 32121 186 9900.357142857143 56
580 0.1 33659.0 0.0 33659 186 10290.192982456141 57
590 0.1 34914.0 0.0 34914 186 10693.103448275862 58
600 0.1 35875.0 0.0 35875 186 11103.627118644068 59
610 0.1 36230.0 0.0 36230 186 11516.483333333334 60
620 0.1 36287.0 0.0 36287 186 11921.622950819672 61
630 0.1 37758.0 0.0 37758 186 12314.612903225807 62
640 0.1 40017.0 0.0 40017 186 12718.47619047619 63
650 0.1 41104.0 0.0 41104 186 13145.015625 64
660 0.1 41555.0 0.0 41555 186 13575.153846153846 65
670 0.1 41188.0 0.0 41555 186 13999.09090909091 66
680 0.1 39656.0 0.0 41555 186 14404.89552238806 67
690 0.1 38385.0 0.0 41555 186 14776.235294117647 68
700 0.1 39760.0 0.0 41555 186 15118.391304347826 69
710 0.1 40910.0 0.0 41555 186 15470.414285714285 70
720 0.1 41928.0 0.0 41928 186 15828.718309859154 71
730 0.1 39497.0 0.0 41928 186 16191.208333333334 72
740 0.1 36019.0 0.0 41928 186 16510.465753424658 73
750 0.1 28750.0 0.0 41928 186 16774.094594594593 74
760 0.1 19936.0 0.0 41928 186 16933.773333333334 75
770 0.1 12502.0 0.0 41928 186 16973.276315789473 76
780 0.1 9302.0 0.0 41928 186 16915.20779220779 77
790 0.1 5315.0 0.0 41928 186 16817.602564102563 78
800 0.1 3298.0 0.0 41928 186 16672.0 79
810 0.1 2082.0 0.0 41928 186 16504.825 80
818 0.1 428.0 0.0 41928 186 16326.765432098766 81
