30 0.1 36229.524 0 36229.524 36229.524 0 0
40 0.5 42351.24319999999 3108.6938060462903 46100.939 36229.524 36229.524 1
50 1 45496.3343 2911.127009659525 51447.612 36229.524 41330.95666666666 6
60 0.8 48179.655875 6860.55438693389 63816.988 36229.524 43934.31768749999 16
70 1.2 48496.46825 6489.446848235631 63816.988 34256.307 45349.43041666666 24
80 1.1 51288.73581818181 11311.349411615314 78841.735 34256.307 46398.44302777777 36
90 1 55065.8196 11850.678818656013 78841.735 34256.307 47542.97963829786 47
100 0.5 45361.7028 6280.6409722717135 78841.735 34256.307 48862.77612280701 57
110 1.3 47361.17392307691 4171.706872769938 78841.735 34256.307 48580.43149999999 62
120 1.7 47328.8825882353 7446.52895251529 78841.735 34256.307 48369.093519999995 75
130 1.6 50744.6365 8104.234286001754 78841.735 34256.307 48176.880630434775 92
140 2.9 51782.05472413795 11502.756512447437 82514.231 31657.807 48557.288907407405 108
150 0.6 49755.00066666667 6994.938529317361 82514.231 31657.807 49239.90356934307 137
160 1.1 55165.07281818182 17702.118595990847 83571.761 31657.807 49261.51603496504 143
170 1.8 49281.91611111111 10556.41536825344 83571.761 31657.807 49683.198662337665 154
180 1.7 49010.93488235295 6443.972940855397 83571.761 31657.807 49641.20397674419 172
190 2.2 47695.785954545456 8605.232017567507 83571.761 31657.807 49584.513105820115 189
200 1.9 47777.46173684211 8335.510007403838 83571.761 31657.807 49387.58420853081 211
210 2.2 47514.95945454543 9437.10445209373 83571.761 31657.807 49254.574091304356 230
220 1.9 46736.06010526316 4911.636906828899 83571.761 31657.807 49102.70297222222 252
230 3.1 47658.60041935485 4882.88460518201 83571.761 31657.807 48936.77598154982 271
240 3.5 50098.46057142857 9275.186906563024 83571.761 31657.807 48805.57252980133 302
250 3.6 48837.06472222222 7851.913132339393 83571.761 31657.807 48939.84873590505 337
260 2.7 52878.6278888889 6674.141586677042 83571.761 31657.807 48929.928563002686 373
270 2.4 56949.436333333346 13295.720592828044 102622.596 31657.807 49196.46576750001 400
280 2.5 58657.54684 12361.924877515634 102622.596 31657.807 49635.31315801888 424
290 3.4 61119.18282352941 11077.059861181728 102622.596 31657.807 50137.66469933186 449
300 2.5 63503.571760000006 9195.653501152654 102622.596 31657.807 50910.69081987578 483
310 2.8 68002.39199999998 7353.320657097215 102622.596 31657.807 51530.41921259843 508
320 4.6 73660.04319565216 8652.767465848447 102622.596 31657.807 52390.89540298508 536
330 2.8 80231.22303571427 13205.071190518425 117831.599 31657.807 54071.96206701031 582
340 2.8 80307.15974999999 5982.750923811129 117831.599 31657.807 55272.715029508196 610
350 3.7 86127.89637837841 8690.020345755589 117831.599 31657.807 56371.40539341692 638
360 5 88515.3127 8058.669167437795 117831.599 31657.807 58002.50193629629 675
370 5.5 88290.60949090912 12322.311556731107 122355.39 31657.807 60106.83371310344 725
380 8.8 83172.30037499999 14406.40874953678 127600.982 31657.807 62094.15123589743 780
390 13.3 83083.74379699248 14772.985146685964 136342.339 31657.807 64231.10644815667 868
400 12.7 80333.68906299217 14050.056788919108 136342.339 31657.807 66736.00231968031 1001
410 15.3 76319.47518300648 15124.093792533877 136342.339 31657.807 68266.9475469858 1128
420 13.9 70468.55926618702 15029.333649753344 136342.339 31657.807 69228.72485245901 1281
430 14.9 70482.2675704698 15674.597473830854 136342.339 31657.807 69350.0889253521 1420
440 15.7 70037.6960955414 15058.724951806505 136342.339 31657.807 69457.60620905034 1569
450 16.2 68818.48816049383 13770.266446833208 136342.339 31657.807 69510.3722068366 1726
460 16.5 69035.34364848486 15164.84229240339 136342.339 31657.807 69451.00503760592 1888
470 18.7 67691.11890909083 15548.247677080946 136342.339 31657.807 69417.59825280076 2053
480 17.8 66630.11532022464 15511.855573000637 136342.339 31657.807 69273.46805758926 2240
490 19.7 65235.213538071075 14680.998854758704 136342.339 31657.807 69078.87881555001 2418
500 17.3 65061.92800578038 13991.735972354643 136342.339 31657.807 68789.31779847034 2615
510 19.4 65060.447087628876 15372.430329961404 141024.261 31657.807 68558.02711190816 2788
520 17.2 66094.46720930233 13767.18574394084 141024.261 31657.807 68330.48501777329 2982
530 17.4 66740.41601149431 14102.15221365484 141024.261 31657.807 68208.54618991756 3154
540 18.2 68206.93920329667 13224.308494718827 141024.261 31657.807 68131.78697986779 3328
550 21.3 69051.09744131456 13921.35750474115 141024.261 31657.807 68135.68376182337 3510
560 23.4 67992.44705982917 13176.393042036829 141024.261 31657.807 68188.05634139136 3723
570 26.7 68209.60291011241 13907.344796060093 141024.261 31657.807 68176.48884786456 3957
580 25.5 70134.33103529409 15105.779171555796 141024.261 31657.807 68178.58199526517 4224
590 28.4 67324.35913380282 14998.977733663733 141024.261 31657.807 68289.92738602367 4479
600 31.3 66208.63384345053 14349.134977618563 141024.261 31657.807 68232.35413730843 4763
610 30.2 64176.05483443707 12638.686604655459 141024.261 31657.807 68107.56602620175 5076
620 30.8 64377.40203246754 13228.844345888518 141024.261 31657.807 67886.79317757531 5378
630 30.4 65409.47556249996 13514.31431011104 141024.261 31657.807 67696.69601389377 5686
640 31.8 65334.228827044055 14991.235355443927 155921.298 31657.807 67580.61671218697 5990
650 29.7 63679.126956228945 12101.236963449624 155921.298 31657.807 67467.37141296765 6308
660 35.3 63507.60784135973 11387.180547442227 155921.298 31657.807 67297.02945934897 6605
670 36.1 62569.40183102491 11336.009948858098 155921.298 31657.807 67104.78084895083 6958
680 39.2 63941.811339285756 12787.558414994559 155921.298 31657.807 66881.07927421777 7319
690 33.3 64154.21694294297 11327.408892052783 155921.298 31657.807 66731.65727571001 7711
700 31.8 64371.46166352196 11440.456915643834 155921.298 31657.807 66624.95816695671 8044
710 31.5 62989.27236507943 12477.921485149032 155921.298 31657.807 66539.25954364982 8362
720 35.8 62072.541407821176 12489.20223920336 155921.298 31657.807 66410.3848218278 8677
730 35.2 62291.49203977275 12483.141826436065 155921.298 31657.807 66238.50347791919 9035
740 33 63955.97155151515 12748.455825720412 155921.298 31657.807 66090.49580494298 9387
750 32.7 63928.86841284405 11564.381812300899 155921.298 31657.807 66018.00501523101 9717
760 26.6 66304.86799624054 12642.630936083317 155921.298 31657.807 65949.98951652726 10044
770 30.2 69340.06448675497 12087.526283319567 155921.298 31657.807 65959.14545014546 10310
780 18.9 77414.06481481482 10702.980023254857 155921.298 31657.807 66055.3608241613 10612
790 11.4 86777.0330087719 9992.473515384621 155921.298 31657.807 66254.11974039438 10801
800 10.9 93697.11591743119 8980.733660685462 155921.298 31657.807 66468.46807869902 10915
810 5 103511.62084 9774.31134890725 155921.298 31657.807 66737.69182819301 11024
818 1.3 108801.4286153846 6120.723573975235 155921.298 31657.807 66903.72907314428 11074
