0 143.01484375 143.01484375
10 422.43515625 565.45
20 987.0890625 1552.5390625
30 1368.640625 2921.1796875
40 1755.81875 4676.9984375
50 1774.52890625 6451.52734375
60 1896.1875 8347.71484375
70 1502.21953125 9849.934375
80 1685.72109375 11535.65546875
90 2017.88203125 13553.5375
100 2602.034375 16155.571875
110 2936.2421875 19091.8140625
120 2991.95546875 22083.76953125
130 2553.67265625 24637.4421875
140 2323.1921875 26960.634375
150 2557.621875 29518.25625
160 3126.4328125 32644.6890625
170 3362.784375 36007.4734375
180 3709.6578125 39717.13125
190 3774.525 43491.65625
200 4188.809375 47680.465625
210 5044.47578125 52724.94140625
220 5828.61640625 58553.5578125
230 5537.5546875 64091.1125
240 5994.4875 70085.6
250 6372.1453125 76457.7453125
260 7011.7515625 83469.496875
270 7677.4703125 91146.9671875
280 7760.7765625 98907.74375
290 7723.19375 106630.9375
300 8190.046875 114820.984375
310 7697.7359375 122518.7203125
320 7053.45234375 129572.17265625
330 7548.66015625 137120.8328125
340 8284.58984375 145405.42265625
350 7712.51953125 153117.9421875
360 8707.74140625 161825.68359375
370 9144.2671875 170969.95078125
380 8451.28828125 179421.2390625
390 8220.496875 187641.7359375
400 8421.97421875 196063.71015625
410 8636.7140625 204700.42421875
420 9416.1609375 214116.58515625
430 9821.37890625 223937.9640625
440 9397.35546875 233335.31953125
450 9453.809375 242789.12890625
460 10210.61796875 252999.746875
470 13181.15625 266180.903125
480 15008.1828125 281189.0859375
490 14928.97265625 296118.05859375
500 14404.25 310522.30859375
510 15185.71171875 325708.0203125
520 15224.3328125 340932.353125
530 15606.19921875 356538.55234375
540 15415.41015625 371953.9625
550 16625.8765625 388579.8390625
560 16136.2953125 404716.134375
570 16106.6765625 420822.8109375
580 15549.2171875 436372.028125
590 16421.2359375 452793.2640625
600 15397.0921875 468190.35625
610 16681.771875 484872.128125
620 16446.05078125 501318.17890625
630 16966.953125 518285.13203125
640 18281.828125 536566.96015625
650 15640.121875 552207.08203125
660 16672.44453125 568879.5265625
670 15982.884375 584862.4109375
680 15459.3390625 600321.75
690 17044.1765625 617365.9265625
700 17008.96796875 634374.89453125
710 14916.74765625 649291.6421875
720 12408.2328125 661699.875
730 11001.1359375 672701.0109375
740 12714.54921875 685415.56015625
750 10279.48125 695695.04140625
760 8734.95 704429.99140625
770 7754.88828125 712184.8796875
780 6117.1625 718302.0421875
790 4367.5734375 722669.615625
800 3319.20625 725988.821875
810 966.125 726954.946875
818 65.5015625 727020.4484375
