0 4.20625 4.20625
10 28.0296875 32.2359375
20 91.72421875 123.96015625
30 140.3359375 264.29609375
40 186.3859375 450.68203125
50 203.21171875 653.89375
60 194.60703125 848.50078125
70 162.1609375 1010.66171875
80 172.440625 1183.10234375
90 213.38125 1396.48359375
100 276.3671875 1672.85078125
110 330.45078125 2003.3015625
120 318.67578125 2321.97734375
130 283.7578125 2605.73515625
140 258.85 2864.58515625
150 268.92890625 3133.5140625
160 333.89296875 3467.40703125
170 370.4890625 3837.89609375
180 375.5140625 4213.41015625
190 398.45703125 4611.8671875
200 459.225 5071.0921875
210 524.73125 5595.8234375
220 615.0015625 6210.825
230 607.78359375 6818.60859375
240 626.65078125 7445.259375
250 677.67109375 8122.93046875
260 753.1109375 8876.04140625
270 830.40546875 9706.446875
280 869.6875 10576.134375
290 811.9203125 11388.0546875
300 871.04609375 12259.10078125
310 841.37109375 13100.471875
320 729.0453125 13829.5171875
330 859.87265625 14689.38984375
340 982.48671875 15671.8765625
350 1200.08359375 16871.96015625
360 1356.66171875 18228.621875
370 1574.05234375 19802.67421875
380 1796.040625 21598.71484375
390 1855.025 23453.73984375
400 1842.0328125 25295.77265625
410 1988.99921875 27284.771875
420 2051.6078125 29336.3796875
430 2114.31953125 31450.69921875
440 2159.40625 33610.10546875
450 2223.6328125 35833.73828125
460 2318.81953125 38152.5578125
470 2352.37734375 40504.93515625
480 2641.30078125 43146.2359375
490 2798.64765625 45944.88359375
500 2467.95546875 48412.8390625
510 2650.40546875 51063.24453125
520 2602.67421875 53665.91875
530 2841.90703125 56507.82578125
540 3101.140625 59608.96640625
550 3228.07578125 62837.0421875
560 3454.1484375 66291.190625
570 3652.6671875 69943.8578125
580 3524.39296875 73468.25078125
590 3808.72421875 77276.975
600 3861.728125 81138.703125
610 3830.72109375 84969.42421875
620 3966.8734375 88936.29765625
630 4204.525 93140.82265625
640 4466.55703125 97607.3796875
650 4059.8171875 101667.196875
660 4290.2125 105957.409375
670 3958.17734375 109915.58671875
680 4091.69375 114007.28046875
690 4063.6421875 118070.92265625
700 4225.39921875 122296.321875
710 4461.209375 126757.53125
720 4520.95625 131278.4875
730 3999.32734375 135277.81484375
740 3506.5546875 138784.36953125
750 2615.21875 141399.58828125
760 1735.19921875 143134.7875
770 1233.9453125 144368.7328125
780 913.05390625 145281.78671875
790 509.2578125 145791.04453125
800 441.1515625 146232.19609375
810 143.553125 146375.74921875
818 18.4140625 146394.16328125
