0 1.1 11
10 1.7 28
20 1.1 39
30 0.9 48
40 0.6 54
50 0.6 60
60 1.5 75
70 2 95
80 1.8 113
90 2.1 134
100 1.3 147
110 0.3 150
120 2.1 171
130 1.5 186
140 2 206
150 1.7 223
160 2.2 245
170 2 265
180 4.1 306
190 3.3 339
200 3.6 375
210 4.4 419
220 3.2 451
230 3.5 486
240 5.9 545
250 6.8 613
260 5.5 668
270 6.3 731
280 5.1 782
290 5.9 841
300 8 921
310 10.9 1030
320 9.3 1123
330 10.9 1232
340 8.7 1319
350 11.9 1438
360 13.2 1570
370 17.4 1744
380 15.2 1896
390 13.2 2028
400 17.6 2204
410 15 2354
420 17.9 2533
430 17.6 2709
440 18.4 2893
450 17.3 3066
460 22.3 3289
470 20.7 3496
480 21.3 3709
490 24 3949
500 25.3 4202
510 26.1 4463
520 21.9 4682
530 21.7 4899
540 32.3 5222
550 31.3 5535
560 28.7 5822
570 31 6132
580 30.5 6437
590 29.9 6736
600 34.4 7080
610 37.1 7451
620 37.2 7823
630 35.4 8177
640 32.1 8498
650 27.5 8773
660 34.4 9117
670 36.6 9483
680 38.8 9871
690 40.6 10277
700 36.6 10643
710 37.6 11019
720 6.8 11087
730 0 11087
740 0 11087
750 0 11087
760 0 11087
770 0 11087
780 0 11087
790 0 11087
800 0 11087
810 0 11087
818 0 11087
