0 11 11
10 28 28
20 39 39
30 47 47
40 48 51
50 44 51
60 51 51
70 59 59
80 66 66
90 77 78
100 85 86
110 75 87
120 79 87
130 78 87
140 69 87
150 80 87
160 91 92
170 93 95
180 117 117
190 128 128
200 145 145
210 167 167
220 180 181
230 184 193
240 208 210
250 240 240
260 268 268
270 307 307
280 333 333
290 358 358
300 413 413
310 494 494
320 541 541
330 622 622
340 681 682
350 763 765
360 845 845
370 964 964
380 1028 1028
390 1027 1045
400 1076 1079
410 1073 1079
420 1113 1113
430 1140 1142
440 1167 1171
450 1178 1181
460 1236 1236
470 1256 1265
480 1291 1292
490 1334 1336
500 1414 1414
510 1481 1481
520 1528 1528
530 1571 1571
540 1712 1713
550 1812 1814
560 1865 1866
570 1908 1916
580 1958 1959
590 1973 1984
600 2004 2025
610 2073 2074
620 2137 2141
630 2187 2198
640 2190 2219
650 2168 2219
660 2159 2219
670 2164 2219
680 2160 2219
690 2233 2240
700 2281 2287
710 2342 2355
720 2052 2355
730 1700 2355
740 1370 2355
750 1043 2355
760 777 2355
770 475 2355
780 286 2355
790 172 2355
800 63 2355
810 13 2355
818 0 2355
