0 1.1 11
10 1.2 23
20 1.9 42
30 1.7 59
40 1.8 77
50 2.8 105
60 2.1 126
70 3.1 157
80 2.5 182
90 3.8 220
100 3 250
110 2.8 278
120 3.1 309
130 5.6 365
140 4.5 410
150 3.8 448
160 4.3 491
170 3.5 526
180 2.4 550
190 6.7 617
200 6.4 681
210 6.5 746
220 8.6 832
230 6.1 893
240 9.9 992
250 10.6 1098
260 10.9 1207
270 12.3 1330
280 10.2 1432
290 10.6 1538
300 12.6 1664
310 17 1834
320 19.7 2031
330 18.7 2218
340 17.8 2396
350 20.9 2605
360 21.7 2822
370 28.9 3111
380 31.8 3429
390 30.6 3735
400 33.6 4071
410 28.7 4358
420 35.3 4711
430 36.8 5079
440 35.7 5436
450 42.5 5861
460 39.5 6256
470 39.2 6648
480 38.9 7037
490 46.7 7504
500 48.8 7992
510 45.8 8450
520 54.7 8997
530 50.9 9506
540 56.9 10075
