10 0.5 5
20 0.4 9
30 0.9 18
40 0.9 27
50 1 37
60 1.2 49
70 1.2 61
80 1.2 73
90 1.4 87
100 2.2 109
110 1.2 121
120 1.6 137
130 0.8 145
140 2.8 173
150 2.4 197
160 1.6 213
170 2.8 241
180 1.8 259
190 1.7 276
200 2.4 300
210 3.5 335
220 3.5 370
230 3.5 405
240 2.9 434
250 4.8 482
260 5.4 536
270 5.5 591
280 6.4 655
290 4.8 703
300 5.7 760
310 5.4 814
320 7.3 887
330 9.9 986
340 9.4 1080
350 9 1170
360 10.5 1275
370 11 1385
380 13.3 1518
390 17 1688
400 13.4 1822
410 16.7 1989
420 14.7 2136
430 17.2 2308
440 17.4 2482
450 19.1 2673
460 20 2873
470 18.7 3060
480 19.4 3254
490 18.6 3440
500 25.3 3693
510 24.3 3936
520 22.3 4159
530 28.2 4441
540 25.3 4694
