0 6 6
10 12 6
20 17 5
30 17 0
40 17 0
50 21 4
60 19 -2
70 26 7
80 27 1
90 30 3
100 24 -6
110 25 1
120 30 5
130 51 21
140 45 -6
150 39 -6
160 42 3
170 28 -14
180 22 -6
190 48 26
200 55 7
210 54 -1
220 60 6
230 62 2
240 87 25
250 94 7
260 96 2
270 100 4
280 92 -8
290 94 2
300 108 14
310 150 42
320 172 22
330 170 -2
340 165 -5
350 180 15
360 199 19
370 240 41
380 269 29
390 257 -12
400 293 36
410 269 -24
420 309 40
430 324 15
440 333 9
450 355 22
460 362 7
470 372 10
480 386 14
490 433 47
500 422 -11
510 410 -12
520 470 60
530 449 -21
540 497 48
