0 0.6 5.182666666666665 8.91906158491775 25.125 1.092 0 0
10 1.1 1.1243636363636365 0.06025140168459713 25.125 1.041 5.182666666666665 6
20 0.9 1.2326666666666666 0.09831129696586816 25.125 1.041 2.5567058823529405 17
30 0.9 1.3266666666666667 0.3384661479872593 25.125 1.041 2.098384615384615 26
40 0.9 1.1298888888888887 0.08277740492086051 25.125 0.946 1.899942857142857 35
50 1.4 1.1559999999999995 0.08563543992663658 25.125 0.934 1.742431818181818 44
60 1 2.0538999999999996 2.8590870728258704 25.125 0.934 1.6008793103448273 58
70 1.9 1.0836842105263154 0.12225170438229785 25.125 0.782 1.6674999999999998 68
80 1.3 1.1966153846153849 0.23700001248345898 25.125 0.782 1.5399999999999998 87
90 1.7 1.1381176470588241 0.09300150685239794 25.125 0.782 1.49536 100
100 1.6 1.0719999999999996 0.0942523209263305 25.125 0.782 1.4434529914529917 117
110 1.3 1.0696153846153846 0.19898223286033062 25.125 0.765 1.398766917293233 133
120 2.1 1.5651428571428565 2.016228097586332 25.125 0.765 1.369458904109589 146
130 2.9 1.0875862068965518 0.13164568886202538 25.125 0.765 1.394065868263473 167
140 2.2 1.1365 0.10636077113467923 25.125 0.765 1.348719387755102 196
150 1.8 1.352666666666667 0.42185805933065007 25.125 0.765 1.3273027522935779 218
160 1.9 1.146105263157895 0.12199607186809969 25.125 0.765 1.3292372881355932 236
170 1.4 1.1439285714285714 0.08626161560352673 25.125 0.765 1.315592156862745 255
180 1.2 2.0825833333333335 3.076530173705797 25.125 0.765 1.3066579925650557 269
190 4.3 1.1375813953488372 0.11913588734662184 25.125 0.765 1.3397935943060497 281
200 3.1 1.1322903225806449 0.12116030265151054 25.125 0.765 1.3129567901234567 324
210 3.4 1.173911764705883 0.20572388228872376 25.125 0.765 1.2971802816901408 355
220 4.1 1.0225365853658532 0.12337630273332534 25.125 0.736 1.2864061696658098 389
230 3.7 1.0591621621621623 0.177302537826308 25.125 0.736 1.261246511627907 430
240 5.4 1.1285370370370373 0.7459115157771723 25.125 0.736 1.2452355460385438 467
250 5.6 1.0465714285714287 0.1775700925130751 25.125 0.736 1.2331401151631478 521
260 5.6 1.0261428571428568 0.198681136189501 25.125 0.736 1.2150329289428077 577
270 5.9 1.0850677966101696 0.18185837891032364 25.125 0.736 1.1983222748815165 633
280 5.6 1.0318571428571426 0.09687628866818984 25.125 0.736 1.1886661849710982 692
290 5 0.95658 0.12704630494429972 25.125 0.732 1.1769264705882354 748
300 7.1 1.3850281690140847 2.2394824161319624 25.125 0.732 1.1631203007518798 798
310 9.6 0.9709375000000008 0.23711257050976858 25.125 0.731 1.1812508630609897 869
320 9.6 1.1990937500000003 1.1660595957301114 25.125 0.731 1.1603284974093264 965
330 9.7 1.0562268041237104 0.2064678155770719 25.125 0.728 1.1638360037700284 1061
340 8.9 0.9563932584269668 0.13222797966480684 25.125 0.728 1.1548221070811746 1158
350 10.5 0.9419809523809525 0.14022743301694404 25.125 0.728 1.140659983961508 1247
360 12.4 1.1022822580645153 0.9865529722749703 25.125 0.728 1.1252300295857993 1352
370 15.1 0.9470860927152321 0.15891544423327447 25.125 0.714 1.1233021680216806 1476
380 16.2 0.9889074074074078 0.17285092433624918 25.125 0.714 1.106947756607253 1627
390 15.8 1.0382784810126588 0.2735149979322801 25.125 0.714 1.0962588038010064 1789
400 17 0.9310705882352935 0.16769596355837427 25.125 0.712 1.0915536723163846 1947
410 14.3 0.933734265734266 0.1494133493558042 25.125 0.712 1.078666509211148 2117
420 18.8 0.9228457446808513 0.6661303963404619 25.125 0.712 1.069496017699115 2260
430 18.7 0.9330962566844917 0.904024951939549 25.125 0.71 1.058233660130719 2448
440 18.3 1.028021857923497 0.9281601105299998 25.125 0.71 1.0493529411764706 2635
450 21.3 0.9692018779342724 0.1618348186920055 25.125 0.71 1.0479677075940383 2818
460 20.7 0.9725603864734295 0.15569723181863546 25.125 0.708 1.042432530517981 3031
470 19.7 1.0041928934010147 0.1716623511202612 25.125 0.708 1.0379657195799876 3238
480 20.8 1.0247211538461554 0.4967788154456587 25.125 0.708 1.0360288209606987 3435
490 23.3 0.9690600858369096 0.1639583999211802 25.125 0.708 1.0353832006587977 3643
500 24.2 0.9931900826446274 0.21151018630295448 25.125 0.708 1.0313962848297213 3876
510 23.2 1.003206896551724 0.44235222580719014 25.125 0.708 1.0291510441962117 4118
520 28.3 1.0501554770318013 0.9522181787415279 25.125 0.708 1.027767356321839 4350
530 26.2 0.865091603053435 0.12186135598360559 25.125 0.683 1.0291349017914957 4633
540 30.1 0.9112358803986709 0.6809892117256214 25.125 0.683 1.0203546475995913 4895
