0 0.1 3.631468363549045 0 3.631468363549045 3.631468363549045 0 0
10 0.1 0.4 0.0 3.631468363549045 0.4 3.631468363549045 1
20 0.1 0.4 0.0 3.631468363549045 0.4 2.0157341817745227 2
30 0.1 0.30060120240480964 0.0 3.631468363549045 0.30060120240480964 1.4771561211830153 3
40 0.1 0.30060120240480964 0.0 3.631468363549045 0.30060120240480964 1.1830173914884639 4
50 0.1 0.4995004995004995 0.0 3.631468363549045 0.30060120240480964 1.006534153671733 5
60 0.1 0.3009027081243731 0.0 3.631468363549045 0.30060120240480964 0.9220285446431942 6
70 0.1 0.4008016032064128 0.0 3.631468363549045 0.30060120240480964 0.8332962822833626 7
80 0.1 0.4008016032064128 0.0 3.631468363549045 0.30060120240480964 0.7792344473987438 8
90 0.1 0.3009027081243731 0.0 3.631468363549045 0.30060120240480964 0.7371863535995958 9
100 0.1 0.4008016032064128 0.0 3.631468363549045 0.30060120240480964 0.6935579890520736 10
110 0.1 0.5 0.0 3.631468363549045 0.30060120240480964 0.6669437721570134 11
120 0.1 0.501002004008016 0.0 3.631468363549045 0.30060120240480964 0.653031791143929 12
130 0.1 0.501002004008016 0.0 3.631468363549045 0.30060120240480964 0.6413371921334742 13
140 0.1 0.3015075376884422 0.0 3.631468363549045 0.30060120240480964 0.6313132501245129 14
150 0.1 0.6018054162487462 0.0 3.631468363549045 0.30060120240480964 0.6093262026287749 15
160 0.1 0.5020080321285141 0.0 3.631468363549045 0.30060120240480964 0.6088561534800231 16
170 0.1 0.8999999999999999 0.0 3.631468363549045 0.30060120240480964 0.6025709698711107 17
180 0.1 0.7000000000000001 0.0 3.631468363549045 0.30060120240480964 0.6190948048782713 18
190 0.1 0.6012024048096193 0.0 3.631468363549045 0.30060120240480964 0.6233529730425728 19
200 0.1 0.6030150753768844 0.0 3.631468363549045 0.30060120240480964 0.6222454446309251 20
210 0.1 0.7035175879396985 0.0 3.631468363549045 0.30060120240480964 0.6213297127616851 21
220 0.1 0.8032128514056224 0.0 3.631468363549045 0.30060120240480964 0.6250655252697767 22
230 0.1 0.9018036072144289 0.0 3.631468363549045 0.30060120240480964 0.6328110611887264 23
240 0.1 0.8032128514056224 0.0 3.631468363549045 0.30060120240480964 0.6440190839397973 24
250 0.1 0.906344410876133 0.0 3.631468363549045 0.30060120240480964 0.6503868346384303 25
260 0.1 1.2048192771084338 0.0 3.631468363549045 0.30060120240480964 0.6602313568014189 26
270 0.1 1.2072434607645874 0.0 3.631468363549045 0.30060120240480964 0.6804012797757528 27
280 0.1 1.6064257028112447 0.0 3.631468363549045 0.30060120240480964 0.6992170719539255 28
290 0.1 1.6016016016016015 0.0 3.631468363549045 0.30060120240480964 0.7305001281903847 29
300 0.1 0.8064516129032258 0.0 3.631468363549045 0.30060120240480964 0.7595368439707586 30
310 0.1 1.6064257028112447 0.0 3.631468363549045 0.30060120240480964 0.7610502236137413 31
320 0.1 1.411290322580645 0.0 3.631468363549045 0.30060120240480964 0.7874682073386633 32
330 0.1 2.0161290322580645 0.0 3.631468363549045 0.30060120240480964 0.8063719078005415 33
340 0.1 2.219979818365288 0.0 3.631468363549045 0.30060120240480964 0.841952999696351 34
350 0.1 1.9153225806451613 0.0 3.631468363549045 0.30060120240480964 0.8813251945154635 35
360 0.1 4.604604604604605 0.0 4.604604604604605 0.30060120240480964 0.9100473441301773 36
370 0.1 2.8169014084507045 0.0 4.604604604604605 0.30060120240480964 1.0099002430619186 37
380 0.1 3.3165829145728645 0.0 4.604604604604605 0.30060120240480964 1.0574529053089918 38
390 0.1 2.941176470588235 0.0 4.604604604604605 0.30060120240480964 1.1153793158029373 39
400 0.1 2.9441624365482233 0.0 4.604604604604605 0.30060120240480964 1.1610242446725696 40
410 0.1 3.625377643504532 0.0 4.604604604604605 0.30060120240480964 1.204515420084171 41
420 0.1 3.2355915065722956 0.0 4.604604604604605 0.30060120240480964 1.262154996832275 42
430 0.1 4.695304695304695 0.0 4.695304695304695 0.30060120240480964 1.3080488691518104 43
440 0.1 5.763397371081901 0.0 5.763397371081901 0.30060120240480964 1.3850319561098305 44
450 0.1 3.6585365853658534 0.0 5.763397371081901 0.30060120240480964 1.482328965331432 45
460 0.1 3.9634146341463414 0.0 5.763397371081901 0.30060120240480964 1.529637826636528 46
470 0.1 4.651162790697675 0.0 5.763397371081901 0.30060120240480964 1.5814203119026944 47
480 0.1 4.069175991861648 0.0 5.763397371081901 0.30060120240480964 1.645373280210923 48
490 0.1 5.146316851664985 0.0 5.763397371081901 0.30060120240480964 1.6948386416731829 49
500 0.1 4.86322188449848 0.0 5.763397371081901 0.30060120240480964 1.763868205873019 50
510 0.1 5.193482688391039 0.0 5.763397371081901 0.30060120240480964 1.8246398466303813 51
520 0.1 4.587155963302752 0.0 5.763397371081901 0.30060120240480964 1.8894252858950094 52
530 0.1 5.6622851365015165 0.0 5.763397371081901 0.30060120240480964 1.9403258647140234 53
540 0.1 5.685279187817259 0.0 5.763397371081901 0.30060120240480964 2.009251036413792 54
