0 0 0
10 0.5 5
20 0.4 9
30 1 19
40 0.9 28
50 0.9 37
60 1.2 49
70 1.2 61
80 1.2 73
90 1.4 87
100 2.3 110
110 1.1 121
120 1.6 137
130 0.8 145
140 2.9 174
150 2.3 197
160 1.7 214
170 2.7 241
180 1.8 259
190 1.7 276
200 2.4 300
210 3.6 336
220 3.4 370
230 4 410
240 2.5 435
250 4.8 483
260 5.4 537
270 5.6 593
280 6.4 657
290 4.7 704
300 5.9 763
310 5.5 818
320 7.2 890
330 9.6 986
340 9.7 1083
350 8.7 1170
360 10.9 1279
370 11 1389
380 13 1519
390 16.9 1688
400 14 1828
410 16.2 1990
420 14.6 2136
430 17.3 2309
440 17.3 2482
450 19.3 2675
460 19.9 2874
470 18.6 3060
480 20.2 3262
490 18.4 3446
500 26.1 3707
510 24 3947
520 21.9 4166
530 28.1 4447
540 25.4 4701
