0 0.1 3506.21484375 0 3506.21484375 3506.21484375 0 0
10 0.1 3507.578125 0.0 3507.578125 3506.21484375 3506.21484375 1
20 0.1 3508.6640625 0.0 3508.6640625 3506.21484375 3506.896484375 2
30 0.1 3507.96484375 0.0 3508.6640625 3506.21484375 3507.4856770833335 3
40 0.1 3507.00390625 0.0 3508.6640625 3506.21484375 3507.60546875 4
50 0.1 3504.8359375 0.0 3508.6640625 3504.8359375 3507.48515625 5
60 0.1 3503.75390625 0.0 3508.6640625 3503.75390625 3507.0436197916665 6
70 0.1 3502.3125 0.0 3508.6640625 3502.3125 3506.573660714286 7
80 0.1 3501.8359375 0.0 3508.6640625 3501.8359375 3506.041015625 8
90 0.1 3501.96875 0.0 3508.6640625 3501.8359375 3505.573784722222 9
100 0.1 3501.61328125 0.0 3508.6640625 3501.61328125 3505.21328125 10
110 0.1 3500.89453125 0.0 3508.6640625 3500.89453125 3504.8860085227275 11
120 0.1 3500.54296875 0.0 3508.6640625 3500.54296875 3504.5533854166665 12
130 0.1 3501.03515625 0.0 3508.6640625 3500.54296875 3504.244891826923 13
140 0.1 3497.046875 0.0 3508.6640625 3497.046875 3504.015625 14
150 0.1 3493.90625 0.0 3508.6640625 3493.90625 3503.5510416666666 15
160 0.1 3492.46484375 0.0 3508.6640625 3492.46484375 3502.9482421875 16
170 0.1 3492.45703125 0.0 3508.6640625 3492.45703125 3502.3315716911766 17
180 0.1 3492.484375 0.0 3508.6640625 3492.45703125 3501.7829861111113 18
190 0.1 3492.37109375 0.0 3508.6640625 3492.37109375 3501.293585526316 19
200 0.1 3491.65234375 0.0 3508.6640625 3491.65234375 3500.8474609375 20
210 0.1 3490.43359375 0.0 3508.6640625 3490.43359375 3500.409598214286 21
220 0.1 3491.171875 0.0 3508.6640625 3490.43359375 3499.956143465909 22
230 0.1 3489.82421875 0.0 3508.6640625 3489.82421875 3499.57421875 23
240 0.1 3489.09765625 0.0 3508.6640625 3489.09765625 3499.16796875 24
250 0.1 3485.10546875 0.0 3508.6640625 3485.10546875 3498.76515625 25
260 0.1 3478.80078125 0.0 3508.6640625 3478.80078125 3498.239783653846 26
270 0.1 3476.3671875 0.0 3508.6640625 3476.3671875 3497.5198206018517 27
280 0.1 3477.20703125 0.0 3508.6640625 3476.3671875 3496.7643694196427 28
290 0.1 3477.078125 0.0 3508.6640625 3476.3671875 3496.089978448276 29
300 0.1 3477.7890625 0.0 3508.6640625 3476.3671875 3495.45625 30
310 0.1 3477.51171875 0.0 3508.6640625 3476.3671875 3494.8863407258063 31
320 0.1 3467.61328125 0.0 3508.6640625 3467.61328125 3494.3433837890625 32
330 0.1 3464.03125 0.0 3508.6640625 3464.03125 3493.533380681818 33
340 0.1 3456.4453125 0.0 3508.6640625 3456.4453125 3492.6656709558824 34
350 0.1 3456.06640625 0.0 3508.6640625 3456.06640625 3491.6308035714287 35
360 0.1 3455.34765625 0.0 3508.6640625 3455.34765625 3490.6429036458335 36
370 0.1 3456.2265625 0.0 3508.6640625 3455.34765625 3489.6889780405404 37
380 0.1 3440.47265625 0.0 3508.6640625 3440.47265625 3488.8083881578946 38
390 0.1 3432.4921875 0.0 3508.6640625 3432.4921875 3487.5690104166665 39
400 0.1 3430.609375 0.0 3508.6640625 3430.609375 3486.19208984375 40
410 0.1 3426.30078125 0.0 3508.6640625 3426.30078125 3484.836413871951 41
420 0.1 3428.20703125 0.0 3508.6640625 3426.30078125 3483.4427083333335 42
430 0.1 3428.11328125 0.0 3508.6640625 3426.30078125 3482.1581577034885 43
440 0.1 3421.48046875 0.0 3508.6640625 3421.48046875 3480.929865056818 44
450 0.1 3413.12890625 0.0 3508.6640625 3413.12890625 3479.608767361111 45
460 0.1 3402.21484375 0.0 3508.6640625 3402.21484375 3478.1635529891305 46
470 0.1 3403.671875 0.0 3508.6640625 3402.21484375 3476.547623005319 47
480 0.1 3402.27734375 0.0 3508.6640625 3402.21484375 3475.0293782552085 48
490 0.1 3404.7109375 0.0 3508.6640625 3402.21484375 3473.5446428571427 49
500 0.1 3404.1328125 0.0 3508.6640625 3402.21484375 3472.16796875 50
510 0.1 3392.203125 0.0 3508.6640625 3392.203125 3470.8339460784314 51
520 0.1 3386.98046875 0.0 3508.6640625 3386.98046875 3469.321814903846 52
530 0.1 3383.8046875 0.0 3508.6640625 3383.8046875 3467.7682045990564 53
540 0.1 3378.078125 0.0 3508.6640625 3378.078125 3466.213324652778 54
