10 0.1 137 0 137 137 0 0
20 0.1 212.0 0.0 212 137 137.0 1
30 0.1 198.0 0.0 212 137 174.5 2
40 0.1 227.0 0.0 227 137 182.33333333333334 3
50 0.1 261.0 0.0 261 137 193.5 4
60 0.1 300.0 0.0 300 137 207.0 5
70 0.1 264.0 0.0 300 137 222.5 6
80 0.1 408.0 0.0 408 137 228.42857142857142 7
90 0.1 292.0 0.0 408 137 250.875 8
100 0.1 428.0 0.0 428 137 255.44444444444446 9
110 0.1 363.0 0.0 428 137 272.7 10
120 0.1 344.0 0.0 428 137 280.90909090909093 11
130 0.1 430.0 0.0 430 137 286.1666666666667 12
140 0.1 611.0 0.0 611 137 297.2307692307692 13
150 0.1 549.0 0.0 611 137 319.64285714285717 14
160 0.1 447.0 0.0 611 137 334.93333333333334 15
170 0.1 594.0 0.0 611 137 341.9375 16
180 0.1 346.0 0.0 611 137 356.7647058823529 17
190 0.1 407.0 0.0 611 137 356.1666666666667 18
200 0.1 748.0 0.0 748 137 358.8421052631579 19
210 0.1 786.0 0.0 786 137 378.3 20
220 0.1 858.0 0.0 858 137 397.7142857142857 21
230 0.1 926.0 0.0 926 137 418.6363636363636 22
240 0.1 843.0 0.0 926 137 440.69565217391306 23
250 0.1 1232.0 0.0 1232 137 457.4583333333333 24
260 0.1 1203.0 0.0 1232 137 488.44 25
270 0.1 1429.0 0.0 1429 137 515.9230769230769 26
280 0.1 1438.0 0.0 1438 137 549.7407407407408 27
290 0.1 1279.0 0.0 1438 137 581.4642857142857 28
300 0.1 1217.0 0.0 1438 137 605.5172413793103 29
310 0.1 1703.0 0.0 1703 137 625.9 30
320 0.1 1982.0 0.0 1982 137 660.6451612903226 31
330 0.1 2245.0 0.0 2245 137 701.9375 32
340 0.1 2398.0 0.0 2398 137 748.6969696969697 33
350 0.1 2169.0 0.0 2398 137 797.2058823529412 34
360 0.1 2764.0 0.0 2764 137 836.4 35
370 0.1 2722.0 0.0 2764 137 889.9444444444445 36
380 0.1 3485.0 0.0 3485 137 939.4594594594595 37
390 0.1 3656.0 0.0 3656 137 1006.4473684210526 38
400 0.1 3979.0 0.0 3979 137 1074.3846153846155 39
410 0.1 3789.0 0.0 3979 137 1147.0 40
420 0.1 3544.0 0.0 3979 137 1211.439024390244 41
430 0.1 4275.0 0.0 4275 137 1266.9761904761904 42
440 0.1 4636.0 0.0 4636 137 1336.9302325581393 43
450 0.1 4562.0 0.0 4636 137 1411.9090909090908 44
460 0.1 4805.0 0.0 4805 137 1481.911111111111 45
470 0.1 4890.0 0.0 4890 137 1554.1521739130435 46
480 0.1 4672.0 0.0 4890 137 1625.127659574468 47
490 0.1 5338.0 0.0 5338 137 1688.6041666666667 48
500 0.1 5345.0 0.0 5345 137 1763.0816326530612 49
510 0.1 5959.0 0.0 5959 137 1834.72 50
520 0.1 5.6e3 0.0 5959 137 1915.5882352941176 51
530 0.1 6307.0 0.0 6307 137 1986.4423076923076 52
540 0.1 6.3e3 0.0 6307 137 2067.9622641509436 53
