0 1.1 226.13490909090908 359.04833399632594 996.337 6.899 0 0
10 1.7 65.44888235294118 78.1495912931109 996.337 6.621 226.13490909090908 11
20 2.3 66.35869565217392 73.2266541478578 996.337 6.621 128.5755357142857 28
30 2.6 57.1823846153846 60.64913357810768 996.337 6.621 100.51696078431372 51
40 2.7 44.47181481481481 49.31912288279943 996.337 6.571 85.88450649350648 77
50 3.8 28.32915789473685 35.96565932395301 996.337 6.571 75.1331346153846 104
60 3.3 40.85581818181818 43.53211941352739 996.337 6.517 62.60812676056337 142
70 4.3 34.948581395348846 46.725153764716474 996.337 6.06 58.50626285714286 175
80 3.7 31.32972972972973 34.58802964677047 996.337 6.06 53.859564220183486 218
90 5.2 27.44282692307693 33.12297298687537 996.337 6.06 50.59052941176471 255
100 5.2 39.29684615384616 36.97503521160471 996.337 6.06 46.66974592833876 307
110 4 29.751150000000013 34.70335271018494 996.337 5.478 45.60180501392758 359
120 4.7 39.19059574468085 56.18434493573681 996.337 5.478 44.01276691729324 399
130 6.4 17.366437500000004 25.10661949247337 996.337 5.478 43.50460089686099 446
140 7.3 37.162246575342444 37.679027765639844 996.337 5.478 40.22451764705883 510
150 6.2 36.63456451612903 36.92190269693542 996.337 5.478 39.841077186963986 583
160 5.9 27.358610169491527 33.07209565249884 996.337 5.478 39.5328542635659 645
170 6.3 40.650873015873 37.29931443580029 996.337 5.478 38.512569602272734 704
180 4.2 41.62292857142857 39.38849752414001 996.337 5.478 38.688205997392444 767
190 8.4 22.312749999999994 29.902171340522685 996.337 5.478 38.84056489493202 809
200 8.8 30.050863636363648 36.97598395063705 996.337 5.478 37.285876819708854 893
210 10 33.85260999999998 36.27444609553534 996.337 5.384 36.636864424057094 981
220 12.1 29.59745454545455 35.327774491126206 996.337 5.384 36.379301572617955 1081
230 9.6 37.20703124999998 43.36535096096621 996.337 5.384 35.69660316139768 1202
240 12.8 28.6586484375 44.76131380070816 996.337 5.384 35.808314329738074 1298
250 15.4 31.478077922077915 36.92921362298567 996.337 5.384 35.16654908835906 1426
260 16.3 33.08711042944785 36.872718533645234 996.337 5.384 34.807039873417736 1580
270 17.8 30.618617977528096 34.33818995576687 996.337 5.384 34.64619736087207 1743
280 16.6 38.63903012048191 42.198506693789994 996.337 5.143 34.27300156168663 1921
290 15.4 31.65323376623377 36.48461681628394 996.337 5.143 34.62027551509344 2087
300 18.3 31.471819672131133 36.52255218437477 996.337 5.143 34.416382418563146 2241
310 22.4 25.845450892857137 33.92764768838582 996.337 5.143 34.19408250825083 2424
320 27 30.720625925925937 40.56913281535234 996.337 5.143 33.48785385196375 2648
330 28.6 34.96338111888113 39.22674303353623 996.337 5.143 33.231804660726525 2918
340 27.2 35.07949264705882 38.58061372765973 996.337 5.143 33.38637109862672 3204
350 29.9 32.87971571906357 38.94673524971626 996.337 5.143 33.51885932105869 3476
360 32.2 34.1338602484472 37.67502917764456 996.337 5.143 33.468235761589405 3775
370 39.9 30.743596491228057 38.894961845623655 996.337 5.143 33.52054991457164 4097
380 45.1 31.864999999999984 39.72916356890365 996.337 5.143 33.27410765124555 4496
390 47.6 37.04780462184872 41.6942943313286 996.337 5.143 33.14564443096826 4947
400 47 30.62005319148934 38.06524865989612 996.337 5.143 33.48815378941545 5423
410 45.4 37.32253524229073 40.87597909969731 996.337 5.093 33.259406584082804 5893
420 50 44.436446 102.21326324967366 1063.569 5.093 33.550041594454065 6347
430 54 34.19056296296301 40.68347438440795 1063.569 5.093 34.345017818022484 6847
440 53.1 35.25530885122412 41.16775813204257 1063.569 5.086 34.33372695275484 7387
450 61.6 33.02951136363636 39.51613108440325 1063.569 5.086 34.39553043697904 7918
460 59.5 35.20462521008397 41.39870544189244 1063.569 5.086 34.29692863838763 8534
470 57.9 35.07202590673579 41.94522270892395 1063.569 5.084 34.35608949501588 9129
480 58.3 37.07322984562608 44.352049324756834 1063.569 5.084 34.39878903996704 9708
490 65.3 31.204451761102632 38.35710576591669 1063.569 5.084 34.55029997084832 10291
500 74.1 37.78716329284749 43.72635604458998 1063.569 5.084 34.35066191520469 10944
510 70.1 38.13647503566329 44.817259111554364 1063.569 5.084 34.56858639281131 11685
520 77 31.99913636363644 39.859515447473505 1063.569 5.084 34.77051517842727 12386
530 79.1 39.403733249051776 45.877986339085886 1063.569 5.062 34.60831073274553 13156
540 82.2 35.144395377129044 43.58650725378844 1063.569 5.062 34.88028170932818 13947
