10 0.1 104 0 104 104 0 0
20 0.1 191.0 0.0 191 104 104.0 1
30 0.1 157.0 0.0 191 104 147.5 2
40 0.1 186.0 0.0 191 104 150.66666666666666 3
50 0.1 230.0 0.0 230 104 159.5 4
60 0.1 256.0 0.0 256 104 173.6 5
70 0.1 229.0 0.0 256 104 187.33333333333334 6
80 0.1 341.0 0.0 341 104 193.28571428571428 7
90 0.1 251.0 0.0 341 104 211.75 8
100 0.1 343.0 0.0 343 104 216.11111111111111 9
110 0.1 324.0 0.0 343 104 228.8 10
120 0.1 306.0 0.0 343 104 237.45454545454547 11
130 0.1 347.0 0.0 347 104 243.16666666666666 12
140 0.1 491.0 0.0 491 104 251.15384615384616 13
150 0.1 486.0 0.0 491 104 268.2857142857143 14
160 0.1 395.0 0.0 491 104 282.8 15
170 0.1 499.0 0.0 499 104 289.8125 16
180 0.1 311.0 0.0 499 104 302.11764705882354 17
190 0.1 346.0 0.0 499 104 302.6111111111111 18
200 0.1 620.0 0.0 620 104 304.89473684210526 19
210 0.1 676.0 0.0 676 104 320.65 20
220 0.1 738.0 0.0 738 104 337.57142857142856 21
230 0.1 774.0 0.0 774 104 355.77272727272725 22
240 0.1 706.0 0.0 774 104 373.95652173913044 23
250 0.1 1053.0 0.0 1053 104 387.7916666666667 24
260 0.1 1028.0 0.0 1053 104 414.4 25
270 0.1 1187.0 0.0 1187 104 438.0 26
280 0.1 1227.0 0.0 1227 104 465.74074074074076 27
290 0.1 1107.0 0.0 1227 104 492.92857142857144 28
300 0.1 1072.0 0.0 1227 104 514.1034482758621 29
310 0.1 1448.0 0.0 1448 104 532.7 30
320 0.1 1689.0 0.0 1689 104 562.2258064516129 31
330 0.1 1927.0 0.0 1927 104 597.4375 32
340 0.1 2046.0 0.0 2046 104 637.7272727272727 33
350 0.1 1936.0 0.0 2046 104 679.1470588235294 34
360 0.1 2336.0 0.0 2336 104 715.0571428571428 35
370 0.1 2345.0 0.0 2345 104 760.0833333333334 36
380 0.1 2972.0 0.0 2972 104 802.918918918919 37
390 0.1 3165.0 0.0 3165 104 860.0 38
400 0.1 3404.0 0.0 3404 104 919.1025641025641 39
410 0.1 3250.0 0.0 3404 104 981.225 40
420 0.1 3219.0 0.0 3404 104 1036.560975609756 41
430 0.1 3676.0 0.0 3676 104 1088.5238095238096 42
440 0.1 3879.0 0.0 3879 104 1148.6976744186047 43
450 0.1 3901.0 0.0 3901 104 1210.75 44
460 0.1 4223.0 0.0 4223 104 1270.5333333333333 45
470 0.1 4282.0 0.0 4282 104 1334.7173913043478 46
480 0.1 4037.0 0.0 4282 104 1397.4255319148936 47
490 0.1 4613.0 0.0 4613 104 1452.4166666666667 48
500 0.1 4691.0 0.0 4691 104 1516.9183673469388 49
510 0.1 5151.0 0.0 5151 104 1580.4 50
520 0.1 4839.0 0.0 5151 104 1650.4117647058824 51
530 0.1 5469.0 0.0 5469 104 1711.7307692307693 52
540 0.1 5435.0 0.0 5469 104 1782.622641509434 53
