10 0.5 10021.356800000001 1061.2354923484982 11647.849 8811.53 0 0
20 0.4 14031.699499999999 4106.983606969993 19703.947 8811.53 10021.356800000001 5
30 1 15908.875699999999 6916.398644126262 29036.87 8811.53 11803.731333333333 9
40 0.9 18965.916444444447 9771.41095614138 32595.195 7522.936 13964.333631578946 19
50 0.9 16034.948777777776 6724.0016607741645 32595.195 7522.936 15571.98525 28
60 1.2 16515.07841666666 9495.738588174121 38090.767 6485.4 15684.597999999998 37
70 1.2 17459.322583333338 7680.969287961833 38090.767 6485.4 15887.98095918367 49
80 1.2 17975.137000000002 8209.027336698442 38090.767 6485.4 16197.097344262293 61
90 1.4 16679.712071428574 7847.434277137979 40631.844 6485.4 16489.377835616437 73
100 2.3 18333.28856521739 9664.941714761606 40631.844 6485.4 16520.006333333335 87
110 1.1 21592.899909090913 11514.769879899843 44593.867 6485.4 16899.147163636364 110
120 1.6 16962.714687499996 7648.935729080229 44593.867 6485.4 17325.851958677686 121
130 0.8 13796.901375 5655.820606241634 44593.867 6485.4 17283.441766423355 137
140 2.9 16538.690724137934 9647.385971313544 44593.867 6164.516 17091.08091724138 145
150 2.3 21980.571608695656 12431.94422976651 49640.68 6164.516 16999.01588505747 174
160 1.7 16214.501705882352 8788.962504694602 49640.68 6164.516 17580.618837563452 197
170 2.7 21858.513962962963 11476.555014743693 49640.68 5911.1 17472.095514018692 214
180 1.8 18235.430833333332 8892.947541733776 49640.68 5911.1 17963.51998755187 241
190 1.7 20640.249705882354 11163.711520172565 49640.68 5641.688 17982.41726640927 259
200 2.4 12225.401333333335 3236.461298942458 49640.68 5641.688 18146.124336956524 276
210 3.6 13770.439277777778 6695.095460956237 49640.68 5641.688 17672.46649666667 300
220 3.4 15043.99311764706 6755.39745822219 49640.68 5641.688 17254.39215178572 336
230 4 15303.015975000006 7195.193697084894 49640.68 5641.688 17051.274402702707 370
240 2.5 13507.510399999997 5051.49779346937 49640.68 5641.688 16880.712604878056 410
250 4.8 15886.394395833331 7358.847554174039 49640.68 5641.688 16686.850409195406 435
260 5.4 18347.296666666654 12178.825111115764 79475.726 5641.688 16607.30198550725 483
270 5.6 18468.839249999986 12377.211780569343 79475.726 5641.688 16782.273517690875 537
280 6.4 16958.386390625 9541.691292597994 79475.726 5641.688 16941.544480607085 593
290 4.7 17097.981787234043 9049.30115883543 79475.726 5641.688 16943.185092846274 657
300 5.9 17951.59769491525 10320.868173159402 79475.726 5641.688 16953.519531250004 704
310 5.5 17589.41069090909 8560.051829037797 79475.726 5641.688 17030.69726605505 763
320 7.2 15407.069527777778 6925.747805414387 79475.726 5641.688 17068.26357212714 818
330 9.6 15956.035593750004 7732.936709391968 79475.726 5428.404 16933.874840449436 890
340 9.7 18074.548453608244 12075.505374054059 89044.704 5428.404 16838.669396551722 986
350 8.7 17229.719172413803 8469.200837253906 89044.704 5428.404 16949.362165281622 1083
360 10.9 17847.921541284402 9930.747939072087 89044.704 5428.404 16970.209224786322 1170
370 11 17214.48660909089 10781.06689324308 89044.704 5428.404 17045.010352619232 1279
380 13 15996.76151538461 8252.93274698077 89044.704 5428.404 17058.431798416124 1389
390 16.9 15866.079213017758 8369.796808539451 89044.704 5428.404 16967.57127386438 1519
400 14 16656.078221428557 8735.709568134285 89044.704 5280.454 16857.291559241705 1688
410 16.2 17037.267537037023 9440.673004540024 89044.704 5280.454 16841.881347374176 1828
420 14.6 18330.56102054793 10091.457711068942 89044.704 5280.454 16857.787157788942 1990
430 17.3 16856.484242774553 9989.950834541161 89044.704 5280.454 16958.454285112355 2136
440 17.3 17409.4642485549 10331.826142355294 89044.704 5280.454 16950.81426028583 2309
450 19.3 17358.587005181354 9469.330180005427 89044.704 5280.454 16982.783014504425 2482
460 19.9 17707.22085427134 10214.326534874064 89044.704 5280.454 17009.897096822424 2675
470 18.6 17319.775741935497 10198.13766411234 89044.704 5280.454 17058.180822546965 2874
480 20.2 17933.159950495054 10002.210335611548 89044.704 5280.454 17074.08169019607 3060
490 18.4 17893.35760326088 10106.099241361955 89044.704 5280.454 17127.280282648677 3262
500 26.1 18937.13672413794 10598.140440097091 89044.704 5280.454 17168.185165699357 3446
510 24 16435.005545833326 8455.896398359639 89044.704 5280.454 17292.73233504181 3707
520 21.9 17919.41652511415 10564.220026698882 89044.704 5280.454 17240.577678489986 3947
530 28.1 16760.75970818503 9584.804279384418 89044.704 5280.454 17276.263157945265 4166
540 25.4 18261.726161417308 11528.710214091067 89044.704 5280.454 17243.68918237013 4447
