0 92.26640625 92.26640625
10 120.2890625 212.55546875
20 153.99375 366.54921875
30 142.4671875 509.01640625
40 148.52109375 657.5375
50 230.5703125 888.1078125
60 171.30859375 1059.41640625
70 270.3578125 1329.77421875
80 208.3609375 1538.13515625
90 304.40859375 1842.54375
100 252.63125 2095.175
110 226.53203125 2321.70703125
120 279.390625 2601.09765625
130 464.03828125 3065.1359375
140 369.82109375 3434.95703125
150 309.8625 3744.81953125
160 343.4796875 4088.29921875
170 275.05078125 4363.35
180 198.7359375 4562.0859375
190 591.58359375 5153.66953125
200 522.88984375 5676.559375
210 543.0609375 6219.6203125
220 700.1453125 6919.765625
230 531.68203125 7451.44765625
240 833.7734375 8285.22109375
250 882.64140625 9167.8625
260 905.78046875 10073.64296875
270 1003.48828125 11077.13125
280 864.5671875 11941.6984375
290 861.246875 12802.9453125
300 1068.9390625 13871.884375
310 1450.50390625 15322.38828125
320 1611.8921875 16934.28046875
330 1558.65859375 18492.9390625
340 1465.14453125 19958.08359375
350 1725.0984375 21683.18203125
360 1856.575 23539.75703125
370 2408.584375 25948.34140625
380 2633.89921875 28582.240625
390 2548.484375 31130.725
400 2777.21796875 33907.94296875
410 2368.925 36276.86796875
420 2954.4109375 39231.27890625
430 3048.14921875 42279.428125
440 2964.675 45244.103125
450 3506.69453125 48750.79765625
460 3300.4640625 52051.26171875
470 3237.98984375 55289.2515625
480 3267.71640625 58556.96796875
490 3845.95625 62402.92421875
500 4019.45 66422.37421875
510 3789.59296875 70211.9671875
520 4548.54453125 74760.51171875
530 4231.2796875 78991.79140625
540 4762.271875 83754.06328125
