0 3.33125 3.33125
10 7.21875 10.55
20 10.10546875 20.65546875
30 14.11875 34.77421875
40 14.6078125 49.38203125
50 18.7453125 68.12734375
60 19.1625 87.28984375
70 20.16171875 107.4515625
80 19.62734375 127.07890625
90 26.48671875 153.565625
100 31.0125 184.578125
110 21.03359375 205.61171875
120 23.98046875 229.5921875
130 25.33828125 254.93046875
140 42.0921875 297.02265625
150 36.1265625 333.14921875
160 30.26015625 363.409375
170 39.8296875 403.2390625
180 25.4453125 428.684375
190 35.1359375 463.8203125
200 45.2921875 509.1125
210 54.86953125 563.98203125
220 61.43203125 625.4140625
230 54.0265625 679.440625
240 56.65546875 736.09609375
250 80.47109375 816.5671875
260 87.5765625 904.14375
270 94.1234375 998.2671875
280 94.209375 1092.4765625
290 82.86484375 1175.34140625
300 93.42578125 1268.7671875
310 105.4265625 1374.19375
320 134.303125 1508.496875
330 155.20234375 1663.69921875
340 149.75625 1813.45546875
350 155.36171875 1968.8171875
360 170.18984375 2139.00703125
370 198.49609375 2337.503125
380 230.5859375 2568.0890625
390 263.14609375 2831.23515625
400 241.66171875 3072.896875
410 253.62265625 3326.51953125
420 254.340625 3580.86015625
430 287.05625 3867.91640625
440 283.1640625 4151.08046875
450 325.5765625 4476.65703125
460 321.503125 4798.16015625
470 306.33203125 5104.4921875
480 312.36015625 5416.85234375
490 332.42578125 5749.278125
500 407.1625 6156.440625
510 386.7484375 6543.1890625
520 388.09375 6931.2828125
530 442.5046875 7373.7875
540 425.8375 7799.625
