0 0.7 7
10 1 17
20 0.9 26
30 0.9 35
40 1 45
50 1.3 58
60 1.1 69
70 1.9 88
80 1.2 100
90 1.7 117
100 1.6 133
110 1.3 146
120 2.2 168
130 2.9 197
140 2.1 218
150 1.8 236
160 1.9 255
170 1.4 269
180 1.3 282
190 4.2 324
200 3.1 355
210 3.4 389
220 4.1 430
230 3.8 468
240 5.7 525
250 5.2 577
260 5.7 634
270 5.9 693
280 5.8 751
290 4.8 799
300 7.1 870
310 9.5 965
320 9.8 1063
330 9.8 1161
340 8.9 1250
350 10.6 1356
360 11.9 1475
370 15.4 1629
380 16.2 1791
390 16 1951
400 16.5 2116
410 14.4 2260
420 18.7 2447
430 18.5 2632
440 18.3 2815
450 21.3 3028
460 20.7 3235
470 19.7 3432
480 22.4 3656
490 22.5 3881
500 24.6 4127
510 23.4 4361
520 27.9 4640
530 25.9 4899
540 30.5 5204
