0 7 7
10 12 12
20 17 20
30 16 20
40 17 20
50 21 23
60 20 23
70 27 28
80 27 31
90 30 33
100 23 33
110 25 33
120 31 33
130 52 52
140 44 52
150 39 52
160 41 52
170 28 52
180 23 52
190 48 52
200 55 57
210 53 58
220 60 66
230 58 66
240 90 90
250 94 101
260 97 103
270 100 107
280 94 107
290 95 107
300 107 109
310 147 150
320 173 175
330 175 176
340 167 181
350 186 186
360 196 199
370 240 247
380 272 272
390 263 281
400 288 294
410 270 294
420 311 314
430 323 332
440 333 337
450 353 358
460 361 362
470 372 375
480 394 394
490 435 436
500 420 436
510 414 436
520 474 475
530 452 487
540 503 506
