0 1.3 13
10 2.2 35
20 4.9 84
30 8.4 168
40 12.5 293
50 12.6 419
60 13.9 558
70 15.8 716
80 16.5 881
90 17.8 1059
100 21.2 1271
110 21.3 1484
120 23.6 1720
130 23.3 1953
140 22.9 2182
150 25.5 2437
160 24.5 2682
170 26.5 2947
180 28.8 3235
190 33.8 3573
200 34.8 3921
210 36.7 4288
220 23.4 4522
230 36.6 4888
240 37.6 5264
250 37.6 5640
260 32.2 5962
270 40.3 6365
280 37.6 6741
290 34.7 7088
300 38.2 7470
310 42.3 7893
320 38.4 8277
330 35.7 8634
340 37.6 9010
350 38.9 9399
360 42 9819
370 33.5 10154
380 36 10514
390 42.5 10939
400 38.4 11323
410 37.9 11702
420 43.1 12133
430 41.8 12551
440 44.9 13000
450 44.3 13443
460 47.2 13915
470 43.6 14351
480 49.5 14846
490 47.9 15325
500 43.3 15758
510 46 16218
520 46.8 16686
530 46.5 17151
540 47.6 17627
550 50.2 18129
560 43.2 18561
570 58.7 19148
580 54.4 19692
590 50.2 20194
600 60 20794
610 50 21294
620 59.5 21889
630 58.9 22478
640 57.8 23056
650 56.6 23622
660 64.9 24271
670 64 24911
680 73.1 25642
690 60.8 26250
700 72.9 26979
710 59 27569
720 56.9 28138
730 48 28618
740 43.1 29049
750 33.3 29382
760 29.5 29677
770 19.8 29875
780 10.1 29976
790 3.2 30008
800 1.7 30025
810 0.3 30028
817 0 30028
