10 1.5 15
20 4 55
30 9 145
40 12.6 271
50 15 421
60 16.6 587
70 17 757
80 16.5 922
90 19 1112
100 24.3 1355
110 25.9 1614
120 27.3 1887
130 25.9 2146
140 25.8 2404
150 28.6 2690
160 27.9 2969
170 29.4 3263
180 32.2 3585
190 32 3905
200 36.5 4270
210 36.8 4638
220 27.6 4914
230 43.4 5348
240 39.3 5741
250 39.4 6135
260 34.5 6480
270 35.9 6839
280 29.3 7132
290 28.7 7419
300 31.1 7730
310 26.1 7991
320 25.5 8246
330 23.3 8479
340 23.1 8710
350 24.1 8951
360 22.2 9173
370 17.6 9349
380 17.2 9521
390 18.2 9703
400 16.7 9870
410 15.7 10027
420 15.4 10181
430 13.5 10316
440 14.2 10458
450 14.2 10600
460 13.5 10735
470 13.3 10868
480 13.1 10999
490 12.9 11128
500 12 11248
510 11.5 11363
520 10.6 11469
530 10.6 11575
540 10 11675
550 9.3 11768
560 7.9 11847
570 8.2 11929
580 7.5 12004
590 6.4 12068
600 7.1 12139
610 6.3 12202
620 6.1 12263
630 5.8 12321
640 8 12401
650 6.3 12464
660 6.2 12526
670 5.5 12581
680 6.5 12646
690 6.2 12708
700 5.4 12762
710 5.3 12815
720 5.7 12872
730 5.5 12927
740 6 12987
750 5.4 13041
760 8.9 13130
770 11.5 13245
780 8.3 13328
790 3.7 13365
800 1.7 13382
810 0.1 13383
817 0 13383
