240 1.9 19
250 7.8 97
260 24.3 340
270 32.8 668
280 43 1098
290 51.8 1616
300 54.4 2160
310 56.6 2726
320 64.1 3367
330 82.6 4193
340 99.3 5186
350 116.5 6351
360 137.1 7722
370 143.9 9161
380 164.2 10803
390 191.5 12718
400 202.1 14739
410 233.6 17075
420 229.6 19371
430 221.6 21587
440 223 23817
450 233.9 26156
460 254.2 28698
470 284.8 31546
480 295.3 34499
490 281.7 37316
500 315 40466
510 334.4 43810
520 350.5 47315
530 349.2 50807
540 359.4 54401
550 371.5 58116
560 378.3 61899
570 414.8 66047
580 437.1 70418
590 458.4 75002
600 463.6 79638
610 476.4 84402
620 498.7 89389
630 499.2 94381
640 535.2 99733
650 531.9 105052
660 508.1 110133
670 485.3 114986
680 480.3 119789
690 468.4 124473
700 530.8 129781
710 548.5 135266
720 534.8 140614
730 478.9 145403
740 342.7 148830
750 190.6 150736
760 95.1 151687
770 40.6 152093
780 10.7 152200
790 3.1 152231
800 0.6 152237
810 0.5 152242
817 0 152242
