240 0.1 1
250 2.4 25
260 5 75
270 8.6 161
280 9.7 258
290 11.7 375
300 13.2 507
310 11.9 626
320 13.7 763
330 12.1 884
340 17.4 1058
350 17.5 1233
360 18.7 1420
370 20.8 1628
380 19.4 1822
390 23.9 2061
400 25.4 2315
410 27.4 2589
420 31 2899
430 27.8 3177
440 32.5 3502
450 28.8 3790
460 31.9 4109
470 31.1 4420
480 33.8 4758
490 38.7 5145
500 31.8 5463
510 33.5 5798
520 36.1 6159
530 36.5 6524
540 39.3 6917
550 36.3 7280
560 32.2 7602
570 41.8 8020
580 41.7 8437
590 38.7 8824
600 41.9 9243
610 33.8 9581
620 48.3 10064
630 49 10554
640 51.9 11073
650 52.2 11595
660 55.3 12148
670 51.5 12663
680 58.7 13250
690 47.4 13724
700 57.9 14303
710 55.1 14854
720 59.3 15447
730 58.1 16028
740 56.3 16591
750 53.1 17122
760 48.2 17604
770 33 17934
780 9.4 18028
790 2.9 18057
800 0.4 18061
810 0.2 18063
817 0.1 18064
