280 0.2 2
290 0.8 10
300 1.4 24
310 2.7 51
320 3.2 83
330 1.5 98
340 2.4 122
350 2 142
360 2.9 171
370 3.8 209
380 2.2 231
390 4.1 272
400 4.9 321
410 6.5 386
420 8.7 473
430 7.5 548
440 8 628
450 8.9 717
460 9 807
470 7.3 880
480 9.3 973
490 11.8 1091
500 10 1191
510 9.1 1282
520 9.2 1374
530 13.9 1513
540 10.3 1616
550 14.5 1761
560 9.8 1859
570 13.3 1992
580 13.5 2127
590 14.7 2274
600 14.8 2422
610 15.4 2576
620 14.8 2724
630 14.6 2870
640 14.7 3017
650 19.7 3214
660 18.8 3402
670 17.8 3580
680 17.5 3755
690 15.2 3907
700 17.5 4082
710 16 4242
720 22.3 4465
730 22.3 4688
740 27.3 4961
750 30.7 5268
760 34.7 5615
770 27.1 5886
780 7.1 5957
790 2.7 5984
800 0.3 5987
810 0 5987
817 0.2 5989
