240 2.9 29
250 5.3 82
260 21.7 299
270 21 509
280 32.3 832
290 33.7 1169
300 34 1509
310 39.7 1906
320 46.2 2368
330 63.4 3002
340 67 3672
350 75.1 4423
360 102.6 5449
370 119.6 6645
380 131.1 7956
390 143 9386
400 146.9 10855
410 165.4 12509
420 164.4 14153
430 168.9 15842
440 164.6 17488
450 168.9 19177
460 190 21077
470 206.6 23143
480 218.3 25326
490 201.3 27339
500 252.5 29864
510 253.4 32398
520 261.1 35009
530 274.4 37753
540 278.6 40539
550 285.2 43391
560 301.5 46406
570 314.6 49552
580 335 52902
590 353.2 56434
600 357.8 60012
610 398.7 63999
620 382.9 67828
630 373.4 71562
640 401.3 75575
650 402.9 79604
660 379.2 83396
670 370.7 87103
680 354.6 90649
690 360.2 94251
700 374.8 97999
710 404.1 102040
720 359.9 105639
730 310.8 108747
740 210 110847
750 93.2 111779
760 16.5 111944
770 0 111944
780 0 111944
790 0 111944
800 0 111944
810 0 111944
817 0 111944
