0 9 9
10 17 8
20 25 8
30 38 13
40 48 10
50 52 4
60 54 2
70 63 9
80 69 6
90 79 10
100 89 10
110 79 -10
120 89 10
130 85 -4
140 84 -1
150 87 3
160 95 8
170 88 -7
180 113 25
190 145 32
200 174 29
210 201 27
220 223 22
230 244 21
240 290 46
250 305 15
260 294 -11
270 322 28
280 305 -17
290 296 -9
300 313 17
310 371 58
320 388 17
330 382 -6
340 384 2
350 391 7
360 448 57
370 470 22
380 486 16
390 505 19
400 492 -13
410 479 -13
420 520 41
430 577 57
440 575 -2
450 572 -3
460 571 -1
470 554 -17
480 636 82
490 671 35
500 656 -15
510 651 -5
520 648 -3
530 704 56
540 713 9
550 777 64
560 788 11
570 827 39
580 792 -35
590 823 31
600 899 76
610 924 25
620 919 -5
630 902 -17
640 854 -48
650 843 -11
660 866 23
670 889 23
680 931 42
690 944 13
700 885 -59
710 840 -45
720 613 -227
730 404 -209
740 320 -84
750 277 -43
760 186 -91
770 65 -121
780 21 -44
790 8 -13
800 1 -7
810 0 -1
817 0 0
