0 0.9 2.2154444444444445 3.23871315703942 11.373 0.912 0 0
10 0.8 2.1254999999999997 2.702245362656767 11.373 0.912 2.2154444444444445 9
20 0.8 1.3083750000000003 0.5808381739994368 11.373 0.912 2.1731176470588234 17
30 1.3 2.728846153846154 5.873112054703246 23.07 0.767 1.8963999999999999 25
40 1.5 1.0050666666666666 0.10341403300433756 23.07 0.767 2.1811842105263155 38
50 0.7 1.067142857142857 0.2928726825145447 23.07 0.767 1.8483207547169809 53
60 1.1 1.0082727272727274 0.1421600192542902 23.07 0.706 1.757183333333333 60
70 2.2 1.0434545454545456 0.21058073970305144 23.07 0.706 1.6411549295774646 71
80 1.7 0.9190588235294119 0.0943401047451284 23.07 0.706 1.4997634408602147 93
90 1.9 1.476842105263158 2.375209204373993 23.07 0.706 1.4100181818181816 110
100 1.9 1.3643684210526317 1.5039148635802184 23.07 0.706 1.419860465116279 129
110 0.2 0.862 0.129 23.07 0.706 1.4127364864864864 148
120 2.1 0.9692380952380952 0.18231707199060934 23.07 0.706 1.405393333333333 150
130 1.8 1.0794444444444444 0.21946354347266941 23.07 0.706 1.3518304093567248 171
140 1.7 0.9548235294117648 0.10304952281427184 23.07 0.706 1.3258888888888887 189
150 2.2 1.494272727272727 2.2471452431477705 23.07 0.706 1.2952669902912621 206
160 2 1.0019 0.12780019561800368 23.07 0.706 1.3144692982456139 228
170 1.4 1.072642857142857 0.16853639163730325 23.07 0.706 1.2892620967741935 248
180 4 1.0221249999999997 0.10453066236755604 23.07 0.706 1.2776870229007633 262
190 5.2 0.9629807692307691 0.14315584439352685 23.07 0.698 1.2438377483443708 302
200 4.3 0.9655116279069769 0.13764166015047127 23.07 0.698 1.2025819209039545 354
210 4.6 1.6214782608695657 3.292031074785519 23.139 0.698 1.1769042821158686 397
220 2.8 1.030857142857143 0.16356993137181294 23.139 0.698 1.223067720090293 443
230 2.9 1.1516551724137931 0.7255984106292742 23.139 0.698 1.21164118895966 471
240 7.4 1.020716216216216 0.46083776591528497 23.139 0.692 1.2081619999999997 500
250 11.2 1.1681517857142858 1.2105890922089886 23.139 0.658 1.1839965156794423 574
260 25.9 0.8751660231660227 0.2598092696694875 23.139 0.461 1.1814096209912535 686
270 37.9 0.9977678100263859 0.8171039301284453 23.139 0.461 1.0974761904761903 945
280 46.1 0.893223427331887 0.8242619047410492 23.139 0.401 1.0689342900302115 1324
290 55.5 0.8594756756756753 0.5981808524946365 23.139 0.395 1.0235546218487395 1785
300 60.7 0.8190148270181221 0.3190517428367657 23.139 0.395 0.9846384615384614 2340
310 68.8 0.9390828488372115 0.7783242586263796 23.139 0.395 0.9505246012894468 2947
320 72 0.8830152777777768 0.590358649033629 23.139 0.392 0.9483590096286112 3635
330 87.4 0.9646109839816944 0.9339746869928679 23.139 0.392 0.9375559127439727 4355
340 106.9 1.0225622076707224 1.1993937941499668 23.139 0.386 0.9420780263912798 5229
350 122 1.010204918032787 1.0922702747445656 23.139 0.378 0.9557391235312804 6298
360 151 1.2895357615893999 2.0265349547672 26.503 0.378 0.9645776802341054 7518
370 157.8 1.4100215462610923 1.8059408754635644 26.503 0.378 1.0189293309703145 9028
380 176.3 1.350722064662509 1.7217244178338238 26.503 0.378 1.0771174806713184 10606
390 204.6 1.776746334310853 2.492639553950318 26.503 0.37 1.1161153690678314 12369
400 212.1 1.9622465818010364 2.8480316486281874 31.161 0.37 1.2098823447797442 14415
410 245.2 1.8800460848287137 2.5609974018751487 31.161 0.37 1.3063847968069673 16536
420 249.6 2.1102884615384605 2.783042864250906 31.161 0.37 1.3804640825784715 18988
430 244.6 2.0456410466067045 2.7243296588859702 31.161 0.37 1.4652547011729666 21484
440 240.7 2.180480681346076 2.9974204416550188 31.161 0.37 1.5245787714166323 23930
450 247.9 2.0203852359822463 2.5392901012435263 31.161 0.366 1.5845231803166655 26337
460 270.8 2.287292836041357 2.8917013462776358 31.161 0.366 1.6220197806774017 28816
470 299.8 2.563538692461642 3.2451240369227654 32.336 0.366 1.679168601700292 31524
480 320.8 2.8775900872817997 3.215434677683233 32.336 0.366 1.7559701060193502 34522
490 303.8 2.8995296247531335 3.481413596840978 35.279 0.366 1.8513360455870664 37730
500 334.9 2.8568772767990382 3.1969914849683176 35.279 0.366 1.9294466248037685 40768
510 355.5 3.3467322081575195 3.992722086981661 37.32 0.366 1.9998495364598685 44117
520 370.8 3.422650485436886 3.6542596676651415 42.06 0.366 2.1002893732169827 47672
530 378.8 4.155345564941899 4.629725113933315 42.06 0.366 2.195721739976644 51380
540 384.4 4.045691207075979 4.380641773790287 42.06 0.366 2.3302753770301607 55168
550 402.5 4.348501366459604 4.5716467919798065 42.06 0.366 2.4420163526062493 59012
560 401.8 4.260288949726245 4.43944306861399 42.06 0.366 2.563748068594633 63037
570 445.4 5.217059721598556 4.974166329233806 42.06 0.366 2.665406427559465 67055
580 461.2 5.760778404163061 5.317135274530036 42.06 0.366 2.824338363003257 71509
590 488.5 6.110612282497444 5.110066740789702 42.06 0.366 3.0022506535647184 76121
600 501 7.082684431137725 5.658469410492406 42.06 0.366 3.1896978371972438 81006
610 510.7 7.933448991580186 5.9429866387418055 42.06 0.366 3.416444754464285 86016
620 531.3 9.779516280820582 6.585646018848232 43.968 0.366 3.669600825258167 91123
630 525.7 12.662714666159458 7.318625550956086 44.788 0.366 4.006217657306397 96436
640 562.7 14.356575439843601 7.397321315772844 49.056 0.366 4.453713598772777 101693
650 566.4 13.152011652542392 6.933520621688201 49.056 0.366 4.972940244129705 107320
660 547.8 12.504112084702443 7.0726324944692145 49.056 0.366 5.382965207463004 112984
670 523.9 11.835285741553779 7.1411254063849245 49.056 0.366 5.712266102209991 118462
680 520.3 9.885280030751524 6.082767444018535 59.22 0.366 5.971588984729308 123701
690 500 9.981022399999995 6.698535243461674 59.22 0.366 6.129558749146655 128904
700 555.6 14.84350035997124 8.517696616389186 66.032 0.366 6.273373110586692 133904
710 577.9 15.625539712753097 7.532684475959966 66.032 0.366 6.614801670729963 139460
720 547.6 10.881948319941563 6.45770768585484 66.032 0.366 6.973335226764167 145239
730 495.1 7.58452979196124 6.3726217141998776 66.032 0.366 7.115348731048674 150715
740 371.1 4.1426467259498665 4.648524092517033 66.032 0.366 7.130271163902208 155666
750 214.8 3.0725139664804497 4.128646747634256 66.032 0.366 7.060706080551153 159377
760 110.4 2.2723586956521764 2.7878747054250907 66.032 0.366 7.007670100603629 161525
770 49.1 1.3297250509164973 1.8737852971676403 66.032 0.366 6.97552464197653 162629
780 13.4 0.9302313432835815 0.42563532695831535 66.032 0.366 6.958530480627765 163120
790 4.3 1.2558139534883723 0.5300902185527481 66.032 0.366 6.953582411457 163254
800 0.7 1.1211428571428572 0.053512157687839096 66.032 0.366 6.952082052946478 163297
810 0.5 2.4092000000000002 2.1081433917074994 66.032 0.366 6.951832110664779 163304
817 0.1 1.076 0.0 66.032 0.366 6.951693029777913 163309
