0 0.1 10.912486060260953 0 10.912486060260953 10.912486060260953 0 0
10 0.1 4.3999999999999995 0.0 10.912486060260953 4.3999999999999995 10.912486060260953 1
20 0.1 2.106318956870612 0.0 10.912486060260953 2.106318956870612 7.656243030130476 2
30 0.1 0.7028112449799196 0.0 10.912486060260953 0.7028112449799196 5.8062683390438545 3
40 0.1 1.5045135406218655 0.0 10.912486060260953 0.7028112449799196 4.530404065527871 4
50 0.1 1.3131313131313131 0.0 10.912486060260953 0.7028112449799196 3.92522596054667 5
60 0.1 1.706827309236948 0.0 10.912486060260953 0.7028112449799196 3.48987685264411 6
70 0.1 1.7189079878665317 0.0 10.912486060260953 0.7028112449799196 3.23515548930023 7
80 0.1 1.8163471241170535 0.0 10.912486060260953 0.7028112449799196 3.045624551621018 8
90 0.1 2.3138832997987926 0.0 10.912486060260953 0.7028112449799196 2.909038170787244 9
100 0.1 2.217741935483871 0.0 10.912486060260953 0.7028112449799196 2.849522683688399 10
110 0.1 2.62891809908999 0.0 10.912486060260953 0.7028112449799196 2.7920880702152604 11
120 0.1 2.323232323232323 0.0 10.912486060260953 0.7028112449799196 2.778490572621488 12
130 0.1 2.8368794326241136 0.0 10.912486060260953 0.7028112449799196 2.74347070728386 13
140 0.1 2.532928064842958 0.0 10.912486060260953 0.7028112449799196 2.7501427590938787 14
150 0.1 5.23138832997988 0.0 10.912486060260953 0.7028112449799196 2.7356617794771503 15
160 0.1 3.614457831325301 0.0 10.912486060260953 0.7028112449799196 2.891644688883571 16
170 0.1 7.645875251509055 0.0 10.912486060260953 0.7028112449799196 2.9341631090272022 17
180 0.1 7.769929364278506 0.0 10.912486060260953 0.7028112449799196 3.1959248947206387 18
190 0.1 4.887983706720977 0.0 10.912486060260953 0.7028112449799196 3.43666197206579 19
200 0.1 4.448938321536906 0.0 10.912486060260953 0.7028112449799196 3.5092280587985494 20
210 0.1 4.747474747474747 0.0 10.912486060260953 0.7028112449799196 3.5539761665479945 21
220 0.1 4.471544715447155 0.0 10.912486060260953 0.7028112449799196 3.6082261020446653 22
230 0.1 4.82897384305835 0.0 10.912486060260953 0.7028112449799196 3.64576169393173 23
240 0.1 4.9695740365111565 0.0 10.912486060260953 0.7028112449799196 3.695062200145339 24
250 0.1 6.990881458966565 0.0 10.912486060260953 0.7028112449799196 3.746042673599972 25
260 0.1 9.644670050761421 0.0 10.912486060260953 0.7028112449799196 3.8708441653448413 26
270 0.1 15.29294935451837 0.0 15.29294935451837 0.7028112449799196 4.084689568508418 27
280 0.1 18.208955223880597 0.0 18.208955223880597 0.7028112449799196 4.484984560865916 28
290 0.1 19.601990049751244 0.0 19.601990049751244 0.7028112449799196 4.958224928556077 29
300 0.1 21.428571428571427 0.0 21.428571428571427 0.7028112449799196 5.446350432595916 30
310 0.1 23.81422924901186 0.0 23.81422924901186 0.7028112449799196 5.961905948595126 31
320 0.1 22.831505483549353 0.0 23.81422924901186 0.7028112449799196 6.519791051733149 32
330 0.1 24.626121635094716 0.0 24.626121635094716 0.7028112449799196 7.014085428454853 33
340 0.1 28.090999010880317 0.0 28.090999010880317 0.7028112449799196 7.532086493356026 34
350 0.1 31.51219512195122 0.0 31.51219512195122 0.7028112449799196 8.119483993856718 35
360 0.1 33.82936507936508 0.0 33.82936507936508 0.7028112449799196 8.769281525192676 36
370 0.1 37.4031007751938 0.0 37.4031007751938 0.7028112449799196 9.44658108071085 37
380 0.1 38.63198458574181 0.0 38.63198458574181 0.7028112449799196 10.18227896740777 38
390 0.1 40.49429657794677 0.0 40.49429657794677 0.7028112449799196 10.911758598647104 39
400 0.1 42.16061185468451 0.0 42.16061185468451 0.7028112449799196 11.651322048129597 40
410 0.1 43.361986628462276 0.0 43.361986628462276 0.7028112449799196 12.39545106780167 41
420 0.1 43.61702127659575 0.0 43.61702127659575 0.7028112449799196 13.132749533531683 42
430 0.1 44.35946462715105 0.0 44.35946462715105 0.7028112449799196 13.841686085695965 43
440 0.1 43.953934740882914 0.0 44.35946462715105 0.7028112449799196 14.535271961638125 44
450 0.1 44.04646660212972 0.0 44.35946462715105 0.7028112449799196 15.18902002339912 45
460 0.1 44.32692307692307 0.0 44.35946462715105 0.7028112449799196 15.816355818588917 46
470 0.1 44.827586206896555 0.0 44.827586206896555 0.7028112449799196 16.422963632596026 47
480 0.1 45.629202689721424 0.0 45.629202689721424 0.7028112449799196 17.014726602893955 48
490 0.1 46.23450905624404 0.0 46.23450905624404 0.7028112449799196 17.598695502625127 49
500 0.1 46.05647517039922 0.0 46.23450905624404 0.7028112449799196 18.171411773697503 50
510 0.1 46.50717703349282 0.0 46.50717703349282 0.7028112449799196 18.718177722652438 51
520 0.1 46.962391513982645 0.0 46.962391513982645 0.7028112449799196 19.252581555553213 52
530 0.1 47.50479846449136 0.0 47.50479846449136 0.7028112449799196 19.775408158542447 53
540 0.1 47.614410905550145 0.0 47.614410905550145 0.7028112449799196 20.28891538643039 54
550 0.1 48.06201550387597 0.0 48.06201550387597 0.7028112449799196 20.785742577687113 55
560 0.1 47.8515625 0.0 48.06201550387597 0.7028112449799196 21.272818879940484 56
570 0.1 48.336594911937375 0.0 48.336594911937375 0.7028112449799196 21.739112627660827 57
580 0.1 48.91089108910891 0.0 48.91089108910891 0.7028112449799196 22.19768990842422 58
590 0.1 49.25668979187314 0.0 49.25668979187314 0.7028112449799196 22.650456030130737 59
600 0.1 49.25521350546177 0.0 49.25668979187314 0.7028112449799196 23.09389325949311 60
610 0.1 49.30417495029821 0.0 49.30417495029821 0.7028112449799196 23.522767361886043 61
620 0.1 49.30417495029821 0.0 49.30417495029821 0.7028112449799196 23.93859651653785 62
630 0.1 49.25668979187314 0.0 49.30417495029821 0.7028112449799196 24.341224745645157 63
640 0.1 49.26829268292683 0.0 49.30417495029821 0.7028112449799196 24.73052888699247 64
650 0.1 49.36086529006883 0.0 49.36086529006883 0.7028112449799196 25.10803294539146 65
660 0.1 49.3583415597236 0.0 49.36086529006883 0.7028112449799196 25.475500102128997 66
670 0.1 49.3570722057369 0.0 49.36086529006883 0.7028112449799196 25.831960422391603 67
680 0.1 49.311023622047244 0.0 49.36086529006883 0.7028112449799196 26.177917948617267 68
690 0.1 49.209486166007906 0.0 49.36086529006883 0.7028112449799196 26.51318034968147 69
700 0.1 49.40944881889764 0.0 49.40944881889764 0.7028112449799196 26.837413289914707 70
710 0.1 49.46025515210991 0.0 49.46025515210991 0.7028112449799196 27.15532928328066 71
720 0.1 49.311023622047244 0.0 49.46025515210991 0.7028112449799196 27.465119920347735 72
730 0.1 49.25816023738873 0.0 49.46025515210991 0.7028112449799196 27.764378875165537 73
740 0.1 49.2 0.0 49.46025515210991 0.7028112449799196 28.05483538006045 74
750 0.1 49.14914914914915 0.0 49.46025515210991 0.7028112449799196 28.336770908326308 75
760 0.1 49.349349349349346 0.0 49.46025515210991 0.7028112449799196 28.6106179904424 76
770 0.1 43.53059177532598 0.0 49.46025515210991 0.7028112449799196 28.879952163934696 77
780 0.1 10.468594217347956 0.0 49.46025515210991 0.7028112449799196 29.06778087690125 78
790 0.1 3.7037037037037033 0.0 49.46025515210991 0.7028112449799196 28.832348134375255 79
800 0.1 1.2024048096192386 0.0 49.46025515210991 0.7028112449799196 28.518240078991862 80
810 0.1 0.4012036108324975 0.0 49.46025515210991 0.4012036108324975 28.181007544802075 81
817 0.1 0.2 0.0 49.46025515210991 0.2 27.84222944804635 82
