0 0 0
10 0 0
20 0 0
30 0 0
40 0.5 5
50 0.4 9
60 0.9 18
70 1.2 30
80 1.2 42
90 0.9 51
100 0.8 59
110 1.2 71
120 1.2 83
130 2.2 105
140 1.7 122
150 1.9 141
160 1.2 153
170 2.1 174
180 1.5 189
190 2 209
200 1.4 223
210 1.9 242
220 0.6 248
230 0.9 257
240 0.9 266
250 1.8 284
260 2.8 312
270 2.3 335
280 4.8 383
290 4.5 428
300 4.8 476
310 6.1 537
320 6.4 601
330 5.3 654
340 7.4 728
350 4.8 776
360 8.6 862
370 11.4 976
380 10.4 1080
390 11.2 1192
400 11.4 1306
410 12.9 1435
420 16.5 1600
430 17.1 1771
440 17.6 1947
450 14.5 2092
460 16.2 2254
470 16.8 2422
480 17.1 2593
490 19.2 2785
500 21.4 2999
510 21.5 3214
520 20.7 3421
530 23.7 3658
540 23.8 3896
550 24.5 4141
560 24.3 4384
570 25.7 4641
580 27.1 4912
590 27 5182
600 29.9 5481
610 31.6 5797
620 32.7 6124
630 29.3 6417
640 32.4 6741
650 35.1 7092
660 37.3 7465
670 36.1 7826
680 35.3 8179
690 31.5 8494
700 30.9 8803
710 33 9133
720 35.4 9487
730 36.6 9853
740 36.5 10218
750 29 10508
760 25.1 10759
770 19.6 10955
780 6.6 11021
790 2.4 11045
800 0.8 11053
810 0.1 11054
817 0.1 11055
