0 0.1 3497.24609375 0 3497.24609375 3497.24609375 0 0
10 0.1 3499.859375 0.0 3499.859375 3497.24609375 3497.24609375 1
20 0.1 3497.56640625 0.0 3499.859375 3497.24609375 3498.552734375 2
30 0.1 3489.96875 0.0 3499.859375 3489.96875 3498.2239583333335 3
40 0.1 3481.84375 0.0 3499.859375 3481.84375 3496.16015625 4
50 0.1 3476.2421875 0.0 3499.859375 3476.2421875 3493.296875 5
60 0.1 3471.0078125 0.0 3499.859375 3471.0078125 3490.4544270833335 6
70 0.1 3469.546875 0.0 3499.859375 3469.546875 3487.676339285714 7
80 0.1 3463.359375 0.0 3499.859375 3463.359375 3485.41015625 8
90 0.1 3460.4296875 0.0 3499.859375 3460.4296875 3482.9600694444443 9
100 0.1 3461.90625 0.0 3499.859375 3460.4296875 3480.70703125 10
110 0.1 3455.41796875 0.0 3499.859375 3455.41796875 3478.997869318182 11
120 0.1 3454.92578125 0.0 3499.859375 3454.92578125 3477.0328776041665 12
130 0.1 3454.59375 0.0 3499.859375 3454.59375 3475.332331730769 13
140 0.1 3454.703125 0.0 3499.859375 3454.59375 3473.851004464286 14
150 0.1 3456.25 0.0 3499.859375 3454.59375 3472.5744791666666 15
160 0.1 3454.828125 0.0 3499.859375 3454.59375 3471.55419921875 16
170 0.1 3454.95703125 0.0 3499.859375 3454.59375 3470.5703125 17
180 0.1 3452.1953125 0.0 3499.859375 3452.1953125 3469.7029079861113 18
190 0.1 3445.671875 0.0 3499.859375 3445.671875 3468.7814555921054 19
200 0.1 3430.84375 0.0 3499.859375 3430.84375 3467.6259765625 20
210 0.1 3416.96875 0.0 3499.859375 3416.96875 3465.874441964286 21
220 0.1 3397.2734375 0.0 3499.859375 3397.2734375 3463.651455965909 22
230 0.1 3386.41796875 0.0 3499.859375 3386.41796875 3460.7654551630435 23
240 0.1 3376.953125 0.0 3499.859375 3376.953125 3457.6676432291665 24
250 0.1 3352.4140625 0.0 3499.859375 3352.4140625 3454.4390625 25
260 0.1 3333.71484375 0.0 3499.859375 3333.71484375 3450.5150240384614 26
270 0.1 3335.67578125 0.0 3499.859375 3333.71484375 3446.189091435185 27
280 0.1 3334.78515625 0.0 3499.859375 3333.71484375 3442.2421875 28
290 0.1 3336.01171875 0.0 3499.859375 3333.71484375 3438.5367726293102 29
300 0.1 3323.65625 0.0 3499.859375 3323.65625 3435.1192708333333 30
310 0.1 3324.52734375 0.0 3499.859375 3323.65625 3431.5236895161293 31
320 0.1 3323.14453125 0.0 3499.859375 3323.14453125 3428.1800537109375 32
330 0.1 3323.5 0.0 3499.859375 3323.14453125 3424.997159090909 33
340 0.1 3295.296875 0.0 3499.859375 3295.296875 3422.0119485294117 34
350 0.1 3293.8828125 0.0 3499.859375 3293.8828125 3418.391517857143 35
360 0.1 3292.9453125 0.0 3499.859375 3292.9453125 3414.9329427083335 36
370 0.1 3292.80859375 0.0 3499.859375 3292.80859375 3411.6359797297296 37
380 0.1 3292.67578125 0.0 3499.859375 3292.67578125 3408.5089432565787 38
390 0.1 3290.55078125 0.0 3499.859375 3290.55078125 3405.5388621794873 39
400 0.1 3289.25390625 0.0 3499.859375 3289.25390625 3402.66416015625 40
410 0.1 3289.45703125 0.0 3499.859375 3289.25390625 3399.898056402439 41
420 0.1 3286.26953125 0.0 3499.859375 3286.26953125 3397.268508184524 42
430 0.1 3285.54296875 0.0 3499.859375 3285.54296875 3394.687136627907 43
440 0.1 3283.9140625 0.0 3499.859375 3283.9140625 3392.2065873579545 44
450 0.1 3284.01953125 0.0 3499.859375 3283.9140625 3389.8000868055556 45
460 0.1 3285.72265625 0.0 3499.859375 3283.9140625 3387.5005095108695 46
470 0.1 3269.35546875 0.0 3499.859375 3269.35546875 3385.3350232712764 47
480 0.1 3266.69140625 0.0 3499.859375 3266.69140625 3382.9187825520835 48
490 0.1 3264.5703125 0.0 3499.859375 3264.5703125 3380.546795280612 49
500 0.1 3261.6171875 0.0 3499.859375 3261.6171875 3378.227265625 50
510 0.1 3260.9140625 0.0 3499.859375 3260.9140625 3375.940793504902 51
520 0.1 3262.7890625 0.0 3499.859375 3260.9140625 3373.728740985577 52
530 0.1 3248.859375 0.0 3499.859375 3248.859375 3371.635539504717 53
540 0.1 3250.6171875 0.0 3499.859375 3248.859375 3369.361906828704 54
550 0.1 3245.734375 0.0 3499.859375 3245.734375 3367.202911931818 55
560 0.1 3243.09375 0.0 3499.859375 3243.09375 3365.0338309151784 56
570 0.1 3227.1875 0.0 3499.859375 3227.1875 3362.89453125 57
580 0.1 3210.12109375 0.0 3499.859375 3210.12109375 3360.554754849138 58
590 0.1 3207.08203125 0.0 3499.859375 3207.08203125 3358.005031779661 59
600 0.1 3194.34765625 0.0 3499.859375 3194.34765625 3355.4896484375 60
610 0.1 3176.98046875 0.0 3499.859375 3176.98046875 3352.847976434426 61
620 0.1 3171.6015625 0.0 3499.859375 3171.6015625 3350.0114037298385 62
630 0.1 3154.05859375 0.0 3499.859375 3154.05859375 3347.1795014880954 63
640 0.1 3139.23046875 0.0 3499.859375 3139.23046875 3344.1619873046875 64
650 0.1 3137.8984375 0.0 3499.859375 3137.8984375 3341.0091947115384 65
660 0.1 3140.375 0.0 3499.859375 3137.8984375 3337.931758996212 66
670 0.1 3136.75390625 0.0 3499.859375 3136.75390625 3334.983150652985 67
680 0.1 3134.29296875 0.0 3499.859375 3134.29296875 3332.0680147058824 68
690 0.1 3137.6796875 0.0 3499.859375 3134.29296875 3329.201709692029 69
700 0.1 3134.73828125 0.0 3499.859375 3134.29296875 3326.4656808035716 70
710 0.1 3121.34765625 0.0 3499.859375 3121.34765625 3323.765294894366 71
720 0.1 3119.51953125 0.0 3499.859375 3119.51953125 3320.953938802083 72
730 0.1 3127.109375 0.0 3499.859375 3119.51953125 3318.194563356164 73
740 0.1 3137.97265625 0.0 3499.859375 3119.51953125 3315.612331081081 74
750 0.1 3144.39453125 0.0 3499.859375 3119.51953125 3313.243802083333 75
760 0.1 3158.00390625 0.0 3499.859375 3119.51953125 3311.0221011513154 76
770 0.1 3169.9765625 0.0 3499.859375 3119.51953125 3309.034851866883 77
780 0.1 3188.7109375 0.0 3499.859375 3119.51953125 3307.2520532852564 78
790 0.1 3237.5625 0.0 3499.859375 3119.51953125 3305.7515328322784 79
800 0.1 3288.70703125 0.0 3499.859375 3119.51953125 3304.899169921875 80
810 0.1 3290.68359375 0.0 3499.859375 3119.51953125 3304.6992669753085 81
817 0.1 3290.71875 0.0 3499.859375 3119.51953125 3304.5283441310976 82
