0 0.1 0.1484375 0 0.1484375 0.1484375 0 0
10 0.1 0.12109375 0.0 0.1484375 0.12109375 0.1484375 1
20 0.1 0.1796875 0.0 0.1796875 0.12109375 0.134765625 2
30 0.1 0.1484375 0.0 0.1796875 0.12109375 0.14973958333333334 3
40 0.1 0.12890625 0.0 0.1796875 0.12109375 0.1494140625 4
50 0.1 0.109375 0.0 0.1796875 0.109375 0.1453125 5
60 0.1 0.08984375 0.0 0.1796875 0.08984375 0.13932291666666666 6
70 0.1 0.078125 0.0 0.1796875 0.078125 0.13225446428571427 7
80 0.1 0.05859375 0.0 0.1796875 0.05859375 0.12548828125 8
90 0.1 0.05078125 0.0 0.1796875 0.05078125 0.11805555555555555 9
100 0.1 0.0390625 0.0 0.1796875 0.0390625 0.111328125 10
110 0.1 0.0390625 0.0 0.1796875 0.0390625 0.10475852272727272 11
120 0.1 0.03125 0.0 0.1796875 0.03125 0.09928385416666667 12
130 0.1 0.03125 0.0 0.1796875 0.03125 0.09405048076923077 13
140 0.1 0.01953125 0.0 0.1796875 0.01953125 0.08956473214285714 14
150 0.1 0.16015625 0.0 0.1796875 0.01953125 0.08489583333333334 15
160 0.1 0.140625 0.0 0.1796875 0.01953125 0.089599609375 16
170 0.1 0.12109375 0.0 0.1796875 0.01953125 0.09260110294117647 17
180 0.1 0.1015625 0.0 0.1796875 0.01953125 0.09418402777777778 18
190 0.1 0.078125 0.0 0.1796875 0.01953125 0.09457236842105263 19
200 0.1 0.0703125 0.0 0.1796875 0.01953125 0.09375 20
210 0.1 0.12890625 0.0 0.1796875 0.01953125 0.09263392857142858 21
220 0.1 0.19140625 0.0 0.19140625 0.01953125 0.09428267045454546 22
230 0.1 0.16015625 0.0 0.19140625 0.01953125 0.09850543478260869 23
240 0.1 0.12890625 0.0 0.19140625 0.01953125 0.10107421875 24
250 0.1 0.109375 0.0 0.19140625 0.01953125 0.1021875 25
260 0.1 0.08984375 0.0 0.19140625 0.01953125 0.1024639423076923 26
270 0.1 0.078125 0.0 0.19140625 0.01953125 0.10199652777777778 27
280 0.1 0.0703125 0.0 0.19140625 0.01953125 0.10114397321428571 28
290 0.1 0.05859375 0.0 0.19140625 0.01953125 0.10008081896551724 29
300 0.1 0.05078125 0.0 0.19140625 0.01953125 0.09869791666666666 30
310 0.1 0.0390625 0.0 0.19140625 0.01953125 0.09715221774193548 31
320 0.1 0.03125 0.0 0.19140625 0.01953125 0.0953369140625 32
330 0.1 0.1015625 0.0 0.19140625 0.01953125 0.09339488636363637 33
340 0.1 0.25 0.0 0.25 0.01953125 0.09363511029411764 34
350 0.1 0.2109375 0.0 0.25 0.01953125 0.09810267857142857 35
360 0.1 0.33984375 0.0 0.33984375 0.01953125 0.10123697916666667 36
370 0.1 0.51171875 0.0 0.51171875 0.01953125 0.10768581081081081 37
380 0.1 0.578125 0.0 0.578125 0.01953125 0.11831825657894737 38
390 0.1 0.55859375 0.0 0.578125 0.01953125 0.13010817307692307 39
400 0.1 0.7890625 0.0 0.7890625 0.01953125 0.1408203125 40
410 0.1 0.890625 0.0 0.890625 0.01953125 0.1566310975609756 41
420 0.1 0.8984375 0.0 0.8984375 0.01953125 0.17410714285714285 42
430 0.1 1.0 0.0 1.0 0.01953125 0.19095203488372092 43
440 0.1 1.0 0.0 1.0 0.01953125 0.20933948863636365 44
450 0.1 0.8515625 0.0 1.0 0.01953125 0.22690972222222222 45
460 0.1 1.01953125 0.0 1.01953125 0.01953125 0.24048913043478262 46
470 0.1 1.01171875 0.0 1.01953125 0.01953125 0.2570644946808511 47
480 0.1 1.171875 0.0 1.171875 0.01953125 0.2727864583333333 48
490 0.1 1.21875 0.0 1.21875 0.01953125 0.2911352040816326 49
500 0.1 1.26171875 0.0 1.26171875 0.01953125 0.30968749999999995 50
510 0.1 1.140625 0.0 1.26171875 0.01953125 0.3283547794117647 51
520 0.1 1.12109375 0.0 1.26171875 0.01953125 0.3439753605769231 52
530 0.1 1.328125 0.0 1.328125 0.01953125 0.35863797169811323 53
540 0.1 1.44140625 0.0 1.44140625 0.01953125 0.3765914351851852 54
550 0.1 1.6015625 0.0 1.6015625 0.01953125 0.39595170454545453 55
560 0.1 1.5 0.0 1.6015625 0.01953125 0.41748046875 56
570 0.1 1.578125 0.0 1.6015625 0.01953125 0.43647203947368424 57
580 0.1 1.5703125 0.0 1.6015625 0.01953125 0.4561557112068966 58
590 0.1 1.53125 0.0 1.6015625 0.01953125 0.4750397245762712 59
600 0.1 1.44140625 0.0 1.6015625 0.01953125 0.49264322916666664 60
610 0.1 1.44921875 0.0 1.6015625 0.01953125 0.5081967213114754 61
620 0.1 1.37890625 0.0 1.6015625 0.01953125 0.5233744959677419 62
630 0.1 1.3203125 0.0 1.6015625 0.01953125 0.5369543650793651 63
640 0.1 1.26953125 0.0 1.6015625 0.01953125 0.5491943359375 64
650 0.1 1.23046875 0.0 1.6015625 0.01953125 0.5602764423076924 65
660 0.1 1.19140625 0.0 1.6015625 0.01953125 0.5704308712121212 66
670 0.1 1.16015625 0.0 1.6015625 0.01953125 0.5796991604477612 67
680 0.1 1.140625 0.0 1.6015625 0.01953125 0.5882352941176471 68
690 0.1 1.12109375 0.0 1.6015625 0.01953125 0.5962409420289855 69
700 0.1 1.1015625 0.0 1.6015625 0.01953125 0.6037388392857143 70
710 0.1 1.078125 0.0 1.6015625 0.01953125 0.6107504401408451 71
720 0.1 1.0703125 0.0 1.6015625 0.01953125 0.6172417534722222 72
730 0.1 1.05859375 0.0 1.6015625 0.01953125 0.6234482020547946 73
740 0.1 1.05078125 0.0 1.6015625 0.01953125 0.6293285472972973 74
750 0.1 1.0390625 0.0 1.6015625 0.01953125 0.6349479166666666 75
760 0.1 1.26953125 0.0 1.6015625 0.01953125 0.6402652138157894 76
770 0.1 1.23046875 0.0 1.6015625 0.01953125 0.6484374999999999 77
780 0.1 1.0390625 0.0 1.6015625 0.01953125 0.655899439102564 78
790 0.1 1.12109375 0.0 1.6015625 0.01953125 0.6607496044303797 79
800 0.1 0.94921875 0.0 1.6015625 0.01953125 0.6665039062499999 80
810 0.1 0.80078125 0.0 1.6015625 0.01953125 0.6699942129629629 81
817 0.1 0.6796875 0.0 1.6015625 0.01953125 0.6715891768292682 82
