0 1.3 8.39323076923077 4.627909731747919 19.308 5.217 0 0
10 2.6 39.541384615384615 43.1192021289435 139.918 5.217 8.39323076923077 13
20 5.9 35.93106779661017 37.630593798431114 170.456 4.818 29.15866666666667 39
30 11.3 52.8291592920354 61.93323626672679 293.774 4.659 33.23592857142857 98
40 16.6 42.165530120481954 40.729132978160834 293.774 4.639 43.72898578199052 211
50 18 52.235205555555574 51.698686418912814 293.774 4.575 43.040567639257304 377
60 20 49.14484999999999 49.08652907751271 293.774 4.575 46.011904847396785 557
70 22.3 41.225304932735376 42.81395370247834 293.774 4.575 46.83963143989433 757
80 22.7 56.70277533039643 66.34620197853043 331.974 4.575 45.562085714285715 980
90 24.1 51.925834024896275 47.10807216225073 331.974 4.575 47.65731068765533 1207
100 29.5 78.01259322033897 73.46431427956524 353.326 4.575 48.36774861878452 1448
110 31.3 91.14985623003199 111.53528307431756 518.841 4.46 53.385091795754434 1743
120 33.4 62.245892215568766 56.53080148687845 518.841 4.46 59.13429961089494 2056
130 33.7 60.895145400593385 59.48990379663229 518.841 4.46 59.56914142259413 2390
140 32.3 77.30478328173376 83.2942009070967 518.841 4.46 59.73300770077005 2727
150 35.9 74.88564623955435 88.5494140405199 554.919 4.46 61.59388754098359 3050
160 35 72.27314571428568 69.6827501173214 554.919 4.46 62.993635670284526 3409
170 37.2 126.35016129032255 116.4023274747943 554.919 4.46 63.857649640861915 3759
180 41.1 104.04829440389291 116.67036634688662 606.478 4.46 69.4851525054466 4131
190 45 148.40185999999986 161.70177777534505 787.306 4.46 72.6127287538529 4542
200 48 378.10676458333364 229.6792697798315 946.168 4.46 79.4446816907051 4992
210 48.4 723.943378099173 314.00547686526073 1508.028 4.46 105.64311001461988 5472
220 31.4 2477.1265828025466 1034.7259772025095 4127.935 4.46 155.88779264607115 5956
230 51 2169.6292019607827 844.4158941895962 4127.935 4.46 272.1348389154704 6270
240 54.6 2207.384888278388 956.291634775017 4127.935 0.36 414.8667157817107 6780
250 60.2 2099.539916943524 1120.567682483279 4127.935 0.34 548.4614362544361 7326
260 77.6 1754.769518041237 1541.6186772337192 4543.644 0.34 666.2400998990919 7928
270 91.2 1537.782411184211 1323.0550347665032 4543.644 0.34 763.2872998621324 8704
280 102.1 1302.377275220373 1340.3125146587593 4543.644 0.34 836.7419110856905 9616
290 106.7 1260.2597160262414 1381.1587638657677 4565.319 0.34 881.4362522327725 10637
300 113.6 1210.0759885563375 1250.9027670321082 4565.319 0.338 915.9718499658238 11704
310 123.7 1093.5717720291038 1201.735499086231 4565.319 0.322 941.9922784267914 12840
320 129.9 1025.8438929946115 1192.4856510728725 4565.319 0.322 955.312150103005 14077
330 144.8 936.3336678176805 1322.3398912158527 4565.319 0.322 961.2708346774195 15376
340 163.7 871.0919413561396 1209.4749701371804 4565.319 0.322 959.1245545054685 16824
350 178.3 746.396837352776 1104.783424867849 4565.319 0.322 951.3184016575485 18461
360 217.5 649.6498183908043 1042.336179347151 4565.319 0.322 933.2698366923535 20244
370 229.5 578.5467281045749 1030.044713389863 4565.319 0.322 905.7541785539054 22419
380 246 557.942852845528 1047.788668637657 4565.319 0.322 875.3689273286399 24714
390 281.1 509.9183091426544 919.0519012880582 4565.319 0.322 846.6330716125709 27174
400 285.5 461.9857520140091 848.4335618119721 4565.319 0.322 815.067115391029 29985
410 320.6 439.5325318153463 849.0485574001032 4565.319 0.322 784.3714000304508 32840
420 328.1 411.8031152087778 730.9128246171549 4565.319 0.322 753.7007732896855 36046
430 325.1 424.11834758535883 782.6761345445173 4565.319 0.322 725.1767003585323 39327
440 327.7 424.7823494049421 749.2076405582325 4565.319 0.322 702.1896952181878 42578
450 332 414.5905099397581 755.718199841641 4565.319 0.322 682.364946069131 45855
460 363.7 382.8557517184489 692.7466418878743 4565.319 0.322 664.2864279613624 49175
470 386.3 352.9268886875485 702.8180256062841 4565.319 0.322 644.9051629175186 52812
480 413 347.0274513317205 668.1046083904051 4565.319 0.322 625.0037588883987 56675
490 396.5 331.13235308953443 590.2731171832849 4565.319 0.322 606.1230393717623 60805
500 445.1 310.1251336778268 656.982267305086 4565.319 0.322 589.2890410529567 64770
510 456.3 310.81822156476045 650.1191346738362 4565.319 0.322 571.3384400543189 69221
520 472.2 298.61462918255114 622.691350851679 4565.319 0.322 555.2271726119485 73784
530 490 286.64304979591856 572.2430363940332 4565.319 0.322 539.7923723409677 78506
540 497.4 279.5774895456365 570.0810291578093 4565.319 0.322 524.9201607438315 83406
550 513.5 278.52525219084936 563.4336934225516 4565.319 0.322 511.1123484951347 88380
560 512.4 257.25756713505206 578.0553547891342 4565.319 0.322 498.3407638346791 93515
570 568.4 252.70117012667146 503.4363454205217 4565.319 0.322 485.8172153407883 98639
580 589.3 243.7586438146959 502.97228064880994 4565.319 0.322 473.11597399422965 104323
590 613.3 231.0205917169427 498.3435739646106 4565.319 0.322 460.8527567957467 110216
600 630.4 237.90881313451754 490.7351469415875 4565.319 0.322 448.7378209696691 116349
610 657.4 217.48283875874662 501.98418511700066 4565.319 0.322 437.9018359925972 122653
620 672.8 222.20241706301954 445.99933631613203 4565.319 0.322 426.688742074025 129227
630 661.6 221.28543425030196 434.0543252164901 4565.319 0.322 416.56933495641965 135955
640 705.5 216.81780963855442 424.06388660111026 4565.319 0.322 407.50719548154973 142571
650 710.5 213.4744920478532 417.0911764968571 4565.319 0.322 398.51602003662487 149626
660 691.6 222.08493189704998 407.68111731608303 4565.319 0.322 390.12763448201076 156731
670 669.1 224.25788282767866 421.56528700669156 4565.319 0.322 383.0258646293548 163647
680 665.8 225.6387658455996 398.6826056016198 4565.319 0.322 376.78934332327503 170338
690 638.4 214.02929307644115 413.96922256398074 4565.319 0.322 371.1035620353004 176996
700 699.1 225.30597553998126 395.6409176155171 4565.319 0.322 365.63534231104825 183380
710 719.4 212.92221114817897 411.76918200627523 4565.319 0.322 360.4820227240495 190371
720 681.7 220.64150080680605 410.0370596411272 4565.319 0.322 355.10887826791196 197565
730 606.4 241.26381563324526 450.97814180146645 4565.319 0.322 350.62382521944215 204382
740 460.4 307.1027951781055 506.5730341998789 4565.319 0.322 347.4726173175068 210446
750 282.5 447.86067964601745 544.4137496096446 4565.319 0.322 346.60834081841443 215050
760 168.9 753.2974511545285 566.4202019879915 4565.319 0.322 347.92119386345394 217875
770 102.3 315.1023206256106 370.87408401721933 4565.319 0.322 351.03955797853934 219564
780 34.5 26.959869565217424 33.01171380213396 4565.319 0.322 350.872894513276 220587
790 12 19.24617500000001 21.544524674753017 4565.319 0.322 350.3670827992324 220932
800 3.7 25.805837837837846 21.889176354701362 4565.319 0.322 350.18733093570745 221052
810 0.8 13.675125 15.076187402966807 4565.319 0.322 350.1330445838554 221089
817 0.3 12.039666666666667 11.844204330482576 4565.319 0.322 350.12087045504916 221097
