10 0.1 1055 0 1055 1055 0 0
20 0.1 793.0 0.0 1055 793 1055.0 1
30 0.1 787.0 0.0 1055 787 924.0 2
40 0.1 1378.0 0.0 1378 787 878.3333333333334 3
50 0.1 1762.0 0.0 1762 787 1003.25 4
60 0.1 2057.0 0.0 2057 787 1155.0 5
70 0.1 2282.0 0.0 2282 787 1305.3333333333333 6
80 0.1 2209.0 0.0 2282 787 1444.857142857143 7
90 0.1 2489.0 0.0 2489 787 1540.375 8
100 0.1 2680.0 0.0 2680 787 1645.7777777777778 9
110 0.1 3535.0 0.0 3535 787 1749.2 10
120 0.1 3237.0 0.0 3535 787 1911.5454545454545 11
130 0.1 3681.0 0.0 3681 787 2022.0 12
140 0.1 3422.0 0.0 3681 787 2149.6153846153848 13
150 0.1 4033.0 0.0 4033 787 2240.5 14
160 0.1 3778.0 0.0 4033 787 2360.0 15
170 0.1 4788.0 0.0 4788 787 2448.625 16
180 0.1 4796.0 0.0 4796 787 2586.235294117647 17
190 0.1 4949.0 0.0 4949 787 2709.0 18
200 0.1 5027.0 0.0 5027 787 2826.8947368421054 19
210 0.1 5563.0 0.0 5563 787 2936.9 20
220 0.1 5702.0 0.0 5702 787 3061.9523809523807 21
230 0.1 4422.0 0.0 5702 787 3181.9545454545455 22
240 0.1 6179.0 0.0 6179 787 3235.8695652173915 23
250 0.1 6218.0 0.0 6218 787 3358.5 24
260 0.1 6794.0 0.0 6794 787 3472.88 25
270 0.1 7546.0 0.0 7546 787 3600.6153846153848 26
280 0.1 8712.0 0.0 8712 787 3746.740740740741 27
290 0.1 9022.0 0.0 9022 787 3924.0714285714284 28
300 0.1 9258.0 0.0 9258 787 4099.862068965517 29
310 0.1 10421.0 0.0 10421 787 4271.8 30
320 0.1 10450.0 0.0 10450 787 4470.1612903225805 31
330 0.1 10737.0 0.0 10737 787 4657.03125 32
340 0.1 11956.0 0.0 11956 787 4841.272727272727 33
350 0.1 13053.0 0.0 13053 787 5050.529411764706 34
360 0.1 14126.0 0.0 14126 787 5279.171428571429 35
370 0.1 16291.0 0.0 16291 787 5524.916666666667 36
380 0.1 15827.0 0.0 16291 787 5815.891891891892 37
390 0.1 17330.0 0.0 17330 787 6079.3421052631575 38
400 0.1 19296.0 0.0 19296 787 6367.820512820512 39
410 0.1 21108.0 0.0 21108 787 6691.025 40
420 0.1 21660.0 0.0 21660 787 7042.658536585366 41
430 0.1 22141.0 0.0 22141 787 7390.690476190476 42
440 0.1 21759.0 0.0 22141 787 7733.720930232558 43
450 0.1 21808.0 0.0 22141 787 8052.477272727273 44
460 0.1 22354.0 0.0 22354 787 8358.155555555555 45
470 0.1 24183.0 0.0 24183 787 8662.41304347826 46
480 0.1 25638.0 0.0 25638 787 8992.63829787234 47
490 0.1 27008.0 0.0 27008 787 9339.416666666666 48
500 0.1 27196.0 0.0 27196 787 9.7e3 49
510 0.1 27302.0 0.0 27302 787 10049.92 50
520 0.1 29036.0 0.0 29036 787 10388.196078431372 51
530 0.1 30251.0 0.0 30251 787 10746.807692307691 52
540 0.1 29744.0 0.0 30251 787 11114.811320754718 53
550 0.1 30870.0 0.0 30870 787 11459.796296296296 54
560 0.1 32201.0 0.0 32201 787 11812.709090909091 55
570 0.1 33054.0 0.0 33054 787 12176.785714285714 56
580 0.1 35328.0 0.0 35328 787 12543.052631578947 57
590 0.1 36349.0 0.0 36349 787 12935.896551724138 58
600 0.1 37516.0 0.0 37516 787 13332.728813559323 59
610 0.1 38920.0 0.0 38920 787 13735.783333333333 60
620 0.1 38533.0 0.0 38920 787 14148.639344262296 61
630 0.1 41020.0 0.0 41020 787 14541.935483870968 62
640 0.1 43261.0 0.0 43261 787 14962.222222222223 63
650 0.1 43655.0 0.0 43655 787 15404.390625 64
660 0.1 42832.0 0.0 43655 787 15839.015384615384 65
670 0.1 41483.0 0.0 43655 787 16248.0 66
680 0.1 41572.0 0.0 43655 787 16624.641791044774 67
690 0.1 41625.0 0.0 43655 787 16991.514705882353 68
700 0.1 42726.0 0.0 43655 787 17348.521739130436 69
710 0.1 43845.0 0.0 43845 787 17711.057142857142 70
720 0.1 44934.0 0.0 44934 787 18079.140845070422 71
730 0.1 40670.0 0.0 44934 787 18452.125 72
740 0.1 34687.0 0.0 44934 787 18756.479452054795 73
750 0.1 25550.0 0.0 44934 787 18971.756756756757 74
760 0.1 15912.0 0.0 44934 787 19059.466666666667 75
770 0.1 9952.0 0.0 44934 787 19018.052631578947 76
780 0.1 4319.0 0.0 44934 787 18900.31168831169 77
790 0.1 1526.0 0.0 44934 787 18713.371794871793 78
800 0.1 458.0 0.0 44934 458 18495.810126582277 79
810 0.1 144.0 0.0 44934 144 18270.3375 80
817 0.1 38.0 0.0 44934 38 18046.555555555555 81
