0 1.3 8.39323076923077 4.627909731747919 19.308 5.217 0 0
10 3.7 27.73194594594594 23.203449240268714 75.688 5.217 8.39323076923077 13
20 8.9 23.768898876404492 21.81145205746153 95.392 4.725 22.703879999999998 50
30 17.4 34.25999425287355 38.427851921101215 236.931 4.555 23.385798561151077 139
40 25.1 27.903394422310754 26.525618341787087 236.931 4.409 29.43087859424919 313
50 27.6 33.96592028985509 35.8359828109943 262.589 4.344 28.751093971631196 564
60 30.5 32.18253114754092 34.0780331916278 262.589 4.344 30.464536904761903 840
70 32.8 28.043978658536584 30.206617186372537 274.259 4.344 30.92216855895195 1145
80 33 38.9046545454545 41.307475840396044 274.259 4.258 30.281268160217227 1473
90 36.8 34.017214673913 30.801985360826812 274.259 4.258 31.85959179145866 1803
100 45.5 50.842490109890164 48.81450885387979 283.52 4.258 32.22532427452784 2171
110 47.2 60.06399999999997 70.2497681961614 405.629 4.258 35.45107083015993 2626
120 50.9 40.81316699410607 38.17877952277075 405.629 4.235 39.2010071013557 3098
130 49.2 41.671554878048795 37.76345812055086 405.629 4.235 39.42850623787079 3607
140 48.7 51.57059342915806 53.71052248474393 405.629 4.235 39.6977377409124 4099
150 54.1 49.605382624768914 57.09806583915637 405.629 4.235 40.9585490623637 4586
160 52.4 47.94236832061069 46.01424718800102 405.629 4.235 41.87096118587866 5127
170 55.9 84.02966189624333 75.13379462567751 405.629 4.235 42.4339442576535 5651
180 61 70.06117049180322 75.53996111628348 431.975 4.235 46.17822866344604 6210
190 65.8 101.44998024316116 102.63042125156994 528.07 4.235 48.31438621700878 6820
200 71.3 256.61234642356277 123.41924718053784 615.057 4.235 52.989863733618606 7478
210 73.5 494.0263319727886 123.75761298931167 919.518 4.235 70.7145408375046 8191
220 51 1640.6718960784324 398.52876342531744 2242.86 4.235 105.57160631861974 8926
230 80 1362.4455812499996 245.9167096238804 2242.86 4.235 188.54120654938535 9436
240 81.8 1476.8077322738388 400.45030846110564 2242.86 0.331 280.28832454083624 10236
250 92.5 1399.5505318918906 585.1518217422972 2242.86 0.3 368.83119368554367 11054
260 117.7 1149.6662616822416 940.4617510244741 2655.108 0.291 448.42175949578416 11979
270 138.6 1000.5309733044752 809.9823953852152 2655.108 0.289 511.15851679841876 13156
280 152.1 864.8346831032213 868.4929093057907 2655.108 0.287 557.8006722596616 14542
290 161.4 847.04707496902 918.0018143730194 2655.108 0.287 586.8736181908735 16063
300 172.3 790.2515066744066 819.0192073501922 2655.108 0.287 610.628777960061 17677
310 179.3 749.705644171779 810.8369494714653 2655.108 0.287 626.5818687628866 19400
320 191.1 694.6173987441138 816.0262852364689 2655.108 0.287 636.998559618742 21193
330 218.6 620.0075718206781 887.9371012816428 2655.108 0.271 641.7643837863574 23104
340 246.8 574.6655263371163 835.3270251435466 2655.108 0.271 639.8837831158562 25290
350 274.1 488.8051700109447 762.8389906160379 2655.108 0.271 634.0851428056778 27758
360 325.5 431.40058986175103 728.3507685588464 2655.108 0.271 621.028570280993 30499
370 339.2 393.30027800707495 741.100475697602 2655.108 0.271 602.7421723351308 33754
380 370.1 367.8641883274803 738.8635407355358 2904.661 0.271 583.61691239972 37146
390 423.2 335.88575425330794 656.7461508959396 2904.661 0.271 564.0683327784171 40847
400 434.4 302.0401751841612 613.0836834713971 2904.661 0.271 542.6466359280374 45079
410 486.5 290.9910557040076 625.6902148301388 2904.661 0.271 521.4986994314387 49423
420 492.2 274.2217840308827 551.1111742897161 2904.661 0.267 500.8418381226052 54288
430 481.1 285.8391242984841 594.4909001881124 2904.661 0.267 482.00340025333554 59210
440 487.2 284.73128366173887 563.824567887534 2904.661 0.267 467.2622007778698 64021
450 499 276.9039006012022 568.808389094024 2904.661 0.267 454.35391360515575 68893
460 545.8 252.30978526932878 529.4220419359478 2904.661 0.267 442.36907859724147 73883
470 586.7 235.58699164820158 532.5651192211855 2904.661 0.267 429.29458214542274 79341
480 619.3 227.559597448732 499.62217566726184 2904.661 0.267 415.95683881795117 85208
490 594.3 222.11220528352607 461.89413373579833 2904.661 0.267 403.1917255719301 91401
500 664.6 207.31372600060183 498.99328880104724 2904.661 0.267 392.1365440602397 97344
510 687.9 205.86216979212105 497.99269223261604 2904.661 0.267 380.3245193576303 103990
520 714.3 195.99989458210908 476.2425062983475 2904.661 0.267 369.49979375659547 110869
530 731.1 191.28963301873853 455.2160719058527 2904.661 0.267 358.99823645900403 118012
540 745.2 187.4305492485235 451.1143578942254 2904.661 0.267 349.21457663796735 125323
550 767 185.82081916558053 447.8226010355063 2904.661 0.267 340.13444429297664 132775
560 772.9 169.56342010609433 450.5659783597842 2904.661 0.267 331.70704919363436 140445
570 851.4 168.21160101010088 404.14557375215264 2904.661 0.267 323.2493703213788 148174
580 889.2 161.34345017993616 403.9459170242115 2904.661 0.267 314.8250393712345 156688
590 921.6 151.7515595703127 399.85227375231256 2904.661 0.267 306.5827498973305 165580
600 945 157.66710052909997 397.02140431592136 2904.661 0.267 298.41938088400184 174796
610 980.6 144.3273906791762 405.25719724199814 2904.661 0.267 291.2001791137934 184246
620 1010.1 145.85491545391514 363.59046129083896 2904.661 0.267 283.7782789870755 194052
630 1001.3 143.5105664635979 353.2720321294971 2904.661 0.267 276.9541622949453 204153
640 1068.4 140.67953566080186 346.4438986215585 2904.661 0.267 270.71521341856305 214166
650 1069.9 139.1715635106079 341.0222626203844 2904.661 0.267 264.53642230820543 224850
660 1032.6 146.2475138485371 338.57544112969885 2904.661 0.267 258.84215646850544 235549
670 994.7 148.11239127375092 348.43677032313957 2904.661 0.267 254.11352492933392 245875
680 990.8 149.83640028260055 330.6432560421912 2904.661 0.267 249.9919354003955 255822
690 958.1 140.9525543262704 339.30842840467653 2904.661 0.267 246.25753942723813 265730
700 1058.9 145.64591151194674 326.31993411085955 2904.661 0.267 242.59285816767215 275311
710 1088.4 137.2987808710028 337.31371180430665 2904.661 0.267 239.00219283665615 285900
720 1038.9 143.11721955914933 339.59932468539284 2904.661 0.267 235.27240977613346 296784
730 923.8 156.34645864905775 367.0471099971145 2904.661 0.267 232.15559849661264 307173
740 685.3 206.14818532029747 417.7520415301819 2904.661 0.267 229.94225940943895 316411
750 406.3 310.6251454590204 474.33635289207075 2904.661 0.267 229.43783952435155 323264
760 233 547.6847811158802 535.1895210500769 2904.661 0.267 230.44559025683793 327327
770 132 237.75046666666586 300.8826202806959 2904.661 0.267 232.68782177232697 329657
780 45.6 20.35146271929829 26.663862189866443 2904.661 0.267 232.70801257489188 330977
790 15.6 14.760929487179492 17.88067854507226 2904.661 0.267 232.41584315683713 331433
800 4.7 20.277510638297873 18.50946362301158 2904.661 0.267 232.31344480667332 331589
810 1.1 9.87481818181818 13.925628549993595 2904.661 0.267 232.28339472493937 331636
817 0.3 12.039666666666667 11.844204330482576 2904.661 0.267 232.27601792267075 331647
