10 0.1 816 0 816 816 0 0
20 0.1 549.0 0.0 816 549 816.0 1
30 0.1 430.0 0.0 816 430 682.5 2
40 0.1 725.0 0.0 816 430 598.3333333333334 3
50 0.1 982.0 0.0 982 430 630.0 4
60 0.1 1053.0 0.0 1053 430 700.4 5
70 0.1 1239.0 0.0 1239 430 759.1666666666666 6
80 0.1 1216.0 0.0 1239 430 827.7142857142857 7
90 0.1 1406.0 0.0 1406 430 876.25 8
100 0.1 1476.0 0.0 1476 430 935.1111111111111 9
110 0.1 1769.0 0.0 1769 430 989.2 10
120 0.1 1671.0 0.0 1769 430 1060.090909090909 11
130 0.1 1980.0 0.0 1980 430 1111.0 12
140 0.1 1849.0 0.0 1980 430 1177.8461538461538 13
150 0.1 2250.0 0.0 2250 430 1225.7857142857142 14
160 0.1 2006.0 0.0 2250 430 1294.0666666666666 15
170 0.1 2640.0 0.0 2640 430 1338.5625 16
180 0.1 2824.0 0.0 2824 430 1415.1176470588234 17
190 0.1 2786.0 0.0 2824 430 1493.388888888889 18
200 0.1 2787.0 0.0 2824 430 1561.421052631579 19
210 0.1 2924.0 0.0 2924 430 1622.7 20
220 0.1 2997.0 0.0 2997 430 1684.6666666666667 21
230 0.1 2213.0 0.0 2997 430 1744.3181818181818 22
240 0.1 2960.0 0.0 2997 430 1764.695652173913 23
250 0.1 3438.0 0.0 3438 430 1814.5 24
260 0.1 3691.0 0.0 3691 430 1879.44 25
270 0.1 4724.0 0.0 4724 430 1949.1153846153845 26
280 0.1 5815.0 0.0 5815 430 2051.8888888888887 27
290 0.1 6289.0 0.0 6289 430 2186.285714285714 28
300 0.1 6623.0 0.0 6623 430 2327.7586206896553 29
310 0.1 7416.0 0.0 7416 430 2470.9333333333334 30
320 0.1 7729.0 0.0 7729 430 2630.451612903226 31
330 0.1 8235.0 0.0 8235 430 2789.78125 32
340 0.1 9113.0 0.0 9113 430 2954.787878787879 33
350 0.1 10292.0 0.0 10292 430 3135.9117647058824 34
360 0.1 11401.0 0.0 11401 430 3340.3714285714286 35
370 0.1 13455.0 0.0 13455 430 3564.277777777778 36
380 0.1 13709.0 0.0 13709 430 3831.5945945945946 37
390 0.1 14771.0 0.0 14771 430 4091.5263157894738 38
400 0.1 16630.0 0.0 16630 430 4365.358974358975 39
410 0.1 1.81e4 0.0 18100 430 4671.975 40
420 0.1 19041.0 0.0 19041 430 4999.487804878048 41
430 0.1 19430.0 0.0 19430 430 5333.809523809523 42
440 0.1 19120.0 0.0 19430 430 5661.627906976743 43
450 0.1 19122.0 0.0 19430 430 5967.5 44
460 0.1 19523.0 0.0 19523 430 6259.822222222222 45
470 0.1 21210.0 0.0 21210 430 6548.152173913043 46
480 0.1 22825.0 0.0 22825 430 6860.106382978724 47
490 0.1 23758.0 0.0 23758 430 7192.708333333333 48
500 0.1 24058.0 0.0 24058 430 7530.775510204082 49
510 0.1 24766.0 0.0 24766 430 7861.32 50
520 0.1 26056.0 0.0 26056 430 8192.78431372549 51
530 0.1 27217.0 0.0 27217 430 8536.307692307691 52
540 0.1 27056.0 0.0 27217 430 8888.773584905659 53
550 0.1 28090.0 0.0 28090 430 9225.203703703703 54
560 0.1 29336.0 0.0 29336 430 9568.2 55
570 0.1 30433.0 0.0 30433 430 9921.19642857143 56
580 0.1 32166.0 0.0 32166 430 10281.052631578947 57
590 0.1 33347.0 0.0 33347 430 10658.379310344828 58
600 0.1 34677.0 0.0 34677 430 11042.93220338983 59
610 0.1 35555.0 0.0 35555 430 11436.833333333334 60
620 0.1 36177.0 0.0 36177 430 11832.213114754099 61
630 0.1 37622.0 0.0 37622 430 12224.870967741936 62
640 0.1 39718.0 0.0 39718 430 12628.0 63
650 0.1 39992.0 0.0 39992 430 13051.28125 64
660 0.1 39524.0 0.0 39992 430 13465.753846153846 65
670 0.1 38039.0 0.0 39992 430 13860.575757575758 66
680 0.1 37665.0 0.0 39992 430 14221.44776119403 67
690 0.1 37331.0 0.0 39992 430 14566.20588235294 68
700 0.1 38750.0 0.0 39992 430 14896.130434782608 69
710 0.1 40265.0 0.0 40265 430 15236.9 70
720 0.1 41053.0 0.0 41053 430 15589.408450704226 71
730 0.1 37228.0 0.0 41053 430 15943.069444444445 72
740 0.1 31452.0 0.0 41053 430 16234.643835616438 73
750 0.1 22503.0 0.0 41053 430 16440.283783783783 74
760 0.1 13359.0 0.0 41053 430 16521.12 75
770 0.1 7601.0 0.0 41053 430 16479.513157894737 76
780 0.1 3657.0 0.0 41053 430 16364.207792207791 77
790 0.1 1205.0 0.0 41053 430 16201.294871794871 78
800 0.1 359.0 0.0 41053 359 16011.468354430379 79
810 0.1 114.0 0.0 41053 114 15815.8125 80
817 0.1 36.0 0.0 41053 36 15621.962962962964 81
