40 0.5 41802.655199999994 3648.3480409626172 47194.251 37155.358 0 0
50 0.4 46081.556 3394.151420270538 49458.078 37155.358 41802.655199999994 5
60 0.9 48468.17488888888 7679.1582252982425 67964.147 37155.358 43704.38888888888 9
70 1.2 44692.85875000001 4175.267036398115 67964.147 37155.358 46086.28188888889 18
80 1.2 47441.48808333334 9053.612622551404 68799.763 35926.519 45528.91263333334 30
90 0.9 54760.61833333334 12985.427903083637 89339.86 35926.519 46075.36276190477 42
100 0.8 48812.557875 9058.761220653081 89339.86 35926.519 47608.05492156863 51
110 1.2 50221.29791666666 10882.952192575964 89339.86 35926.519 47771.37735593221 59
120 1.2 51474.16558333334 11098.988812345005 89339.86 35926.519 48185.44843661973 71
130 2.2 50312.24781818182 8993.227629899173 89339.86 35926.519 48660.92561445784 83
140 1.7 53510.03564705883 10725.308091028746 89339.86 35926.519 49006.91693333334 105
150 1.9 54505.63194736841 9840.733639362052 89339.86 35926.519 49634.400688524605 122
160 1.2 55843.95900000001 18531.661201651805 98306.085 35926.519 50290.807737588664 141
170 2.1 51696.07942857142 14226.600149487023 98306.085 35926.519 50726.34901307191 153
180 1.5 48035.06373333334 6048.039198539555 98306.085 35926.519 50843.38544252874 174
190 2 48143.15874999999 6962.6292971608855 98306.085 35926.519 50620.50276719578 189
200 1.4 52332.14957142856 10130.259500968448 98306.085 35926.519 50383.436354067 209
210 1.9 52281.88231578947 8199.926318404529 98306.085 35926.519 50505.777094170415 223
220 0.6 59438.45383333333 9552.27226560795 98306.085 35926.519 50645.22337190084 242
230 0.9 61450.10122222222 8514.326102448844 98306.085 35926.519 50857.962818548396 248
240 0.9 60225.15477777778 4064.1878181775564 98306.085 35926.519 51228.89373540857 257
250 1.8 69101.6613888889 8173.7242246681535 98306.085 35926.519 51533.27850751881 266
260 2.8 76421.33564285713 5961.786796174324 98306.085 35926.519 52646.76756338029 284
270 2.3 79548.41017391303 9539.618060564317 99583.719 35926.519 54780.382647435894 312
280 4.8 82544.76291666672 8444.916665938841 100413.524 35926.519 56480.87408955224 335
290 4.5 81123.15533333333 12171.798522559584 102504.541 35926.519 59747.36668407311 383
300 4.8 80263.57012500003 14721.90534101532 118797.585 35926.519 61994.821098130844 428
310 6.1 76023.878852459 13482.932073555117 118797.585 35926.519 63837.0478907563 476
320 6.4 70484.92299999998 12101.188951654303 118797.585 35926.519 65221.39926629423 537
330 5.3 72027.43116981129 12686.560718948824 118797.585 35926.519 65781.90761730449 601
340 7.4 69772.87389189188 12388.143833176491 118797.585 35926.519 66288.04331804281 654
350 4.8 70696.57529166668 14156.705618758195 118797.585 35926.519 66642.27060164834 728
360 8.6 66156.20108139532 15819.160360904545 140028.531 35926.519 66893.05233505154 776
370 11.4 63690.12807017544 11779.685521468036 140028.531 35926.519 66819.53817285382 862
380 10.4 62021.732451923075 10016.584655802002 140028.531 35926.519 66454.01281249999 976
390 11.2 61564.22790178574 10023.905295562132 140028.531 35926.519 66027.20062962962 1080
400 11.4 60114.37907894732 11911.498444412166 140028.531 35926.519 65607.8609102349 1192
410 12.9 57541.6282713178 11930.102251988721 140028.531 35926.519 65128.33799387442 1306
420 16.5 55662.390418181836 9140.790596891176 140028.531 35532.265 64446.32715470382 1435
430 17.1 58370.35609941522 10652.98743899744 140028.531 35532.265 63540.48367874999 1600
440 17.6 56817.81320454544 8867.05284741664 140028.531 35532.265 63041.27881366459 1771
450 14.5 57226.29904827587 10222.661237848042 140028.531 35532.265 62478.70565125834 1947
460 16.2 56832.156438271595 11347.43610788635 140028.531 35532.265 62114.65261233269 2092
470 16.8 54504.968613095225 11412.901650741227 140028.531 35532.265 61734.98784738242 2254
480 17.1 57309.99397660821 11450.557157908406 140028.531 35532.265 61233.4836230388 2422
490 19.2 56628.323109374986 9985.879874509717 140028.531 35532.265 60974.742115310444 2593
500 21.4 57247.15591588789 12115.821973585676 140028.531 35532.265 60675.09671166965 2785
510 21.5 55013.25917674415 10472.71201911868 140028.531 35532.265 60430.48873224407 2999
520 20.7 55714.93115458937 11195.225847745394 140028.531 35532.265 60068.10405444927 3214
530 23.7 53284.385409282724 9715.675793587921 140028.531 35532.265 59804.69955568547 3421
540 23.8 54533.89615966383 9517.266386597363 140028.531 35532.265 59382.25164625478 3658
550 24.5 54528.78509795919 9982.008664809662 140028.531 35532.265 59086.07387268993 3896
560 24.3 54327.56583127566 9614.202666190879 140028.531 35532.265 58816.44437503018 4141
570 25.7 53899.366540856034 11011.562729134239 140028.531 34603.541 58567.63107983576 4384
580 27.1 52557.554140221386 9865.60501972471 140028.531 34603.541 58309.12127881921 4641
590 27 52782.18895925919 9419.844290124485 140028.531 34603.541 57991.80151201139 4912
600 29.9 53637.43592976583 10549.257665034303 140028.531 34603.541 57720.36280316479 5182
610 31.6 52233.9185221519 8576.705262081894 140028.531 34603.541 57497.63061284436 5481
620 32.7 54383.45570948009 11131.391192911185 140028.531 34603.541 57210.70064550629 5797
630 29.3 54192.42766211603 9679.767682235897 140028.531 34603.541 57059.73573791638 6124
640 32.4 53821.20043209876 11418.274687727368 140028.531 34603.541 56928.81454947794 6417
650 35.1 53005.01989458687 9565.736061630483 140028.531 34603.541 56779.449919003106 6741
660 37.3 53941.099903485294 10761.68714777463 140028.531 34603.541 56592.644372109404 7092
670 36.1 53841.98261495845 10263.395840850651 140028.531 34603.541 56460.15594789014 7465
680 35.3 54713.22583569403 11308.616581918763 140028.531 34603.541 56339.38408829541 7826
690 31.5 54088.941123809534 10108.150755783934 140028.531 34603.541 56269.20021946447 8179
700 30.9 53693.215411003206 10632.897507988582 140028.531 34603.541 56188.34530833528 8494
710 33 52861.80853939394 9998.765354335279 140028.531 34603.541 56100.76208235827 8803
720 35.4 52774.62163841805 9403.29644702918 140028.531 34603.541 55983.72992762508 9133
730 36.6 53401.42249726777 10831.10138775795 140028.531 34603.541 55863.98455665646 9487
740 36.5 54468.67925753424 10206.363833465495 140028.531 34603.541 55772.51011093067 9853
750 29 55178.595024137896 10007.398062585467 140028.531 34603.541 55725.93560892542 10218
760 25.1 57045.05319123504 10322.996182848261 140028.531 34603.541 55710.83009221545 10508
770 19.6 62984.757826530615 10782.837827374467 140028.531 34603.541 55741.95659076121 10759
780 6.6 71579.82201515151 9486.879348328368 140028.531 34603.541 55871.54025504336 10955
790 2.4 81514.74183333332 9702.700135430585 140028.531 34603.541 55965.61035722711 11021
800 0.8 102762.36412500001 15820.60051898844 140028.531 34603.541 56021.12680407424 11045
810 0.1 114382.903 0.0 140028.531 34603.541 56054.95742911426 11053
817 0.1 108782.845 0.0 140028.531 34603.541 56060.23406612991 11054
