0 116.5609375 116.5609375
10 256.875 373.4359375
20 588.49921875 961.93515625
30 1089.1 2051.03515625
40 1483.61796875 3534.653125
50 1608.715625 5143.36875
60 1744.85 6888.21875
70 1894.409375 8782.628125
80 1927.42109375 10710.04921875
90 2177.49609375 12887.5453125
100 2652.45859375 15540.00390625
110 2575.74609375 18115.75
120 2908.03984375 21023.78984375
130 2720.6015625 23744.39140625
140 2782.81796875 26527.209375
150 3095.58828125 29622.79765625
160 2964.37109375 32587.16875
170 3194.984375 35782.153125
180 3501.12890625 39283.28203125
190 3915.37578125 43198.6578125
200 4108.4109375 47307.06875
210 4325.96484375 51633.03359375
220 3105.1515625 54738.18515625
230 4537.49140625 59275.6765625
240 4567.91015625 63843.58671875
250 4733.68984375 68577.2765625
260 4276.12734375 72853.40390625
270 5081.6625 77935.06640625
280 4755.925 82690.99140625
290 4491.33671875 87182.328125
300 4986.22421875 92168.55234375
310 5294.134375 97462.68671875
320 4992.1390625 102454.82578125
330 4948.36875 107403.19453125
340 5020.31640625 112423.5109375
350 5366.71015625 117790.22109375
360 5798.0296875 123588.25078125
370 4807.12265625 128395.3734375
380 5278.9546875 133674.328125
390 5915.25546875 139589.58359375
400 5730.6078125 145320.19140625
410 5621.15390625 150941.3453125
420 6198.75625 157140.1015625
430 5812.3171875 162952.41875
440 6200.55859375 169152.97734375
450 6198.7390625 175351.71640625
460 6427.13046875 181778.846875
470 6303.86015625 188082.70703125
480 7033.1796875 195115.88671875
490 6680.9265625 201796.81328125
500 6466.309375 208263.12265625
510 6644.0828125 214907.20546875
520 6920.40234375 221827.6078125
530 6789.9 228617.5078125
540 6837.721875 235455.2296875
550 7187.81015625 242643.03984375
560 6498.5734375 249141.61328125
570 8185.453125 257327.06640625
580 7764.5828125 265091.64921875
590 7529.96328125 272621.6125
600 8539.44296875 281161.05546875
610 7593.821875 288754.87734375
620 8551.68828125 297306.565625
630 8634.43828125 305941.00390625
640 8802.165625 314743.16953125
650 8776.60234375 323519.771875
660 9310.26015625 332830.03203125
670 9219.31171875 342049.34375
680 10001.87890625 352051.22265625
690 8564.50859375 360615.73125
700 10018.70234375 370634.43359375
710 8975.86015625 379610.29375
720 8719.28203125 388329.57578125
730 7832.5296875 396162.10546875
740 7127.4734375 403289.57890625
750 5463.0390625 408752.61796875
760 4608.9546875 413361.57265625
770 3108.49765625 416470.0703125
780 1342.47578125 417812.54609375
790 485.64765625 418298.19375
800 153.85546875 418452.04921875
810 26.896875 418478.94609375
817 4.4859375 418483.43203125
