0 3.25390625 3.25390625
10 20.13671875 23.390625
20 49.4265625 72.8171875
30 101.73515625 174.55234375
40 147.7 322.25234375
50 168.43203125 490.684375
60 182.9703125 673.6546875
70 193.40546875 867.06015625
80 195.9234375 1062.98359375
90 216.81796875 1279.8015625
100 279.87578125 1559.67734375
110 286.09140625 1845.76875
120 304.1453125 2149.9140625
130 296.65703125 2446.57109375
140 297.3609375 2743.93203125
150 323.51640625 3067.4484375
160 315.01015625 3382.45859375
170 340.3125 3722.77109375
180 360.5984375 4083.36953125
190 382.109375 4465.47890625
200 436.953125 4902.43203125
210 455.8296875 5358.26171875
220 345.9734375 5704.23515625
230 471.75234375 6175.9875
240 492.9671875 6668.9546875
250 517.81875 7186.7734375
260 603.9359375 7790.709375
270 687.62265625 8478.33203125
280 741.87421875 9220.20625
290 761.0828125 9981.2890625
300 800.30703125 10781.59609375
310 814.4640625 11596.06015625
320 859.496875 12455.55703125
330 947.24453125 13402.8015625
340 1049.821875 14452.6234375
350 1142.42265625 15595.04609375
360 1319.953125 16914.99921875
370 1357.5828125 18272.58203125
380 1440.09921875 19712.68125
390 1625.0375 21337.71875
400 1673.52421875 23011.24296875
410 1858.53984375 24869.7828125
420 1884.1046875 26753.8875
430 1838.33203125 28592.21953125
440 1876.82109375 30469.040625
450 1886.98203125 32356.02265625
460 2079.01171875 34435.034375
470 2209.5953125 36644.6296875
480 2303.22265625 38947.85234375
490 2224.13984375 41171.9921875
500 2482.99453125 43654.98671875
510 2528.92421875 46183.9109375
520 2605.0421875 48788.953125
530 2673.440625 51462.39375
540 2703.0296875 54165.4234375
550 2760.16796875 56925.59140625
560 2770.0984375 59695.68984375
570 3050.146875 62745.83671875
580 3217.28046875 65963.1171875
590 3321.3046875 69284.421875
600 3382.5796875 72667.0015625
610 3503.42890625 76170.43046875
620 3593.1859375 79763.61640625
630 3556.2578125 83319.87421875
640 3818.63046875 87138.5046875
650 3845.28359375 90983.78828125
660 3719.24375 94703.03203125
670 3610.05703125 98313.0890625
680 3586.434375 101899.5234375
690 3467.2859375 105366.809375
700 3835.8765625 109202.6859375
710 3929.56640625 113132.25234375
720 3821.890625 116954.14296875
730 3458.28046875 120412.4234375
740 2645.14453125 123057.56796875
750 1641.64296875 124699.2109375
760 988.94296875 125688.15390625
770 592.1640625 126280.31796875
780 234.6171875 126514.93515625
790 83.82890625 126598.7640625
800 27.48203125 126626.24609375
810 4.89296875 126631.1390625
817 1.65390625 126632.79296875
