0 0.9 9
10 0.8 17
20 0.9 26
30 1.3 39
40 1.5 54
50 0.6 60
60 1.3 73
70 2 93
80 1.7 110
90 1.9 129
100 1.9 148
110 0.2 150
120 2.1 171
130 1.8 189
140 1.7 206
150 2.2 228
160 2 248
170 1.4 262
180 4 302
190 5.2 354
200 4.3 397
210 4.7 444
220 2.9 473
230 2.7 500
240 6.1 561
250 4.5 606
260 5.8 664
270 6.5 729
280 4.8 777
290 4.2 819
300 7.8 897
310 11.1 1008
320 10.5 1113
330 9.5 1208
340 9.2 1300
350 9.2 1392
360 15.9 1551
370 17.7 1728
380 17.2 1900
390 16.4 2064
400 14.1 2205
410 14.7 2352
420 17.9 2531
430 20.7 2738
440 18.3 2921
450 19.1 3112
460 20.7 3319
470 19.2 3511
480 26.7 3778
490 21.9 3997
500 25 4247
510 24.1 4488
520 23.1 4719
530 26.8 4987
540 30.3 5290
550 31 5600
560 30.9 5909
570 33.6 6245
580 29.5 6540
590 31.9 6859
600 37.8 7237
610 38.4 7621
620 35.1 7972
630 32.9 8301
640 30.1 8602
650 30.3 8905
660 34 9245
670 36.5 9610
680 37.8 9988
690 38.8 10376
700 29.2 10668
710 32.1 10989
720 6.6 11055
730 0 11055
740 0 11055
750 0 11055
760 0 11055
770 0 11055
780 0 11055
790 0 11055
800 0 11055
810 0 11055
817 0 11055
