0 9 9
10 17 17
20 26 26
30 39 39
40 49 49
50 51 53
60 55 56
70 63 63
80 68 71
90 78 79
100 89 92
110 79 92
120 88 92
130 84 92
140 84 92
150 87 92
160 95 96
170 88 96
180 113 113
190 145 147
200 174 174
210 202 202
220 225 225
230 243 245
240 295 295
250 322 322
260 352 352
270 394 394
280 394 403
290 391 403
300 421 422
310 471 471
320 512 512
330 554 554
340 572 576
350 616 616
360 689 693
370 752 753
380 820 820
390 872 876
400 899 909
410 917 917
420 931 934
430 967 969
440 974 983
450 1020 1024
460 1065 1071
470 1089 1092
480 1185 1185
490 1212 1216
500 1248 1250
510 1274 1274
520 1298 1313
530 1329 1334
540 1394 1395
550 1459 1463
560 1525 1534
570 1604 1609
580 1628 1628
590 1677 1679
600 1756 1762
610 1824 1845
620 1848 1856
630 1884 1893
640 1861 1893
650 1813 1893
660 1780 1893
670 1784 1893
680 1809 1893
690 1882 1893
700 1865 1899
710 1856 1899
720 1568 1899
730 1202 1899
740 837 1899
750 547 1899
760 296 1899
770 100 1899
780 34 1899
790 10 1899
800 2 1899
810 1 1899
817 0 1899
