0 1.5 15
10 3.1 46
20 5.3 99
30 8.1 180
40 10.5 285
50 11.3 398
60 12.4 522
70 14.6 668
80 16 828
90 18.2 1010
100 17.4 1184
110 20.2 1386
120 20 1586
130 22.3 1809
140 20.6 2015
150 22.4 2239
160 21.9 2458
170 22.3 2681
180 28.6 2967
190 33 3297
200 39.3 3690
210 42.4 4114
220 47.6 4590
230 51.3 5103
240 57.1 5674
250 58.6 6260
260 60.5 6865
270 60.4 7469
280 64.6 8115
290 63.8 8753
300 62.3 9376
310 66.6 10042
320 63.6 10678
330 65.1 11329
340 60.4 11933
350 89 12823
360 97 13793
370 97.6 14769
380 93.5 15704
390 93.8 16642
400 94 17582
410 90.2 18484
420 92 19404
430 94.1 20345
440 98.7 21332
450 86.7 22199
460 90.1 23100
470 96.1 24061
480 108.4 25145
490 103.9 26184
500 107.8 27262
510 111.4 28376
520 112.3 29499
530 115.7 30656
540 120.5 31861
550 121.2 33073
560 130.3 34376
570 122.5 35601
580 128.3 36884
590 119.5 38079
600 133.3 39412
610 122.6 40638
620 116.8 41806
630 121.3 43019
640 142.1 44440
650 139.6 45836
660 115.3 46989
670 118.1 48170
680 116.4 49334
690 116.7 50501
700 136.4 51865
710 143.6 53301
720 101.5 54316
730 78.5 55101
740 73.3 55834
750 57.8 56412
760 48.9 56901
770 63 57531
780 60.8 58139
790 45.4 58593
800 21.7 58810
810 5.4 58864
820 0.7 58871
830 0.3 58874
840 0.3 58877
850 0.4 58881
854 0 58881
