10 2.2 22
20 5.5 77
30 8.8 165
40 11.4 279
50 12.2 401
60 13.8 539
70 16.5 704
80 18.3 887
90 19.3 1080
100 20.9 1289
110 21.1 1500
120 23.6 1736
130 23.5 1971
140 25.1 2222
150 24.9 2471
160 24.6 2717
170 24.9 2966
180 29.7 3263
190 35.4 3617
200 42 4037
210 45.4 4491
220 53.1 5022
230 59.8 5620
240 64.9 6269
250 62.4 6893
260 64.5 7538
270 66.3 8201
280 72.1 8922
290 73.1 9653
300 67.6 10329
310 70.2 11031
320 61.1 11642
330 63.7 12279
340 57.3 12852
350 86.5 13717
360 100.8 14725
370 96.9 15694
380 89.6 16590
390 83.3 17423
400 84.2 18265
410 69.9 18964
420 67.3 19637
430 65.7 20294
440 57.3 20867
450 59.8 21465
460 54.7 22012
470 56.9 22581
480 62.4 23205
490 58.1 23786
500 53.7 24323
510 55.2 24875
520 45 25325
530 45.8 25783
540 41.6 26199
550 39.8 26597
560 39 26987
570 37.7 27364
580 34.3 27707
590 31.5 28022
600 32 28342
610 29 28632
620 24.4 28876
630 22.4 29100
640 27.5 29375
650 29.7 29672
660 25 29922
670 23.9 30161
680 18.7 30348
690 18.7 30535
700 20.4 30739
710 22.5 30964
720 28.5 31249
730 28 31529
740 31.6 31845
750 31.1 32156
760 31.8 32474
770 59.9 33073
780 64.7 33720
790 49.9 34219
800 23.9 34458
810 6.4 34522
820 0.8 34530
830 0.5 34535
840 0.3 34538
850 0.3 34541
854 0 34541
