320 3.2 32
330 10.6 138
340 24.9 387
350 24.4 631
360 15.6 787
370 23.6 1023
380 53 1553
390 96.2 2515
400 128 3795
410 155.9 5354
420 192.5 7279
430 194.4 9223
440 190.3 11126
450 201.6 13142
460 207.1 15213
470 213.9 17352
480 220.6 19558
490 227.9 21837
500 242.8 24265
510 272.2 26987
520 288.4 29871
530 298.1 32852
540 301.2 35864
550 317.7 39041
560 345.7 42498
570 351.9 46017
580 394.6 49963
590 378.4 53747
600 405.2 57799
610 398.5 61784
620 384.8 65632
630 434.1 69973
640 484.1 74814
650 491.1 79725
660 419.1 83916
670 430.5 88221
680 409.9 92320
690 386.5 96185
700 414.8 100333
710 478.8 105121
720 475.9 109880
730 514.3 115023
740 398.3 119006
750 250.8 121514
760 121.2 122726
770 55.1 123277
780 20.8 123485
790 3.9 123524
800 0.6 123530
810 0.6 123536
820 0.1 123537
830 0 123537
840 0 123537
850 0 123537
854 0 123537
