320 0.6 6
330 3.8 44
340 7.5 119
350 9.5 214
360 6.4 278
370 6 338
380 14.5 483
390 27.6 759
400 32.1 1080
410 34.5 1425
420 41.1 1836
430 52.9 2365
440 41.1 2776
450 47.8 3254
460 49.1 3745
470 52.1 4266
480 55.6 4822
490 56.3 5385
500 53.8 5923
510 67.5 6598
520 66.4 7262
530 72.2 7984
540 74.7 8731
550 78.8 9519
560 84.6 10365
570 81.8 11183
580 89.2 12075
590 90.8 12983
600 96.6 13949
610 90.1 14850
620 83.7 15687
630 83.3 16520
640 102.1 17541
650 112.3 18664
660 99.2 19656
670 93.4 20590
680 90.7 21497
690 86 22357
700 91.6 23273
710 101.2 24285
720 90.9 25194
730 80.2 25996
740 84 26836
750 69.2 27528
760 54 28068
770 38.9 28457
780 20.2 28659
790 6 28719
800 1.2 28731
810 0.2 28733
820 0.1 28734
830 0 28734
840 0 28734
850 0 28734
854 0 28734
