360 0.2 2
370 1.5 17
380 2.1 38
390 2.1 59
400 0.5 64
410 0.5 69
420 4.4 113
430 7.1 184
440 6.4 248
450 8.1 329
460 10 429
470 9.6 525
480 11.2 637
490 12.4 761
500 10.1 862
510 11.9 981
520 14.7 1128
530 16.4 1292
540 20.2 1494
550 21.3 1707
560 19.1 1898
570 18.9 2087
580 25.2 2339
590 26 2599
600 27.9 2878
610 28.8 3166
620 24 3406
630 28.9 3695
640 25.2 3947
650 31.1 4258
660 30.4 4562
670 31.1 4873
680 34.7 5220
690 32.9 5549
700 26.8 5817
710 22.1 6038
720 22.8 6266
730 25.4 6520
740 34.8 6868
750 36.9 7237
760 31.3 7550
770 31.7 7867
780 15 8017
790 6.1 8078
800 0.2 8080
810 0 8080
820 0.2 8082
830 0 8082
840 0 8082
850 0 8082
854 0 8082
