320 4.1 41
330 10.8 149
340 22.6 375
350 4.1 416
360 3.3 449
370 17.8 627
380 43.9 1066
390 66.4 1730
400 90.9 2639
410 102.5 3664
420 125.1 4915
430 111.6 6031
440 117.2 7203
450 125.5 8458
460 128.6 9744
470 115.7 10901
480 115.3 12054
490 129.3 13347
500 130.2 14649
510 138 16029
520 145.8 17487
530 145.5 18942
540 147.3 20415
550 149.3 21908
560 161.8 23526
570 161.6 25142
580 184.6 26988
590 167.4 28662
600 183.8 30500
610 205.7 32557
620 202.3 34580
630 240.4 36984
640 239.2 39376
650 201.4 41390
660 180.4 43194
670 200.1 45195
680 226.7 47462
690 223.6 49698
700 209.8 51796
710 224.6 54042
720 235 56392
730 277.2 59164
740 203.1 61195
750 125.8 62453
760 43.2 62885
770 1.3 62898
780 0.5 62903
790 0 62903
800 0 62903
810 0 62903
820 0 62903
830 0 62903
840 0 62903
850 0 62903
854 0 62903
