0 1.1 2.6142727272727266 3.399632495938056 13.298 1.211 0 0
10 0.7 1.422857142857143 0.2584538801474362 13.298 1.146 2.6142727272727266 11
20 0.8 1.3659999999999999 0.1660022590207736 13.298 1.146 2.1509444444444443 18
30 1.1 1.3927272727272728 0.2311336059547657 13.298 1.134 1.9094230769230767 26
40 1 1.3933000000000002 0.24321186237517278 13.298 1.122 1.7558108108108108 37
50 0.8 3.9485 6.933244658888074 22.288 1.112 1.67868085106383 47
60 1.4 2.1067857142857145 2.749227454565878 22.288 1.007 2.0088363636363638 55
70 1.6 1.3363125 0.1787137091656653 22.288 1.007 2.028710144927536 69
80 1.1 1.335909090909091 0.2651693985311189 22.288 1.007 1.8983764705882353 85
90 1.8 1.3221111111111108 0.2751080371395307 22.288 0.979 1.8339270833333332 96
100 1.2 1.348 0.2750454507895014 22.288 0.979 1.7531140350877192 114
110 1.9 1.4766315789473685 0.8866900135083295 22.288 0.706 1.7145317460317462 126
120 1.3 1.9381538461538466 1.6860409633747087 22.288 0.706 1.6833586206896554 145
130 2.6 1.2431538461538463 0.23908297438139184 22.288 0.706 1.7043227848101268 158
140 0.7 2.037428571428572 1.4316805167497448 22.288 0.706 1.6391576086956523 184
150 2.2 1.4640000000000006 0.5616451484053544 22.288 0.706 1.6537539267015708 191
160 1.3 1.3205384615384614 0.24931185765395095 22.288 0.706 1.634154929577465 213
170 2.3 1.5145217391304346 0.7809547595628904 22.288 0.706 1.6161150442477876 226
180 3.5 1.5658 1.4812009953316359 22.288 0.706 1.606730923694779 249
190 3.4 1.3870588235294121 0.48962932805616693 22.288 0.706 1.60168661971831 284
200 4.8 1.2694583333333327 0.2789302450384724 22.288 0.706 1.578738993710692 318
210 4.7 1.3539574468085105 0.3804317791861741 22.288 0.706 1.5381775956284152 366
220 4.2 1.3423571428571426 0.2573555833054791 22.288 0.706 1.5172130750605326 413
230 4 1.9013249999999995 1.6317759403101273 22.288 0.706 1.5010725274725274 455
240 4 1.530125 1.7476207281258138 22.288 0.706 1.5334161616161615 495
250 6.3 1.4218095238095239 0.894692141024433 22.288 0.682 1.533170093457944 535
260 6.5 1.2932769230769237 0.30589332015199266 22.288 0.682 1.5214381270903008 598
270 5.6 1.3525535714285721 0.6578037570920281 22.288 0.682 1.499069381598793 663
280 6.4 1.2518437500000004 0.2655173145690079 22.288 0.682 1.4876578581363 719
290 6.4 1.5716249999999996 1.1861170170455357 22.288 0.682 1.4683831417624518 783
300 7.3 1.3154931506849319 0.8980423781575039 22.288 0.682 1.4761841794569064 847
310 8.9 1.3439662921348312 0.4865639777889002 22.288 0.682 1.4634336956521736 920
320 12.5 1.25592 0.29251323662357565 22.288 0.682 1.452895936570862 1009
330 21.1 1.2705592417061615 0.6091170597364555 22.288 0.682 1.4311834215167547 1134
340 30.1 1.626169435215946 3.438984707990143 43.164 0.605 1.405985130111524 1345
350 38.6 1.8655569948186523 2.339605122147882 43.164 0.548 1.4462496962332927 1646
360 29.1 2.178920962199314 5.410904884967522 59.788 0.548 1.5259015748031495 2032
370 35.7 1.3737591036414567 1.0875439336022992 59.788 0.548 1.6077046922083513 2323
380 61.1 1.6112716857610447 2.027246242361505 59.788 0.532 1.5765410447761194 2680
390 106.7 1.869317713214618 2.450267712033284 59.788 0.42 1.5829890610756605 3291
400 140.1 2.2830549607423225 2.8923710896385724 59.788 0.42 1.6530929325378603 4358
410 165 3.2249951515151527 3.9011714657042433 59.788 0.42 1.806344677895466 5759
420 205.2 3.1699039961013624 3.727374522298125 59.788 0.42 2.1222811445539196 7409
430 211.6 3.261627126654074 3.912064734166781 59.788 0.419 2.349500475636823 9461
440 210.1 2.6747791527843887 3.2716436823642003 59.788 0.419 2.516215513518183 11577
450 219.6 3.2750245901639268 4.003858175323153 59.788 0.414 2.5405715747916364 13678
460 223.6 2.9767379248658368 3.6014337265308516 59.788 0.414 2.642175381126369 15874
470 232.3 3.7094343521308657 3.9524461144811536 59.788 0.414 2.683483048039757 18110
480 246.1 4.265216984965461 3.995068102688096 59.788 0.414 2.800122057456076 20433
490 244.5 3.8471934560327217 4.0427868395019795 59.788 0.414 2.957613042718616 22894
500 262 4.615402290076346 5.007781390034558 59.788 0.414 3.043450057224042 25339
510 291.3 5.0620429110882155 5.25103481085767 59.788 0.414 3.1907555706570343 27959
520 310.1 4.875462108997098 4.9156702587877605 59.788 0.414 3.3673252785695773 30872
530 322.1 5.193757839180399 4.92288414230119 59.788 0.414 3.504985547346422 33973
540 329.2 5.034273693803162 5.272877891063946 59.788 0.414 3.651233209657473 37194
550 343.1 5.232030894782862 5.2942113962320585 59.788 0.414 3.7636910783974717 40486
560 373.2 6.6019201500536 6.133468779716663 59.788 0.414 3.8784046041396283 43917
570 371 24.75561805929936 51.416106247528084 316.626 0.414 4.0917177905097715 47649
580 417.8 27.41814815701279 50.90777691639993 316.626 0.414 5.5844078739851 51359
590 401.4 29.667069257598335 52.93030398136524 326.115 0.414 7.226941084322167 55537
600 441 9.167102494331075 7.017565778994227 326.115 0.414 8.739504676663698 59551
610 437.2 8.182969121683444 6.718056380240861 326.115 0.414 8.768986804458965 63961
620 414.5 8.264227261761095 6.310022516805005 326.115 0.414 8.731492924355727 68333
630 465.9 9.32620025756598 6.821298740584361 326.115 0.414 8.704770109550479 72478
640 510.1 15.653710644971559 11.598808358312468 326.115 0.414 8.742303887887777 77137
650 505.9 39.67679126309565 45.335803641144466 340.279 0.414 9.170999696004275 82238
660 446.2 50.43089309726576 59.15459470832909 344.118 0.414 10.938858838218959 87297
670 462.2 26.728512765036754 40.2152972916675 344.118 0.414 12.859253097788777 91759
680 457.3 8.120983380712879 6.402707872001606 344.118 0.414 13.524360517114372 96381
690 435.8 7.160591326296442 5.726854088909266 344.118 0.414 13.279599104542665 100954
700 442.9 9.838023933167772 8.282167202761647 344.118 0.414 13.026383555530234 105312
710 494.8 21.58766531932092 13.654971244551374 344.118 0.414 12.897705625062649 109741
720 492.5 38.64002355329945 56.23537118975025 344.118 0.414 13.272614470437444 114689
730 509.4 17.45569787985863 28.48687809733182 344.118 0.414 14.317094963800225 119614
740 425.6 6.102482377819549 5.49851932244956 344.118 0.414 14.445298793982744 124708
750 280.4 3.6459468616262414 3.8040745455409026 344.118 0.414 14.169973690332185 128964
760 136.9 2.6310087655222762 3.0758692581333618 344.118 0.414 13.94602423957258 131768
770 65.3 1.6227488514548245 1.7904182691701709 344.118 0.414 13.829675995403228 133137
780 25.4 1.4825118110236224 1.7050155325966778 344.118 0.414 13.770096629045517 133790
790 6 1.2905 0.293950874580544 344.118 0.414 13.74681288233714 134044
800 0.7 1.423142857142857 0.32703928491475004 344.118 0.414 13.7412397542206 134104
810 0.6 1.3775000000000002 0.23841123435498307 344.118 0.414 13.740596804139852 134111
820 0.2 1.281 0.0020000000000000018 344.118 0.414 13.740043715561782 134117
830 0 0 0 344.118 0.414 13.739857924678825 134119
840 0 0 0 344.118 0.414 13.739857924678825 134119
850 0 0 0 344.118 0.414 13.739857924678825 134119
854 0 0 0 344.118 0.414 13.739857924678825 134119
