0 11 11
10 18 7
20 26 8
30 37 11
40 42 5
50 43 1
60 49 6
70 58 9
80 61 3
90 66 5
100 67 1
110 77 10
120 75 -2
130 85 10
140 81 -4
150 88 7
160 84 -4
170 89 5
180 110 21
190 127 17
200 158 31
210 180 22
220 200 20
230 212 12
240 218 6
250 240 22
260 270 30
270 288 18
280 325 37
290 361 36
300 405 44
310 468 63
320 524 56
330 603 79
340 621 18
350 727 106
360 823 96
370 903 80
380 928 25
390 955 27
400 993 38
410 986 -7
420 969 -17
430 970 1
440 987 17
450 980 -7
460 968 -12
470 980 12
480 1066 86
490 1044 -22
500 1079 35
510 1057 -22
520 1076 19
530 1084 8
540 1126 42
550 1148 22
560 1191 43
570 1161 -30
580 1144 -17
590 1111 -33
600 1183 72
610 1268 85
620 1292 24
630 1306 14
640 1250 -56
650 1153 -97
660 1140 -13
670 1125 -15
680 1239 114
690 1387 148
700 1343 -44
710 1242 -101
720 1240 -2
730 816 -424
740 754 -62
750 700 -54
760 572 -128
770 417 -155
780 245 -172
790 122 -123
800 44 -78
810 5 -39
820 3 -2
830 2 -1
840 2 0
850 0 -2
854 0 0
