0 0.1 8.209210296452145 0 8.209210296452145 8.209210296452145 0 0
10 0.1 0.897308075772682 0.0 8.209210296452145 0.897308075772682 8.209210296452145 1
20 0.1 2.9880478087649402 0.0 8.209210296452145 0.897308075772682 4.553259186112413 2
30 0.1 1.9900497512437811 0.0 8.209210296452145 0.897308075772682 4.031522060329922 3
40 0.1 2.6785714285714284 0.0 8.209210296452145 0.897308075772682 3.5211539830583867 4
50 0.1 2.68389662027833 0.0 8.209210296452145 0.897308075772682 3.352637472160995 5
60 0.1 3.5502958579881656 0.0 8.209210296452145 0.897308075772682 3.241180663513884 6
70 0.1 3.3797216699801194 0.0 8.209210296452145 0.897308075772682 3.2853399770102096 7
80 0.1 3.5678889990089195 0.0 8.209210296452145 0.897308075772682 3.297137688631448 8
90 0.1 3.286852589641434 0.0 8.209210296452145 0.897308075772682 3.327221167562278 9
100 0.1 3.9603960396039604 0.0 8.209210296452145 0.897308075772682 3.323184309770194 10
110 0.1 4.54096742349457 0.0 8.209210296452145 0.897308075772682 3.3811126488459915 11
120 0.1 5.014749262536873 0.0 8.209210296452145 0.897308075772682 3.4777672134000395 12
130 0.1 5.304518664047151 0.0 8.209210296452145 0.897308075772682 3.5959966017951808 13
140 0.1 5.571847507331378 0.0 8.209210296452145 0.897308075772682 3.718033891956036 14
150 0.1 5.392156862745098 0.0 8.209210296452145 0.897308075772682 3.841621466314392 15
160 0.1 5.0495049504950495 0.0 8.209210296452145 0.897308075772682 3.938529928591311 16
170 0.1 5.206286836935167 0.0 8.209210296452145 0.897308075772682 4.003881400468002 17
180 0.1 5.22167487684729 0.0 8.209210296452145 0.897308075772682 4.070681702493955 18
190 0.1 6.581532416502947 0.0 8.209210296452145 0.897308075772682 4.131260290617814 19
200 0.1 7.1779744346116034 0.0 8.209210296452145 0.897308075772682 4.253773896912071 20
210 0.1 9.381044487427467 0.0 9.381044487427467 0.897308075772682 4.39302154156443 21
220 0.1 12.632594021215043 0.0 12.632594021215043 0.897308075772682 4.619749857285476 22
230 0.1 11.057225994180406 0.0 12.632594021215043 0.897308075772682 4.968134386151979 23
240 0.1 13.675213675213676 0.0 13.675213675213676 0.897308075772682 5.221846536486496 24
250 0.1 11.197663096397275 0.0 13.675213675213676 0.897308075772682 5.559981222035584 25
260 0.1 11.45631067961165 0.0 13.675213675213676 0.897308075772682 5.776815140280264 26
270 0.1 12.560386473429952 0.0 13.675213675213676 0.897308075772682 5.987166826922167 27
280 0.1 12.475822050290136 0.0 13.675213675213676 0.897308075772682 6.221924671440303 28
290 0.1 12.815533980582524 0.0 13.675213675213676 0.897308075772682 6.437576305193745 29
300 0.1 12.18568665377176 0.0 13.675213675213676 0.897308075772682 6.650174894373371 30
310 0.1 12.46376811594203 0.0 13.675213675213676 0.897308075772682 6.828739789837836 31
320 0.1 13.75968992248062 0.0 13.75968992248062 0.897308075772682 7.004834425028592 32
330 0.1 15.834932821497121 0.0 15.834932821497121 0.897308075772682 7.209527015860472 33
340 0.1 20.285714285714285 0.0 20.285714285714285 0.897308075772682 7.4632154219086075 34
350 0.1 25.922421948912017 0.0 25.922421948912017 0.897308075772682 7.829572532303056 35
360 0.1 27.732610659439928 0.0 27.732610659439928 0.897308075772682 8.332151682764415 36
370 0.1 27.566539923954377 0.0 27.732610659439928 0.897308075772682 8.856488411863754 37
380 0.1 31.830726770929164 0.0 31.830726770929164 0.897308075772682 9.348858188497719 38
390 0.1 38.47566574839302 0.0 38.47566574839302 0.897308075772682 9.925316357278012 39
400 0.1 44.614003590664275 0.0 44.614003590664275 0.897308075772682 10.639075092055887 40
410 0.1 46.09865470852018 0.0 46.09865470852018 0.897308075772682 11.467731884704872 41
420 0.1 45.462633451957295 0.0 46.09865470852018 0.897308075772682 12.292277666224285 42
430 0.1 46.83776351970669 0.0 46.83776351970669 0.897308075772682 13.06368128914831 43
440 0.1 47.1441523118767 0.0 47.1441523118767 0.897308075772682 13.831274067115544 44
450 0.1 47.830018083182644 0.0 47.830018083182644 0.897308075772682 14.571560250332459 45
460 0.1 47.53649635036496 0.0 47.830018083182644 0.897308075772682 15.294570203220506 46
470 0.1 47.29605866177818 0.0 47.830018083182644 0.897308075772682 15.980568631883154 47
480 0.1 43.56261022927689 0.0 47.830018083182644 0.897308075772682 16.632974674172633 48
490 0.1 41.53713298791019 0.0 47.830018083182644 0.897308075772682 17.182559073256392 49
500 0.1 46.95571955719557 0.0 47.830018083182644 0.897308075772682 17.66965055154947 50
510 0.1 47.69953051643193 0.0 47.830018083182644 0.897308075772682 18.243887198719005 51
520 0.1 48.007590132827325 0.0 48.007590132827325 0.897308075772682 18.810341877905792 52
530 0.1 47.78510838831291 0.0 48.007590132827325 0.897308075772682 19.36123335441375 53
540 0.1 47.63257575757576 0.0 48.007590132827325 0.897308075772682 19.887601410597064 54
550 0.1 48.368522072936656 0.0 48.368522072936656 0.897308075772682 20.39205548963304 55
560 0.1 47.98464491362764 0.0 48.368522072936656 0.897308075772682 20.891635250049177 56
570 0.1 48.58812074001948 0.0 48.58812074001948 0.897308075772682 21.366951209059323 57
580 0.1 49.25373134328358 0.0 49.25373134328358 0.897308075772682 21.83628171821381 58
590 0.1 49.379178605539636 0.0 49.379178605539636 0.897308075772682 22.300984254231942 59
600 0.1 49.29178470254957 0.0 49.379178605539636 0.897308075772682 22.752287493420404 60
610 0.1 49.3570722057369 0.0 49.379178605539636 0.897308075772682 23.187361218160227 61
620 0.1 49.30278884462152 0.0 49.379178605539636 0.897308075772682 23.609453330863076 62
630 0.1 49.40711462450593 0.0 49.40711462450593 0.897308075772682 24.017284053303687 63
640 0.1 49.25962487660415 0.0 49.40711462450593 0.897308075772682 24.414000155978723 64
650 0.1 49.275362318840585 0.0 49.40711462450593 0.897308075772682 24.79624053629604 65
660 0.1 49.27675988428158 0.0 49.40711462450593 0.897308075772682 25.167136320880047 66
670 0.1 49.42965779467681 0.0 49.42965779467681 0.897308075772682 25.52698144869201 67
680 0.1 49.20318725099602 0.0 49.42965779467681 0.897308075772682 25.87849139495649 68
690 0.1 49.40119760479042 0.0 49.42965779467681 0.897308075772682 26.216530465333875 69
700 0.1 49.35579781962339 0.0 49.42965779467681 0.897308075772682 26.54773999589754 70
710 0.1 49.21259842519685 0.0 49.42965779467681 0.897308075772682 26.868980246935934 71
720 0.1 49.36086529006883 0.0 49.42965779467681 0.897308075772682 27.179308277189556 72
730 0.1 49.26253687315634 0.0 49.42965779467681 0.897308075772682 27.483165222571465 73
740 0.1 49.31506849315068 0.0 49.42965779467681 0.897308075772682 27.777481055687474 74
750 0.1 49.404761904761905 0.0 49.42965779467681 0.897308075772682 28.064648888186984 75
760 0.1 49.249249249249246 0.0 49.42965779467681 0.897308075772682 28.34543984893139 76
770 0.1 37.258509659613615 0.0 49.42965779467681 0.897308075772682 28.616917893091365 77
780 0.1 27.416356877323423 0.0 49.42965779467681 0.897308075772682 28.7277075311237 78
790 0.1 17.267552182163186 0.0 49.42965779467681 0.897308075772682 28.71110815575914 79
800 0.1 8.521057786483839 0.0 49.42965779467681 0.897308075772682 28.56806370608919 80
810 0.1 3.7735849056603774 0.0 49.42965779467681 0.897308075772682 28.320569805847146 81
820 0.1 1.002004008016032 0.0 49.42965779467681 0.897308075772682 28.021216331454625 82
830 0.1 0.697211155378486 0.0 49.42965779467681 0.697211155378486 27.695683652858982 83
840 0.1 0.5982053838484547 0.0 49.42965779467681 0.5982053838484547 27.374273265984215 84
850 0.1 0.501002004008016 0.0 49.42965779467681 0.501002004008016 27.05926070266497 85
