0 0 0
10 0 0
20 0 0
30 0 0
40 0.6 6
50 0.6 12
60 0.8 20
70 0.7 27
80 0.8 35
90 1.3 48
100 1.1 59
110 0.9 68
120 1.5 83
130 1.6 99
140 1.1 110
150 1.5 125
160 1.7 142
170 1.7 159
180 1.5 174
190 1.6 190
200 1.7 207
210 2.4 231
220 2.2 253
230 2.9 282
240 3.4 316
250 4.1 357
260 3.6 393
270 3.6 429
280 3.2 461
290 2.4 485
300 2.9 514
310 2.5 539
320 3.8 577
330 2.5 602
340 3.4 636
350 3.4 670
360 4.1 711
370 4 751
380 5.5 806
390 7.8 884
400 8.4 968
410 10.5 1073
420 14.7 1220
430 16.5 1385
440 17.8 1563
450 18.8 1751
460 17.6 1927
470 16.9 2096
480 16.8 2264
490 18.8 2452
500 16.4 2616
510 21.1 2827
520 19.9 3026
530 22.9 3255
540 23.5 3490
550 23.1 3721
560 22.9 3950
570 23.1 4181
580 23.9 4420
590 26.5 4685
600 28.5 4970
610 29.8 5268
620 28.6 5554
630 30.1 5855
640 29.9 6154
650 26 6414
660 28.2 6696
670 33.2 7028
680 36.7 7395
690 33.5 7730
700 32 8050
710 26.8 8318
720 22.6 8544
730 31.8 8862
740 32.5 9187
750 35.1 9538
760 28.2 9820
770 25.3 10073
780 21.8 10291
790 14.2 10433
800 7.9 10512
810 3.8 10550
820 0.3 10553
830 0.1 10554
840 0 10554
850 0.2 10556
854 0 10556
