0 0.1 3510.734375 0 3510.734375 3510.734375 0 0
10 0.1 3513.390625 0.0 3513.390625 3510.734375 3510.734375 1
20 0.1 3509.1640625 0.0 3513.390625 3509.1640625 3512.0625 2
30 0.1 3505.87890625 0.0 3513.390625 3505.87890625 3511.0963541666665 3
40 0.1 3496.25390625 0.0 3513.390625 3496.25390625 3509.7919921875 4
50 0.1 3493.703125 0.0 3513.390625 3493.703125 3507.084375 5
60 0.1 3489.6953125 0.0 3513.390625 3489.6953125 3504.8541666666665 6
70 0.1 3488.15234375 0.0 3513.390625 3488.15234375 3502.6886160714284 7
80 0.1 3487.796875 0.0 3513.390625 3487.796875 3500.87158203125 8
90 0.1 3485.9921875 0.0 3513.390625 3485.9921875 3499.4188368055557 9
100 0.1 3484.3046875 0.0 3513.390625 3484.3046875 3498.076171875 10
110 0.1 3484.5546875 0.0 3513.390625 3484.3046875 3496.82421875 11
120 0.1 3477.90625 0.0 3513.390625 3477.90625 3495.8017578125 12
130 0.1 3474.765625 0.0 3513.390625 3474.765625 3494.4251802884614 13
140 0.1 3475.4921875 0.0 3513.390625 3474.765625 3493.020926339286 14
150 0.1 3472.47265625 0.0 3513.390625 3472.47265625 3491.85234375 15
160 0.1 3472.36328125 0.0 3513.390625 3472.36328125 3490.64111328125 16
170 0.1 3470.81640625 0.0 3513.390625 3470.81640625 3489.5659466911766 17
180 0.1 3469.7265625 0.0 3513.390625 3469.7265625 3488.5243055555557 18
190 0.1 3471.30859375 0.0 3513.390625 3469.7265625 3487.5349506578946 19
200 0.1 3468.64453125 0.0 3513.390625 3468.64453125 3486.7236328125 20
210 0.1 3458.09375 0.0 3513.390625 3458.09375 3485.862723214286 21
220 0.1 3444.57421875 0.0 3513.390625 3444.57421875 3484.600497159091 22
230 0.1 3416.30078125 0.0 3513.390625 3416.30078125 3482.8602241847825 23
240 0.1 3413.87109375 0.0 3513.390625 3413.87109375 3480.0869140625 24
250 0.1 3403.40625 0.0 3513.390625 3403.40625 3477.43828125 25
260 0.1 3404.45703125 0.0 3513.390625 3403.40625 3474.5908954326924 26
270 0.1 3403.29296875 0.0 3513.390625 3403.29296875 3471.9933449074074 27
280 0.1 3404.984375 0.0 3513.390625 3403.29296875 3469.5397600446427 28
290 0.1 3390.73046875 0.0 3513.390625 3390.73046875 3467.313712284483 29
300 0.1 3363.35546875 0.0 3513.390625 3363.35546875 3464.7609375 30
310 0.1 3356.00390625 0.0 3513.390625 3356.00390625 3461.489793346774 31
320 0.1 3328.9140625 0.0 3513.390625 3328.9140625 3458.193359375 32
330 0.1 3310.21875 0.0 3513.390625 3310.21875 3454.2758049242425 33
340 0.1 3293.91796875 0.0 3513.390625 3293.91796875 3450.0388327205883 34
350 0.1 3274.25390625 0.0 3513.390625 3274.25390625 3445.578236607143 35
360 0.1 3221.58984375 0.0 3513.390625 3221.58984375 3440.8192274305557 36
370 0.1 3201.16796875 0.0 3513.390625 3201.16796875 3434.8941089527025 37
380 0.1 3183.9609375 0.0 3513.390625 3183.9609375 3428.743421052631 38
390 0.1 3140.33203125 0.0 3513.390625 3140.33203125 3422.4669471153848 39
400 0.1 3121.19921875 0.0 3513.390625 3121.19921875 3415.41357421875 40
410 0.1 3109.40234375 0.0 3513.390625 3109.40234375 3408.237614329268 41
420 0.1 3090.015625 0.0 3513.390625 3090.015625 3401.122488839286 42
430 0.1 3082.7734375 0.0 3513.390625 3082.7734375 3393.887445494186 43
440 0.1 3087.89453125 0.0 3513.390625 3082.7734375 3386.8166725852275 44
450 0.1 3084.78125 0.0 3513.390625 3082.7734375 3380.1739583333333 45
460 0.1 3087.02734375 0.0 3513.390625 3082.7734375 3373.7523777173915 46
470 0.1 3087.28515625 0.0 3513.390625 3082.7734375 3367.651845079787 47
480 0.1 3084.5078125 0.0 3513.390625 3082.7734375 3361.8108723958335 48
490 0.1 3087.90625 0.0 3513.390625 3082.7734375 3356.1516262755104 49
500 0.1 3055.1640625 0.0 3513.390625 3055.1640625 3350.78671875 50
510 0.1 3048.0625 0.0 3513.390625 3048.0625 3344.9901960784314 51
520 0.1 3047.14453125 0.0 3513.390625 3047.14453125 3339.280048076923 52
530 0.1 3035.43359375 0.0 3513.390625 3035.43359375 3333.768057193396 53
540 0.1 3026.953125 0.0 3513.390625 3026.953125 3328.2433449074074 54
550 0.1 3029.6328125 0.0 3513.390625 3026.953125 3322.765340909091 55
560 0.1 3024.15625 0.0 3513.390625 3024.15625 3317.530831473214 56
570 0.1 2995.4140625 0.0 3513.390625 2995.4140625 3312.383908991228 57
580 0.1 2992.6796875 0.0 3513.390625 2992.6796875 3306.918911637931 58
590 0.1 2993.5390625 0.0 3513.390625 2992.6796875 3301.5928230932204 59
600 0.1 2995.76953125 0.0 3513.390625 2992.6796875 3296.45859375 60
610 0.1 2985.91015625 0.0 3513.390625 2985.91015625 3291.5292648565573 61
620 0.1 2985.4375 0.0 3513.390625 2985.4375 3286.5999243951615 62
630 0.1 2980.66796875 0.0 3513.390625 2980.66796875 3281.8195684523807 63
640 0.1 2989.69921875 0.0 3513.390625 2980.66796875 3277.1140747070313 64
650 0.1 2987.07421875 0.0 3513.390625 2980.66796875 3272.6923076923076 65
660 0.1 2970.9140625 0.0 3513.390625 2970.9140625 3268.3647608901515 66
670 0.1 2979.9765625 0.0 3513.390625 2970.9140625 3263.925198227612 67
680 0.1 2982.625 0.0 3513.390625 2970.9140625 3259.7494829963234 68
690 0.1 2982.0703125 0.0 3513.390625 2970.9140625 3255.7331861413045 69
700 0.1 2971.66015625 0.0 3513.390625 2970.9140625 3251.823716517857 70
710 0.1 2962.0390625 0.0 3513.390625 2962.0390625 3247.877750880282 71
720 0.1 2961.6015625 0.0 3513.390625 2961.6015625 3243.907769097222 72
730 0.1 2968.23046875 0.0 3513.390625 2961.6015625 3240.0405607876714 73
740 0.1 2987.1875 0.0 3513.390625 2961.6015625 3236.3674514358113 74
750 0.1 3000.66796875 0.0 3513.390625 2961.6015625 3233.0450520833338 75
760 0.1 3006.1875 0.0 3513.390625 2961.6015625 3229.987458881579 76
770 0.1 3036.87109375 0.0 3513.390625 2961.6015625 3227.0809659090914 77
780 0.1 3058.41015625 0.0 3513.390625 2961.6015625 3224.6423778044878 78
790 0.1 3105.60546875 0.0 3513.390625 2961.6015625 3222.5381724683552 79
800 0.1 3177.96875 0.0 3513.390625 2961.6015625 3221.0765136718755 80
810 0.1 3199.63671875 0.0 3513.390625 2961.6015625 3220.5443190586425 81
820 0.1 3208.36328125 0.0 3513.390625 2961.6015625 3220.2893483231705 82
830 0.1 3215.203125 0.0 3513.390625 2961.6015625 3220.1456607680725 83
840 0.1 3215.71484375 0.0 3513.390625 2961.6015625 3220.0868210565477 84
850 0.1 3215.73046875 0.0 3513.390625 2961.6015625 3220.0353860294117 85
