0 0.1 0.05078125 0 0.05078125 0.05078125 0 0
10 0.1 0.0390625 0.0 0.05078125 0.0390625 0.05078125 1
20 0.1 0.03125 0.0 0.05078125 0.03125 0.044921875 2
30 0.1 0.03125 0.0 0.05078125 0.03125 0.040364583333333336 3
40 0.1 0.01953125 0.0 0.05078125 0.01953125 0.0380859375 4
50 0.1 0.01953125 0.0 0.05078125 0.01953125 0.034375 5
60 0.1 0.01953125 0.0 0.05078125 0.01953125 0.031901041666666664 6
70 0.1 0.01171875 0.0 0.05078125 0.01171875 0.030133928571428572 7
80 0.1 0.01171875 0.0 0.05078125 0.01171875 0.02783203125 8
90 0.1 0.01171875 0.0 0.05078125 0.01171875 0.026041666666666668 9
100 0.1 0.01171875 0.0 0.05078125 0.01171875 0.024609375 10
110 0.1 0.0 0.0 0.05078125 0.0 0.0234375 11
120 0.1 0.0 0.0 0.05078125 0.0 0.021484375 12
130 0.1 0.0 0.0 0.05078125 0.0 0.019831730769230768 13
140 0.1 0.0 0.0 0.05078125 0.0 0.018415178571428572 14
150 0.1 0.0 0.0 0.05078125 0.0 0.0171875 15
160 0.1 0.0 0.0 0.05078125 0.0 0.01611328125 16
170 0.1 0.0 0.0 0.05078125 0.0 0.015165441176470588 17
180 0.1 0.0 0.0 0.05078125 0.0 0.014322916666666666 18
190 0.1 0.0 0.0 0.05078125 0.0 0.013569078947368422 19
200 0.1 0.0 0.0 0.05078125 0.0 0.012890625 20
210 0.1 0.0 0.0 0.05078125 0.0 0.012276785714285714 21
220 0.1 0.0703125 0.0 0.0703125 0.0 0.01171875 22
230 0.1 0.05859375 0.0 0.0703125 0.0 0.014266304347826086 23
240 0.1 0.05078125 0.0 0.0703125 0.0 0.01611328125 24
250 0.1 0.12109375 0.0 0.12109375 0.0 0.0175 25
260 0.1 0.1015625 0.0 0.12109375 0.0 0.021484375 26
270 0.1 0.078125 0.0 0.12109375 0.0 0.024450231481481483 27
280 0.1 0.0703125 0.0 0.12109375 0.0 0.0263671875 28
290 0.1 0.05859375 0.0 0.12109375 0.0 0.027882543103448277 29
300 0.1 0.05078125 0.0 0.12109375 0.0 0.02890625 30
310 0.1 0.0390625 0.0 0.12109375 0.0 0.029611895161290324 31
320 0.1 0.03125 0.0 0.12109375 0.0 0.0299072265625 32
330 0.1 0.03125 0.0 0.12109375 0.0 0.029947916666666668 33
340 0.1 0.01953125 0.0 0.12109375 0.0 0.02998621323529412 34
350 0.1 0.08984375 0.0 0.12109375 0.0 0.0296875 35
360 0.1 0.16015625 0.0 0.16015625 0.0 0.03135850694444445 36
370 0.1 0.12890625 0.0 0.16015625 0.0 0.03483952702702703 37
380 0.1 0.109375 0.0 0.16015625 0.0 0.03731496710526316 38
390 0.1 0.23828125 0.0 0.23828125 0.0 0.039162660256410256 39
400 0.1 0.37109375 0.0 0.37109375 0.0 0.044140625 40
410 0.1 0.5390625 0.0 0.5390625 0.0 0.052115091463414635 41
420 0.1 0.609375 0.0 0.609375 0.0 0.06370907738095238 42
430 0.1 0.75 0.0 0.75 0.0 0.07639898255813954 43
440 0.1 0.94921875 0.0 0.94921875 0.0 0.09170809659090909 44
450 0.1 1.109375 0.0 1.109375 0.0 0.11076388888888888 45
460 0.1 1.08984375 0.0 1.109375 0.0 0.1324728260869565 46
470 0.1 1.23046875 0.0 1.23046875 0.0 0.15284242021276595 47
480 0.1 1.12109375 0.0 1.23046875 0.0 0.17529296875 48
490 0.1 1.328125 0.0 1.328125 0.0 0.19459502551020408 49
500 0.1 1.51171875 0.0 1.51171875 0.0 0.217265625 50
510 0.1 1.4296875 0.0 1.51171875 0.0 0.2426470588235294 51
520 0.1 1.51953125 0.0 1.51953125 0.0 0.26547475961538464 52
530 0.1 1.44140625 0.0 1.51953125 0.0 0.2891362028301887 53
540 0.1 1.53125 0.0 1.53125 0.0 0.31047453703703703 54
550 0.1 1.51953125 0.0 1.53125 0.0 0.3326704545454545 55
560 0.1 1.51171875 0.0 1.53125 0.0 0.35386439732142855 56
570 0.1 1.51171875 0.0 1.53125 0.0 0.37417763157894735 57
580 0.1 1.46875 0.0 1.53125 0.0 0.3937904094827586 58
590 0.1 1.3984375 0.0 1.53125 0.0 0.412010063559322 59
600 0.1 1.33984375 0.0 1.53125 0.0 0.42845052083333335 60
610 0.1 1.2890625 0.0 1.53125 0.0 0.44339139344262296 61
620 0.1 1.23828125 0.0 1.53125 0.0 0.45703125 62
630 0.1 1.19921875 0.0 1.53125 0.0 0.46943204365079366 63
640 0.1 1.171875 0.0 1.53125 0.0 0.4808349609375 64
650 0.1 1.1484375 0.0 1.53125 0.0 0.49146634615384616 65
660 0.1 1.12109375 0.0 1.53125 0.0 0.5014204545454546 66
670 0.1 1.26171875 0.0 1.53125 0.0 0.5106693097014925 67
680 0.1 1.21875 0.0 1.53125 0.0 0.5217141544117647 68
690 0.1 1.1796875 0.0 1.53125 0.0 0.5318161231884058 69
700 0.1 1.16015625 0.0 1.53125 0.0 0.5410714285714285 70
710 0.1 1.12890625 0.0 1.53125 0.0 0.5497909330985915 71
720 0.1 1.109375 0.0 1.53125 0.0 0.5578342013888888 72
730 0.1 1.25 0.0 1.53125 0.0 0.5653895547945206 73
740 0.1 1.2109375 0.0 1.53125 0.0 0.5746410472972973 74
750 0.1 1.33984375 0.0 1.53125 0.0 0.583125 75
760 0.1 1.359375 0.0 1.53125 0.0 0.5930818256578947 76
770 0.1 1.23046875 0.0 1.53125 0.0 0.603033685064935 77
780 0.1 1.0390625 0.0 1.53125 0.0 0.6110777243589743 78
790 0.1 0.87890625 0.0 1.53125 0.0 0.616495253164557 79
800 0.1 0.890625 0.0 1.53125 0.0 0.619775390625 80
810 0.1 0.75 0.0 1.53125 0.0 0.6231192129629629 81
820 0.1 0.640625 0.0 1.53125 0.0 0.6246665396341462 82
830 0.1 0.62109375 0.0 1.53125 0.0 0.6248588102409637 83
840 0.1 0.51953125 0.0 1.53125 0.0 0.6248139880952379 84
850 0.1 0.44140625 0.0 1.53125 0.0 0.6235753676470587 85
