0 1.5 10.005133333333333 3.187671289340997 20.751 7.27 0 0
10 3.5 53.69371428571429 52.68855723728767 144.096 7.017 10.005133333333333 15
20 7.1 41.267774647887336 35.33552530045471 158.004 7.017 40.587140000000005 50
30 10.8 42.12065740740738 34.94672610008141 158.004 7.017 40.98652066115703 121
40 14.7 41.58712925170068 35.64813644636897 158.004 6.93 41.521397379912656 229
50 15.5 40.6371612903226 32.71823874991694 163.492 5.665 41.547095744680846 376
60 17.6 59.23556249999999 95.05461276715758 765.668 5.665 41.281483992467045 531
70 20.5 38.815531707317085 32.087458611908595 765.668 5.665 45.75095756718529 707
80 22.2 49.60704954954958 41.39016827856798 765.668 5.665 44.1920076754386 912
90 25.7 42.02264591439689 39.525202798859425 765.668 5.665 45.25209523809525 1134
100 25.3 47.680711462450596 43.72387834831138 765.668 5.419 44.65542487419124 1391
110 27.8 52.80073021582734 55.52161742095349 765.668 5.419 45.12099513381997 1644
120 28.4 49.12354225352116 42.231284460180284 765.668 5.419 46.231799687825195 1922
130 31 53.11719354838713 57.1247681456264 765.668 5.419 46.60408204895741 2206
140 30 47.22612666666666 39.431784972582165 765.668 5.419 47.40657193958667 2516
150 31.5 46.85014603174599 41.01492220795627 765.668 5.419 47.38734836647729 2816
160 31.5 47.76929523809525 43.6446122243562 765.668 5.419 47.333302139891416 3131
170 31.9 55.059257053291496 63.49775065872508 765.668 5.419 47.37315641323274 3446
180 38.7 53.77658397932823 46.37293456768354 765.668 5.419 48.02438247011953 3765
190 45.3 70.88282781456952 71.3983293871586 765.668 5.419 48.56053420038537 4152
200 54.5 60.38981100917438 55.66822057112213 765.668 5.419 50.75640803474485 4605
210 58.3 104.42324185248727 124.32258378896334 962.203 5.419 51.77586524271846 5150
220 67.1 109.98646944858396 116.96969212290864 962.203 5.419 57.12968009768012 5733
230 72 127.78574444444453 97.4691474280094 962.203 5.419 62.66792270455964 6404
240 80.5 135.20050807453418 115.58534216103473 962.203 5.419 69.2491736384054 7124
250 83 151.09466626506025 180.7434557822604 3326.375 5.419 75.9449516963047 7929
260 83.6 306.13999521531105 253.2964138413293 3326.375 5.419 83.06611428245233 8759
270 83.8 502.042161097852 452.5008756629447 3326.375 5.419 102.50225440333507 9595
280 88.2 695.483428571428 504.09754137745136 3326.375 5.419 134.59412077063166 10433
290 90.3 1154.7744983388723 736.4566711814246 3326.375 5.419 178.31523163941665 11315
300 85 1493.1008929411769 801.4446464185914 3573.564 5.419 250.4827482403013 12218
310 91.6 1862.4359868995662 1184.874824547665 4484.454 5.419 331.30807904805647 13068
320 89.3 2538.3420649496093 1405.2113945637186 5723.086 0.887 431.60221260011474 13984
330 102.7 2329.493652385596 1518.935473366641 6092.736 0.802 558.0604157424216 14877
340 115 2705.7963408695664 1958.4685313009559 6092.736 0.79 672.450627892355 15904
350 136.8 2616.6706418128642 1605.2380784187592 6092.736 0.79 809.5649453500654 17054
360 146.8 2542.8127806539514 1327.1403905648242 6092.736 0.79 943.7588761263714 18422
370 160.6 2723.51598318805 1594.5968526092934 6092.736 0.766 1061.7785408748123 19890
380 196.6 2296.0963092573747 1802.3356842237329 6092.736 0.766 1185.9295611741732 21496
390 244.9 2072.5120028583137 1991.1671675326527 8036.194 0.766 1278.9560647429896 23462
400 282.4 1691.0592705382412 1776.476084137262 8036.194 0.763 1353.9596729574325 25911
410 298 1534.0955708053684 1764.7880570822517 8036.194 0.763 1387.0889321733089 28735
420 344.8 1377.7091003480293 1705.4797239213626 8036.194 0.761 1400.901947564245 31715
430 350.9 1402.898851239667 1651.1426851733181 8036.194 0.761 1398.6277122259203 35163
440 346.7 1374.3227190654723 1659.7779673617522 8036.194 0.734 1399.015264635913 38672
450 353.3 1350.1841692612547 1716.9423133614177 8036.194 0.734 1396.983677377252 42139
460 359.6 1347.267620133478 1696.9358504445722 8036.194 0.734 1393.3634579392196 45672
470 362.1 1331.982447114061 1647.9715248786486 8036.194 0.732 1389.9989894657797 49268
480 381.8 1282.6160542168668 1515.46709683367 8036.194 0.732 1386.0269366787054 52889
490 392.2 1202.3887322794506 1458.295334065752 8036.194 0.732 1379.0644320630618 56707
500 397.7 1175.1041687201443 1456.2867620428226 8036.194 0.732 1367.6355433373476 60629
510 435.9 1101.2346173434257 1367.037613677804 8036.194 0.732 1355.7837451010753 64606
520 447.5 1088.6525329608949 1385.4938850728947 8036.194 0.725 1339.6947195388975 68965
530 464.3 1040.769812836529 1326.637694954845 8036.194 0.725 1324.3976908769073 73440
540 473.5 1030.1343167898601 1263.823117616334 8175.83 0.725 1307.5325059103784 78083
550 487.4 1007.9545701682393 1275.0875287823208 11189.538 0.725 1291.6726635393281 82818
560 519.8 929.1098914967281 1171.849398805347 11189.538 0.725 1275.9033574784482 87692
570 513.8 939.0030893343715 1184.0038720471748 11189.538 0.725 1256.4972595543122 92890
580 565.7 906.1040641682861 1160.002555589461 11189.538 0.725 1239.8562483474116 98028
590 537.6 922.6302864583331 1174.9148956190425 11189.538 0.725 1221.6469017119166 103685
600 587.5 849.5312806808494 1124.23047864919 11728.912 0.725 1206.9073218107303 109061
610 589.3 819.7859176989651 1113.4015563202138 11728.912 0.725 1188.6399013189953 114936
620 560.9 808.4993651274779 1113.2601858519595 11728.912 0.725 1170.650374587227 120829
630 624.2 790.6595514258236 1153.891681562372 11728.912 0.725 1154.5847533969222 126438
640 672.5 789.6802411895927 1093.3691281762988 11728.912 0.725 1137.4637019143806 132680
650 648.6 817.7067873882193 1046.9285340710846 11728.912 0.725 1120.6863713066248 139405
660 575.6 857.435971507994 1049.0308845597779 11728.912 0.725 1107.2165508153348 145891
670 602.9 822.3815015757174 1103.366907672956 11728.912 0.725 1097.7357367241027 151647
680 613.6 781.7440632333756 1094.656907690732 11728.912 0.725 1087.2071167457318 157676
690 593.7 819.379870641739 1142.7328493351388 11728.912 0.725 1075.765212023539 163812
700 606.2 812.3667202243489 1092.1708732104469 11728.912 0.725 1066.798091323071 169749
710 648.8 779.0021223797759 1032.733346138416 11728.912 0.725 1058.0252445068852 175811
720 603.4 772.1768422273813 1136.978394628716 11728.912 0.725 1048.0948443600896 182299
730 656.3 806.6407872923961 1356.1934492414614 11728.912 0.725 1039.254708935768 188333
740 546.5 868.5388905763957 1346.7878446614534 11728.912 0.725 1031.4215816897215 194896
750 389.1 1213.5162402981225 1624.5265032753293 11728.912 0.725 1026.978831319468 200361
760 232.2 1986.353145994833 2008.2146824044175 11728.912 0.725 1030.532368412549 204252
770 181.9 1918.5449202858724 1916.5119010123308 11728.912 0.725 1041.2762947805627 206574
780 135.4 1338.949198670603 2827.5180674469566 63090.403 0.725 1048.9337095199933 208393
790 85.9 703.9697229336434 964.201607480722 63090.403 0.725 1050.8058744249022 209747
800 37.2 370.08678763440867 2473.0294612814173 63090.403 0.725 1049.3912316600665 210606
810 11 198.83079090909092 1022.2471577433182 63090.403 0.725 1048.1934705040335 210978
820 1.5 765.3628 2697.8183762886683 63090.403 0.725 1047.7508593903963 211088
830 0.6 2599.6401666666666 3754.5386790031175 63090.403 0.725 1047.7307942047246 211103
840 0.4 1735.60325 2903.875841452538 63090.403 0.725 1047.774901543752 211109
850 0.7 1417.8902857142855 3340.2785004062034 63090.403 0.725 1047.7879339642748 211113
854 0 0 0 63090.403 0.725 1047.8002052624097 211120
