10 0.1 209 0 209 209 0 0
20 0.1 780.0 0.0 780 209 209.0 1
30 0.1 940.0 0.0 940 209 494.5 2
40 0.1 1455.0 0.0 1455 209 643.0 3
50 0.1 1627.0 0.0 1627 209 846.0 4
60 0.1 1829.0 0.0 1829 209 1002.2 5
70 0.1 2082.0 0.0 2082 209 1140.0 6
80 0.1 2405.0 0.0 2405 209 1274.5714285714287 7
90 0.1 2782.0 0.0 2782 209 1415.875 8
100 0.1 2806.0 0.0 2806 209 1567.6666666666667 9
110 0.1 3044.0 0.0 3044 209 1691.5 10
120 0.1 3091.0 0.0 3091 209 1814.4545454545455 11
130 0.1 3534.0 0.0 3534 209 1920.8333333333333 12
140 0.1 3332.0 0.0 3534 209 2044.923076923077 13
150 0.1 3539.0 0.0 3539 209 2136.8571428571427 14
160 0.1 3662.0 0.0 3662 209 2230.3333333333335 15
170 0.1 3617.0 0.0 3662 209 2319.8125 16
180 0.1 3652.0 0.0 3662 209 2396.1176470588234 17
190 0.1 4.7e3 0.0 4700 209 2465.8888888888887 18
200 0.1 5406.0 0.0 5406 209 2583.4736842105262 19
210 0.1 6689.0 0.0 6689 209 2724.6 20
220 0.1 7636.0 0.0 7636 209 2913.3809523809523 21
230 0.1 8347.0 0.0 8347 209 3128.0454545454545 22
240 0.1 9778.0 0.0 9778 209 3354.9565217391305 23
250 0.1 9797.0 0.0 9797 209 3622.5833333333335 24
260 0.1 9890.0 0.0 9890 209 3869.56 25
270 0.1 10574.0 0.0 10574 209 4101.115384615385 26
280 0.1 10417.0 0.0 10574 209 4340.851851851852 27
290 0.1 11368.0 0.0 11368 209 4557.857142857143 28
300 0.1 11355.0 0.0 11368 209 4792.689655172414 29
310 0.1 10831.0 0.0 11368 209 5011.433333333333 30
320 0.1 11475.0 0.0 11475 209 5199.1612903225805 31
330 0.1 11314.0 0.0 11475 209 5395.28125 32
340 0.1 11973.0 0.0 11973 209 5574.636363636364 33
350 0.1 12702.0 0.0 12702 209 5762.823529411765 34
360 0.1 17572.0 0.0 17572 209 5961.085714285714 35
370 0.1 18526.0 0.0 18526 209 6283.611111111111 36
380 0.1 18672.0 0.0 18672 209 6614.486486486487 37
390 0.1 20435.0 0.0 20435 209 6931.789473684211 38
400 0.1 23551.0 0.0 23551 209 7278.025641025641 39
410 0.1 25402.0 0.0 25402 209 7684.85 40
420 0.1 26657.0 0.0 26657 209 8116.975609756098 41
430 0.1 28803.0 0.0 28803 209 8558.404761904761 42
440 0.1 28644.0 0.0 28803 209 9029.209302325582 43
450 0.1 28025.0 0.0 28803 209 9475.0 44
460 0.1 28627.0 0.0 28803 209 9887.222222222223 45
470 0.1 28837.0 0.0 28837 209 10294.608695652174 46
480 0.1 29832.0 0.0 29832 209 10689.127659574468 47
490 0.1 32703.0 0.0 32703 209 11087.9375 48
500 0.1 32099.0 0.0 32703 209 11529.061224489797 49
510 0.1 34027.0 0.0 34027 209 11940.46 50
520 0.1 35333.0 0.0 35333 209 12373.529411764706 51
530 0.1 35520.0 0.0 35520 209 12815.057692307691 52
540 0.1 37338.0 0.0 37338 209 13243.452830188678 53
550 0.1 37684.0 0.0 37684 209 13689.648148148148 54
560 0.1 39133.0 0.0 39133 209 14125.90909090909 55
570 0.1 41547.0 0.0 41547 209 14572.464285714286 56
580 0.1 41862.0 0.0 41862 209 15045.701754385966 57
590 0.1 42196.0 0.0 42196 209 15508.051724137931 58
600 0.1 48552.0 0.0 48552 209 15960.389830508475 59
610 0.1 45544.0 0.0 48552 209 16503.583333333332 60
620 0.1 43081.0 0.0 48552 209 16979.655737704918 61
630 0.1 44202.0 0.0 48552 209 17400.645161290322 62
640 0.1 46364.0 0.0 48552 209 17826.06349206349 63
650 0.1 50961.0 0.0 50961 209 18271.96875 64
660 0.1 48896.0 0.0 50961 209 18774.876923076925 65
670 0.1 49695.0 0.0 50961 209 19231.257575757576 66
680 0.1 46558.0 0.0 50961 209 19685.940298507463 67
690 0.1 42528.0 0.0 50961 209 20081.117647058825 68
700 0.1 43214.0 0.0 50961 209 20406.434782608696 69
710 0.1 48851.0 0.0 50961 209 20732.257142857143 70
720 0.1 49814.0 0.0 50961 209 21128.295774647886 71
730 0.1 44915.0 0.0 50961 209 21526.708333333332 72
740 0.1 44355.0 0.0 50961 209 21847.095890410958 73
750 0.1 32359.0 0.0 50961 209 22151.256756756757 74
760 0.1 21431.0 0.0 50961 209 22287.36 75
770 0.1 16651.0 0.0 50961 209 22276.092105263157 76
780 0.1 14021.0 0.0 50961 209 22203.03896103896 77
790 0.1 9241.0 0.0 50961 209 22098.141025641027 78
800 0.1 5685.0 0.0 50961 209 21935.392405063296 79
810 0.1 3115.0 0.0 50961 209 21732.262500000004 80
820 0.1 2327.0 0.0 50961 209 21502.419753086426 81
830 0.1 663.0 0.0 50961 209 21268.573170731714 82
840 0.1 1515.0 0.0 50961 209 21020.313253012053 83
850 0.1 917.0 0.0 50961 209 20788.10714285715 84
