0 1.5 10.005133333333333 3.187671289340997 20.751 7.27 0 0
10 5.3 35.52462264150947 27.97190890149347 90.868 6.726 10.005133333333333 15
20 10.8 27.00449074074074 21.636447811460695 93.821 6.06 29.89532352941179 68
30 16.9 26.85565680473373 24.499450433649645 133.006 5.505 28.121403409090917 176
40 21.9 27.859132420091324 24.351205398906338 146.758 5.505 27.501371014492758 345
50 23.5 26.827110638297874 21.087367398932148 146.758 5.505 27.6402890070922 564
60 26.2 39.65588931297713 71.94121594061687 703.586 5.505 27.40111889862328 799
70 31.1 25.56667524115756 20.090792881765623 703.586 5.505 30.427273327049964 1061
80 34.3 32.075425655976694 27.2214135248543 703.586 5.5 29.325490524781348 1372
90 37.5 28.73461066666667 27.97006267075127 703.586 5.193 29.875477551020417 1715
100 38.3 31.418992167101813 27.9383724221806 703.586 5.193 29.67077655502393 2090
110 41.3 35.48815496368042 38.692564051026864 703.586 5.158 29.94152729478367 2473
120 43.6 31.98191513761466 27.711117871326998 703.586 5.133 30.73527546777548 2886
130 45.8 35.88351091703052 39.795138263394925 703.586 5.123 30.89889223359423 3322
140 45.7 30.936229759299763 27.326868595025527 703.586 5.123 31.50284867724868 3780
150 47.3 31.164733615221984 27.07956813802884 703.586 5.123 31.441733537880577 4237
160 46.5 32.2980623655914 28.664216403679532 703.586 5.123 31.41391592356688 4710
170 47.2 37.22913983050849 44.59455784994557 703.586 5.123 31.49336096618357 5175
180 58.3 35.6186552315609 30.844464517617435 703.586 5.123 31.972781476890383 5647
190 68.4 46.879326023391805 48.39261258557093 703.586 5.123 32.313960353130014 6230
200 81.3 40.42892496924969 38.69659419291188 703.586 5.108 33.754907723459645 6914
210 87.8 69.65905125284742 91.68755382987393 955.084 5.108 34.457117639446096 7727
220 100.7 73.08619265143977 79.54435536495122 955.084 4.879 38.048901220220806 8605
230 111.1 83.18061296129626 66.44250924653063 955.084 4.879 41.719578755722004 9612
240 122 88.6870639344262 80.85014189343981 955.084 4.879 46.015317728247695 10723
250 121 104.28916859504139 138.49582443497576 3293.916 4.879 50.374317173239554 11943
260 125 207.36700640000004 154.70687509237058 3293.916 4.879 55.33417197597507 13153
270 126.7 334.64538910812945 324.85690951573304 3293.916 4.879 68.52871776713185 14403
280 136.7 459.6098778346736 332.7490547613004 3293.916 4.879 90.0456177409062 15670
290 136.9 773.7147341124897 466.3938906845455 3293.916 4.879 119.69839367259488 17037
300 129.9 1002.7768498845259 471.55073341529237 3293.916 4.879 168.342768879713 18406
310 136.8 1267.5844283625745 737.7326134810302 3293.916 4.879 223.35062836843423 19705
320 132.6 1747.4163740573151 775.6184583898242 4015.053 0.325 291.13935509894173 21073
330 154 1601.3022064935087 881.7484900723048 4015.053 0.317 377.3496023036742 22399
340 172.7 1794.2007735958314 1132.4678785224937 4015.053 0.317 456.08668448974487 23939
350 213.5 1692.518686182669 885.1858321267894 4015.053 0.314 546.1249854281931 25666
360 223.3 1675.0007725033552 659.4068959654621 4015.053 0.314 634.1632053163556 27801
370 243.3 1836.770455404849 875.7713338044865 4015.053 0.314 711.5485115535723 30034
380 296.6 1543.7872906271052 1112.213904675176 4015.053 0.305 795.8699760988078 32467
390 369.5 1344.523183220569 1230.05098329897 5980.896 0.305 858.4760990601977 35433
400 429.6 1103.6410784450661 1149.955161802603 5980.896 0.305 904.375301063177 39128
410 453.6 1007.972056878306 1184.9197649026937 5980.896 0.305 924.0889566368827 43424
420 522.4 905.8724067764143 1158.8371004021935 5980.896 0.305 932.0225209132608 47960
430 525.8 935.4174338151372 1135.2631319017173 5980.896 0.299 929.4539251654628 53184
440 511 921.4850589041079 1162.123229917137 5980.896 0.298 929.9904593100846 58442
450 529.5 914.6459826251214 1195.723972294234 5980.896 0.298 929.3065690143497 63552
460 539.6 901.7953296886585 1197.2565604266163 5980.896 0.298 928.1790281638993 68847
470 544.3 866.4015146059188 1109.6920049706177 5980.896 0.298 926.2614542919869 74243
480 573.5 851.9296160418488 1054.6685830044494 5980.896 0.298 922.172685227016 79686
490 587.9 806.2006785167532 1040.3425402707387 5980.896 0.298 917.4567020170684 85421
500 598.3 773.3161871970601 1024.6676137238803 5980.896 0.298 910.2926914786418 91300
510 656.2 738.5531231331929 990.5153580714498 5980.896 0.298 901.8685019993217 97283
520 672.6 716.8938134106488 999.6402079128354 5980.896 0.298 891.5485490298042 103845
530 693.8 694.7226477370999 966.0225100840221 5980.896 0.298 880.9243550569321 110571
540 705.5 686.5112521615902 946.5687764692995 5980.896 0.298 869.9305805768072 117509
550 728.1 673.5101628897121 947.1324339128324 8941.077 0.298 859.5421588661255 124564
560 780.4 619.2683140697053 883.2588761795156 8941.077 0.276 849.2687396033225 131845
570 774.4 618.2851904700434 897.1675564786722 8941.077 0.276 836.4156341685227 139649
580 856.3 591.8868200397067 876.7636858263502 8941.077 0.276 824.9551024200609 147393
590 813.2 606.9312258976887 902.3489609092054 8941.077 0.276 812.1581359550132 155956
600 879.2 563.2638550955437 854.5227255680526 8941.077 0.276 801.987342035981 164088
610 874.3 549.9058390712561 860.7341191941243 8941.077 0.276 789.8468000578439 172880
620 836.2 540.8843834011044 871.9781525091971 8941.077 0.276 778.2964797685318 181623
630 930.4 531.9382265692166 904.0560795863227 8941.077 0.276 767.8470234965923 189985
640 1018.8 515.5715695916771 836.6699992657351 8941.077 0.276 756.8333928064272 199289
650 999.6 529.3147112845161 801.8569826166522 8941.077 0.276 745.0995248643053 209477
660 871.9 555.7276485835545 811.8093205211377 8941.077 0.276 735.2715050325102 219473
670 901.7 532.698217145394 838.9099257113775 8941.077 0.276 728.411304480438 228192
680 897 529.9508462653325 869.0333191064141 8941.077 0.276 720.9716841097941 237209
690 864.5 560.7266646616561 914.9280042147708 8941.077 0.276 714.0114766369193 246179
700 899.6 546.1610238995114 869.9261797301498 8941.077 0.276 708.8112317638847 254824
710 991.2 512.5700540758656 816.1470305113392 8941.077 0.276 703.2650212038518 263820
720 945.1 501.1165688286977 858.4783985461313 8941.077 0.276 696.3598419987438 273732
730 1014.7 504.56706445254696 989.9539173696814 8941.077 0.276 689.843758142262 283183
740 825.4 572.3359154349398 981.7148294900435 8941.077 0.276 683.4345855009723 293330
750 571.5 842.1403382327193 1231.551608710856 8941.077 0.276 680.3939453386129 301584
760 330.5 1392.5398904689862 1471.0527608156785 8941.077 0.276 683.4020274846329 307299
770 249.9 1322.8132641056436 1353.1006819723352 8941.077 0.276 690.9476503264614 310604
780 182.2 969.8487519209655 2297.460336870619 60000.52 0.276 695.9908219627414 313103
790 111.3 527.0373117699913 792.5122828621527 60000.52 0.276 697.5752282448209 314925
800 47.6 280.6442500000002 2061.199016669591 60000.52 0.276 696.9746400211375 316038
810 12.6 173.5573333333333 955.5399062506287 60000.52 0.276 696.3485278565884 316514
820 1.9 604.777105263158 2413.9477225994224 60000.52 0.276 696.1404944732195 316640
830 0.8 1948.2495000000004 3434.951774619151 60000.52 0.276 696.1350125371463 316659
840 0.6 1157.0438333333332 2502.2737537938983 60000.52 0.276 696.1666448698481 316667
850 0.7 1415.9705714285712 3335.576696323135 60000.52 0.276 696.1753771050902 316673
854 0 0 0 60000.52 0.276 696.1912876973608 316680
