10 0.1 162 0 162 162 0 0
20 0.1 475.0 0.0 475 162 162.0 1
30 0.1 488.0 0.0 488 162 318.5 2
40 0.1 703.0 0.0 703 162 375.0 3
50 0.1 887.0 0.0 887 162 457.0 4
60 0.1 960.0 0.0 960 162 543.0 5
70 0.1 1077.0 0.0 1077 162 612.5 6
80 0.1 1272.0 0.0 1272 162 678.8571428571429 7
90 0.1 1366.0 0.0 1366 162 753.0 8
100 0.1 1517.0 0.0 1517 162 821.1111111111111 9
110 0.1 1547.0 0.0 1547 162 890.7 10
120 0.1 1595.0 0.0 1595 162 950.3636363636364 11
130 0.1 1733.0 0.0 1733 162 1004.0833333333334 12
140 0.1 1640.0 0.0 1733 162 1060.1538461538462 13
150 0.1 1743.0 0.0 1743 162 1101.5714285714287 14
160 0.1 1933.0 0.0 1933 162 1144.3333333333333 15
170 0.1 1838.0 0.0 1933 162 1193.625 16
180 0.1 1847.0 0.0 1933 162 1231.5294117647059 17
190 0.1 2460.0 0.0 2460 162 1265.7222222222222 18
200 0.1 2672.0 0.0 2672 162 1328.578947368421 19
210 0.1 3369.0 0.0 3369 162 1395.75 20
220 0.1 3899.0 0.0 3899 162 1489.7142857142858 21
230 0.1 4134.0 0.0 4134 162 1599.2272727272727 22
240 0.1 4717.0 0.0 4717 162 1709.4347826086957 23
250 0.1 4854.0 0.0 4854 162 1834.75 24
260 0.1 4989.0 0.0 4989 162 1955.52 25
270 0.1 5165.0 0.0 5165 162 2072.1923076923076 26
280 0.1 5236.0 0.0 5236 162 2186.740740740741 27
290 0.1 5626.0 0.0 5626 162 2295.6428571428573 28
300 0.1 5646.0 0.0 5646 162 2410.4827586206898 29
310 0.1 5444.0 0.0 5646 162 2518.3333333333335 30
320 0.1 5913.0 0.0 5913 162 2612.7096774193546 31
330 0.1 5986.0 0.0 5986 162 2715.84375 32
340 0.1 6695.0 0.0 6695 162 2814.939393939394 33
350 0.1 7546.0 0.0 7546 162 2929.0588235294117 34
360 0.1 9514.0 0.0 9514 162 3060.9714285714285 35
370 0.1 10182.0 0.0 10182 162 3240.222222222222 36
380 0.1 10520.0 0.0 10520 162 3427.837837837838 37
390 0.1 12494.0 0.0 12494 162 3614.4736842105262 38
400 0.1 15246.0 0.0 15246 162 3842.153846153846 39
410 0.1 17216.0 0.0 17216 162 4127.25 40
420 0.1 18881.0 0.0 18881 162 4446.487804878048 41
430 0.1 20845.0 0.0 20845 162 4790.166666666666 42
440 0.1 21025.0 0.0 21025 162 5163.534883720929 43
450 0.1 20835.0 0.0 21025 162 5524.022727272727 44
460 0.1 21208.0 0.0 21208 162 5864.266666666666 45
470 0.1 21557.0 0.0 21557 162 6197.826086956522 46
480 0.1 21747.0 0.0 21747 162 6524.617021276596 47
490 0.1 22846.0 0.0 22846 162 6841.75 48
500 0.1 23656.0 0.0 23656 162 7168.367346938776 49
510 0.1 25008.0 0.0 25008 162 7498.12 50
520 0.1 26129.0 0.0 26129 162 7841.450980392156 51
530 0.1 26840.0 0.0 26840 162 8193.134615384615 52
540 0.1 27987.0 0.0 27987 162 8544.962264150943 53
550 0.1 28430.0 0.0 28430 162 8905.0 54
560 0.1 29540.0 0.0 29540 162 9260.0 55
570 0.1 31299.0 0.0 31299 162 9622.142857142857 56
580 0.1 32454.0 0.0 32454 162 10002.438596491229 57
590 0.1 33036.0 0.0 33036 162 10389.534482758621 58
600 0.1 37877.0 0.0 37877 162 10773.372881355932 59
610 0.1 35050.0 0.0 37877 162 11225.1 60
620 0.1 34160.0 0.0 37877 162 11615.672131147541 61
630 0.1 35311.0 0.0 37877 162 11979.290322580646 62
640 0.1 36967.0 0.0 37877 162 12349.63492063492 63
650 0.1 39966.0 0.0 39966 162 12734.28125 64
660 0.1 40083.0 0.0 40083 162 13153.23076923077 65
670 0.1 40861.0 0.0 40861 162 13561.257575757576 66
680 0.1 36493.0 0.0 40861 162 13968.716417910447 67
690 0.1 34595.0 0.0 40861 162 14299.95588235294 68
700 0.1 34437.0 0.0 40861 162 14594.08695652174 69
710 0.1 37917.0 0.0 40861 162 14877.557142857142 70
720 0.1 40158.0 0.0 40861 162 15202.05633802817 71
730 0.1 38836.0 0.0 40861 162 15548.666666666666 72
740 0.1 36078.0 0.0 40861 162 15867.671232876712 73
750 0.1 26306.0 0.0 40861 162 16140.783783783783 74
760 0.1 16596.0 0.0 40861 162 16276.32 75
770 0.1 11624.0 0.0 40861 162 16280.526315789473 76
780 0.1 8439.0 0.0 40861 162 16220.051948051949 77
790 0.1 4966.0 0.0 40861 162 16120.294871794871 78
800 0.1 2790.0 0.0 40861 162 15979.101265822785 79
810 0.1 1289.0 0.0 40861 162 15814.2375 80
820 0.1 853.0 0.0 40861 162 15634.913580246914 81
830 0.1 79.0 0.0 40861 79 15454.646341463415 82
840 0.1 404.0 0.0 40861 79 15269.397590361446 83
850 0.1 381.0 0.0 40861 79 15092.42857142857 84
