40 0.6 41027.77783333333 2470.1083966729357 44748.964 37502.164 0 0
50 0.6 45204.713666666656 5094.744829268931 52014.791 37502.164 41027.77783333333 6
60 0.8 49386.524625 8249.353757363131 63288.359 37502.164 43116.245749999995 12
70 0.7 42973.908285714286 4272.949902306025 63288.359 36902.308 45624.357299999996 20
80 0.8 46227.74575 1976.949631468123 63288.359 36902.308 44937.20385185185 27
90 1.3 52056.51438461539 12208.057285905212 80618.686 35062.79 45232.184857142856 35
100 1.1 50622.90218181818 14964.441127275228 86836.332 34948.322 47080.44077083334 48
110 0.9 43713.99411111111 5470.448165456451 86836.332 34948.322 47740.8996779661 59
120 1.5 48735.63680000001 10923.776034014763 86836.332 34948.322 47207.92688235295 68
130 1.6 53575.799062499995 12780.25194702248 86836.332 34948.322 47484.019036144586 83
140 1.1 52055.37609090909 7030.261500432004 86836.332 34948.322 48468.54914141414 99
150 1.5 49655.76933333334 11324.70662110036 86836.332 34948.322 48827.23183636364 110
160 1.7 52527.19547058824 11785.895709960841 86984.661 34948.322 48926.656336 125
170 1.7 50112.543999999994 8291.517822788277 86984.661 34948.322 49357.70679577465 142
180 1.5 48047.16966666666 8715.577240672488 86984.661 33998.0 49438.412660377355 159
190 1.6 53164.082875 15234.736223490409 98708.889 33998.0 49318.47791954023 174
200 1.7 57580.89705882353 13107.960275067673 98708.889 33998.0 49642.3183368421 190
210 2.4 52714.83337499999 15201.119975939633 114181.004 33998.0 50294.27890821256 207
220 2.2 46104.12099999999 6881.105133373776 114181.004 33998.0 50545.76508658008 231
230 2.9 47346.220655172416 8010.590537379339 114181.004 33998.0 50159.5351660079 253
240 3.4 46756.09467647059 5805.673676144012 114181.004 33998.0 49870.22268085107 282
250 4.1 49701.81946341465 8819.884918596257 114181.004 33998.0 49535.15827531646 316
260 3.6 52374.047611111106 9807.889342706092 114181.004 33998.0 49554.29863585435 357
270 3.6 55669.67963888889 14595.35720371097 121642.435 33998.0 49812.5962519084 393
280 3.2 56361.46790625 9514.119854827733 121642.435 33998.0 50304.09975291375 429
290 2.4 60642.34604166666 14060.095296735444 121642.435 33998.0 50724.567824295016 461
300 2.9 62579.74731034482 12076.37132571893 121642.435 33998.0 51215.34447835052 485
310 2.5 72186.11412 14339.357011235728 121642.435 33998.0 51856.52673929961 514
320 3.8 69774.19910526313 7853.257783568196 121642.435 33998.0 52799.457508348794 539
330 2.5 75233.33132 8802.667397935164 121642.435 33998.0 53917.37809878682 577
340 3.4 82023.2885 9504.481224486906 121642.435 33998.0 54802.59210299003 602
350 3.4 85684.94823529414 8797.263883341368 121642.435 33998.0 56257.7865644654 636
360 4.1 88082.82641463414 7646.630700320126 121642.435 33998.0 57751.105216417905 670
370 4 89754.71835000001 12844.648829474034 121642.435 33998.0 59500.19181153305 711
380 5.5 91637.05512727278 17637.93557415145 136845.999 33998.0 61111.617992010644 751
390 7.8 92716.55084615383 13779.426740461688 136845.999 33998.0 63194.619285359804 806
400 8.4 95439.97779761907 13781.485997689659 148440.124 33998.0 65799.49559954752 884
410 10.5 93683.98358095234 13296.500760864881 148440.124 33998.0 68371.60355888431 968
420 14.7 90032.0113129252 15447.775675448931 148440.124 33998.0 70848.58389655173 1073
430 16.5 82975.96258181814 17603.37481589068 148440.124 33998.0 73160.0296590164 1220
440 17.8 82139.3469157303 17746.488033976646 149488.489 33998.0 74329.4368303249 1385
450 18.8 79809.33242021273 16270.836739514083 149488.489 33998.0 75218.85717274471 1563
460 17.6 74862.82687500009 15016.687329494936 149488.489 33998.0 75711.72373272415 1751
470 16.9 77322.7249171598 16001.814881792454 149488.489 33998.0 75634.19085936689 1927
480 16.8 76332.30611309523 15052.369980317497 149488.489 33998.0 75770.33697375955 2096
490 18.8 75313.84096808509 17175.102395601745 149488.489 33998.0 75812.0378639576 2264
500 16.4 74567.85052439025 14623.981815886837 149488.489 33998.0 75773.84005954323 2452
510 21.1 73868.84780568726 15463.942583798793 149488.489 33998.0 75698.23521100917 2616
520 19.9 72327.17893467339 15010.572871737331 149488.489 33998.0 75561.6944460559 2827
530 22.9 72815.00409606993 15722.18199579346 149488.489 33998.0 75348.98176040979 3026
540 23.5 71344.07522127655 16331.914707079768 149488.489 33998.0 75170.70806298005 3255
550 23.1 68954.42873160174 14451.000156412003 149488.489 33998.0 74913.04080859601 3490
560 22.9 68295.99065502183 14061.976033584717 149488.489 33998.0 74543.12965842518 3721
570 23.1 70285.99099134204 15407.004111748955 149488.489 33998.0 74180.9537516456 3950
580 23.9 70419.77038075318 15426.114785687745 149488.489 33998.0 73965.75729203543 4181
590 26.5 67829.68936603777 13995.823912311567 149488.489 33998.0 73774.01727579189 4420
600 28.5 67302.23013684204 14097.534397221558 149488.489 33998.0 73437.78528089651 4685
610 29.8 66666.69683221483 13329.054854178756 149488.489 33998.0 73085.94761167004 4970
620 28.6 67280.75646153835 13310.670393611239 149488.489 33998.0 72722.82370653002 5268
630 30.1 67292.49152159468 13277.027591702054 149488.489 33998.0 72442.58761865324 5554
640 29.9 67452.85928428087 12899.6602888177 149488.489 33998.0 72177.82606011958 5855
650 26 66051.73713461537 14596.742324092158 149488.489 33998.0 71948.25747611313 6154
660 28.2 64893.296755319134 12745.049570689875 149488.489 33998.0 71709.23420065484 6414
670 33.2 65804.68933734944 12755.385559969816 149488.489 33998.0 71422.18307168462 6696
680 36.7 65457.34462942777 11983.420435428527 149488.489 33998.0 71156.81484177578 7028
690 33.5 66393.33116119397 11554.006630819262 149488.489 33998.0 70873.9608096011 7395
700 32 67422.99703749994 11766.141734364859 149488.489 33998.0 70679.78087011645 7730
710 26.8 68698.79753731342 14869.04537010465 158680.263 33998.0 70550.31865565218 8050
720 22.6 66044.31465929204 17250.44998727894 162242.176 33998.0 70490.66397186826 8318
730 31.8 64612.14432704402 14052.211852206296 162242.176 33998.0 70373.05220400283 8544
740 32.5 62391.74274769228 11182.95233267572 162242.176 33998.0 70166.33039122097 8862
750 35.1 64572.45127350427 11073.402078171122 162242.176 33998.0 69891.29599651684 9187
760 28.2 67959.04603191499 11569.689364890412 162242.176 33998.0 69695.56161847348 9538
770 25.3 72505.37560474304 11245.72648379926 162242.176 33998.0 69645.6942665988 9820
780 21.8 78090.67773853202 12068.828618983118 162242.176 33998.0 69717.51987749431 10073
790 14.2 86949.70130985913 10364.845921368797 162242.176 33998.0 69894.8931564474 10291
800 7.9 93882.4535443038 10479.846337804627 162242.176 33998.0 70127.02032579319 10433
810 3.8 98676.17842105264 7234.185592446792 162242.176 33998.0 70305.54764925802 10512
820 0.3 142132.0863333333 31307.55699125751 185824.209 33998.0 70407.73570322277 10550
830 0.1 127195.915 0.0 185824.209 33998.0 70428.12545513126 10553
840 0 0 0 185824.209 33998.0 70433.50424891038 10554
850 0.2 150321.6465 3607.989499999996 185824.209 33998.0 70433.50424891038 10554
854 0 0 0 185824.209 33998.0 70448.6403122395 10556
