0 137.125 137.125
10 387.79921875 524.92421875
20 633.871875 1158.79609375
30 1066.996875 2225.79296875
40 1253.2078125 3479.00078125
50 1356.6671875 4835.66796875
60 1509.07421875 6344.7421875
70 1778.1578125 8122.9
80 1998.5984375 10121.4984375
90 2129.6375 12251.1359375
100 2164.04375 14415.1796875
110 2367.24765625 16782.42734375
120 2512.87890625 19295.30625
130 2649.6625 21944.96875
140 2528.39375 24473.3625
150 2714.7984375 27188.1609375
160 2557.73984375 29745.90078125
170 2618.78203125 32364.6828125
180 3507.10703125 35871.78984375
190 4032.15078125 39903.940625
200 4726.0109375 44629.9515625
210 5065.67265625 49695.62421875
220 5758.09921875 55453.7234375
230 6397.753125 61851.4765625
240 6961.24375 68812.7203125
250 6884.48203125 75697.20234375
260 7263.81953125 82961.021875
270 7290.67734375 90251.69921875
280 7970.46640625 98222.165625
290 7737.29140625 105959.45703125
300 7690.86796875 113650.325
310 7837.325 121487.65
320 7719.75 129207.4
330 7832.41328125 137039.81328125
340 7504.615625 144544.42890625
350 11165.8828125 155710.31171875
360 11955.0671875 167665.37890625
370 11761.28671875 179426.665625
380 11701.33203125 191127.99765625
390 12472.68046875 203600.678125
400 12193.5671875 215794.2453125
410 11630.05859375 227424.30390625
420 11591.146875 239015.45078125
430 12473.28671875 251488.7375
440 12117.07421875 263605.81171875
450 11544.42578125 275150.2375
460 11698.3296875 286848.5671875
470 12638.1109375 299486.678125
480 13843.9671875 313330.6453125
490 13010.6640625 326341.309375
500 13576.6375 339917.946875
510 13889.36171875 353807.30859375
520 13805.115625 367612.42421875
530 14428.98046875 382041.4046875
540 14531.11171875 396572.51640625
550 14905.09453125 411477.6109375
560 15751.80234375 427229.41328125
570 14775.73046875 442005.14375
580 15850.10546875 457855.24921875
590 14974.31171875 472829.5609375
600 16579.27109375 489408.83203125
610 15212.1375 504620.96953125
620 14121.4421875 518742.41171875
630 14889.403125 533631.81484375
640 17421.321875 551053.13671875
650 17208.15703125 568261.29375
660 14911.47734375 583172.77109375
670 15482.73984375 598655.5109375
680 14489.31640625 613144.82734375
690 14401.76640625 627546.59375
700 15946.88046875 643493.47421875
710 16875.48515625 660368.959375
720 13858.1703125 674227.1296875
730 12455.05 686682.1796875
740 11833.07421875 698515.25390625
750 9377.34609375 707892.6
760 7705.55390625 715598.15390625
770 8605.99375 724204.14765625
780 7468.14140625 731672.2890625
790 5093.65703125 736765.94609375
800 4568.81484375 741334.7609375
810 1833.10703125 743167.86796875
820 1057.8359375 744225.70390625
830 1693.0984375 745918.80234375
840 702.253125 746621.05546875
850 1014.6640625 747635.71953125
854 0 747635.71953125
