0 3.75703125 3.75703125
10 30.98203125 34.7390625
20 64.88515625 99.62421875
30 101.38515625 201.009375
40 132.7515625 333.7609375
50 144.00390625 477.76484375
60 160.9359375 638.70078125
70 189.20078125 827.9015625
80 212.07265625 1039.97421875
90 226.709375 1266.68359375
100 238.8828125 1505.56640625
110 250.74765625 1756.3140625
120 271.67890625 2027.99296875
130 277.92109375 2305.9140625
140 285.7703125 2591.684375
150 290.30859375 2881.99296875
160 290.13046875 3172.1234375
170 292.5140625 3464.6375
180 351.0375 3815.675
190 416.06171875 4231.73671875
200 491.88828125 4723.625
210 542.42109375 5266.04609375
220 627.17109375 5893.2171875
230 686.1296875 6579.346875
240 745.6953125 7325.0421875
250 746.6671875 8071.709375
260 765.44140625 8837.15078125
270 792.04921875 9629.2
280 876.42265625 10505.62265625
290 843.65703125 11349.2796875
300 845.15078125 12194.43046875
310 824.1796875 13018.61015625
320 810.925 13829.53515625
330 921.29609375 14750.83125
340 960.0828125 15710.9140625
350 1205.48984375 16916.40390625
360 1336.99140625 18253.3953125
370 1409.8046875 19663.2
380 1608.09296875 21271.29296875
390 1862.63203125 23133.925
400 2092.10546875 25226.03046875
410 2140.55703125 27366.5875
420 2415.41796875 29782.00546875
430 2423.7078125 32205.71328125
440 2339.503125 34545.21640625
450 2406.640625 36951.85703125
460 2428.05390625 39379.9109375
470 2451.66328125 41831.57421875
480 2560.57421875 44392.1484375
490 2637.06640625 47029.21484375
500 2647.5765625 49676.79140625
510 2883.69140625 52560.4828125
520 2914.56484375 55475.04765625
530 2975.47109375 58450.51875
540 3032.76875 61483.2875
550 3098.6234375 64581.9109375
560 3297.74609375 67879.65703125
570 3279.4875 71159.14453125
580 3579.95390625 74739.0984375
590 3429.11484375 78168.21328125
600 3658.6890625 81826.90234375
610 3623.19375 85450.09609375
620 3452.30234375 88902.3984375
630 3819.3265625 92721.725
640 4200.26015625 96921.98515625
650 4155.446875 101077.43203125
660 3604.27265625 104681.7046875
670 3668.58515625 108350.28984375
680 3703.60390625 112053.89375
690 3525.81953125 115579.71328125
700 3668.81796875 119248.53125
710 4052.86953125 123301.40078125
720 3965.765625 127267.16640625
730 4146.80703125 131413.9734375
740 3493.50703125 134907.48046875
750 2537.4671875 137444.94765625
760 1538.18515625 138983.1328125
770 1227.1265625 140210.259375
780 972.51328125 141182.77265625
790 642.80546875 141825.578125
800 304.33203125 142129.91015625
810 80.68203125 142210.5921875
820 12.084375 142222.6765625
830 4.790625 142227.4671875
840 3.621875 142231.0890625
850 4.0140625 142235.103125
854 0 142235.103125
