0 11 11
10 18 18
20 27 27
30 37 37
40 41 43
50 43 44
60 49 51
70 58 59
80 61 61
90 67 74
100 67 74
110 77 78
120 76 78
130 85 85
140 82 86
150 88 90
160 85 90
170 90 90
180 109 110
190 128 128
200 158 158
210 181 181
220 200 200
230 211 212
240 220 220
250 241 242
260 270 271
270 291 291
280 322 326
290 365 365
300 404 405
310 471 471
320 538 539
330 632 632
340 687 688
350 757 757
360 857 857
370 967 969
380 1072 1072
390 1147 1148
400 1238 1238
410 1290 1293
420 1320 1326
430 1338 1343
440 1336 1351
450 1330 1351
460 1354 1357
470 1379 1379
480 1448 1451
490 1491 1493
500 1557 1558
510 1570 1575
520 1605 1606
530 1631 1634
540 1683 1686
550 1753 1755
560 1848 1848
570 1884 1888
580 1893 1913
590 1871 1913
600 1929 1939
610 1983 1989
620 2055 2064
630 2114 2118
640 2118 2130
650 2040 2130
660 1958 2130
670 1936 2130
680 1976 2130
690 2095 2130
700 2160 2160
710 2170 2208
720 2012 2208
730 1694 2208
740 1369 2208
750 1018 2208
760 736 2208
770 483 2208
780 265 2208
790 123 2208
800 44 2208
810 6 2208
820 3 2208
830 2 2208
840 2 2208
850 0 2208
854 0 2208
