0 1.1 11
10 0.7 18
20 0.9 27
30 1 37
40 1 47
50 0.8 55
60 1.4 69
70 1.6 85
80 1.1 96
90 1.9 115
100 1.1 126
110 1.9 145
120 1.4 159
130 2.5 184
140 0.8 192
150 2.1 213
160 1.4 227
170 2.2 249
180 3.4 283
190 3.5 318
200 4.7 365
210 4.7 412
220 4.1 453
230 4 493
240 4.3 536
250 6.2 598
260 6.5 663
270 5.7 720
280 6.3 783
290 6.7 850
300 6.8 918
310 9.2 1010
320 10.5 1115
330 11.9 1234
340 8.9 1323
350 10.4 1427
360 14.1 1568
370 15 1718
380 16 1878
390 15.3 2031
400 17.5 2206
410 15.7 2363
420 17.7 2540
430 18.3 2723
440 17.6 2899
450 18.2 3081
460 20 3281
470 19.4 3475
480 23.7 3712
490 23.1 3943
500 23 4173
510 22.4 4397
520 23.4 4631
530 25.5 4886
540 28.7 5173
550 30.1 5474
560 32.4 5798
570 26.7 6065
580 24.8 6313
590 24.3 6556
600 34.3 6899
610 35.2 7251
620 35.8 7609
630 36 7969
640 30.3 8272
650 18.2 8454
660 20 8654
670 31 8964
680 40.7 9371
690 45.4 9825
700 38.5 10210
710 27.8 10488
720 6.8 10556
730 0 10556
740 0 10556
750 0 10556
760 0 10556
770 0 10556
780 0 10556
790 0 10556
800 0 10556
810 0 10556
820 0 10556
830 0 10556
840 0 10556
850 0 10556
854 0 10556
