0 0.8 8
10 1.7 25
20 3.5 60
30 6.2 122
40 9.2 214
50 10.5 319
60 9.9 418
70 10.9 527
80 12.1 648
90 12.5 773
100 13.5 908
110 16 1068
120 17.4 1242
130 17.9 1421
140 19 1611
150 19.3 1804
160 21 2014
170 22.7 2241
180 24.5 2486
190 26.1 2747
200 31.1 3058
210 36.9 3427
220 39.7 3824
230 47.3 4297
240 50.7 4804
250 56.8 5372
260 61 5982
270 59.4 6576
280 64.1 7217
290 64.3 7860
300 64.5 8505
310 68.2 9187
320 75.3 9940
330 84.4 10784
340 86 11644
350 89.8 12542
360 83.9 13381
370 92.1 14302
380 88.1 15183
390 80.2 15985
400 90.2 16887
410 86.2 17749
420 88.7 18636
430 96.4 19600
440 88.1 20481
450 99.6 21477
460 108.5 22562
470 94.5 23507
480 103.8 24545
490 109.9 25644
500 98.7 26631
510 116.1 27792
520 122.2 29014
530 123 30244
540 135 31594
550 140.5 32999
560 145 34449
570 141.6 35865
580 160.4 37469
590 161.8 39087
600 163.2 40719
610 178.1 42500
620 173.4 44234
630 171.2 45946
640 165.5 47601
650 171.4 49315
660 176.9 51084
670 184.9 52933
680 179.7 54730
690 170.8 56438
700 179.8 58236
710 174.3 59979
720 155.6 61535
730 131.1 62846
740 116.2 64008
750 85 64858
760 63.1 65489
770 47.7 65966
780 49.1 66457
790 47.8 66935
800 48.8 67423
810 15.4 67577
820 1.8 67595
829 0.1 67596
