10 0.5 5
20 1.7 22
30 7 92
40 10.4 196
50 12.7 323
60 10.7 430
70 11.1 541
80 13 671
90 13.9 810
100 15.7 967
110 16.8 1135
120 19 1325
130 20.7 1532
140 21.1 1743
150 20.5 1948
160 22.8 2176
170 26.6 2442
180 27 2712
190 25.3 2965
200 29.1 3256
210 41.4 3670
220 41.4 4084
230 50.4 4588
240 54 5128
250 60.3 5731
260 60.6 6337
270 66.9 7006
280 68.8 7694
290 67.2 8366
300 62.7 8993
310 66 9653
320 73.3 10386
330 76.5 11151
340 80.5 11956
350 79.1 12747
360 71.7 13464
370 69 14154
380 59 14744
390 52 15264
400 53.7 15801
410 51.3 16314
420 54.6 16860
430 52.6 17386
440 56.4 17950
450 51.9 18469
460 65.1 19120
470 55.8 19678
480 60.8 20286
490 60 20886
500 51.2 21398
510 60.7 22005
520 57.2 22577
530 59.2 23169
540 57.5 23744
550 59.2 24336
560 54.8 24884
570 47.4 25358
580 54.3 25901
590 57.9 26480
600 57.6 27056
610 55.8 27614
620 53.8 28152
630 53.1 28683
640 54.8 29231
650 60.6 29837
660 54.1 30378
670 52.5 30903
680 56.2 31465
690 46.7 31932
700 55 32482
710 51.7 32999
720 49.8 33497
730 50.3 34000
740 44.4 34444
750 36.9 34813
760 45.3 35266
770 40 35666
780 45 36116
790 41 36526
800 36.1 36887
810 16.5 37052
820 2.3 37075
829 0.3 37078
