30 0.6 6
40 0.6 12
50 1.2 24
60 0.9 33
70 0.5 38
80 0.6 44
90 0.4 48
100 0.7 55
110 0.3 58
120 0.3 61
130 0.4 65
140 1.5 80
150 1 90
160 0.3 93
170 0.7 100
180 1.7 117
190 0.7 124
200 2.1 145
210 2.5 170
220 6.4 234
230 7.2 306
240 8.4 390
250 10.5 495
260 11.3 608
270 15.4 762
280 18.6 948
290 19.3 1141
300 15.6 1297
310 16.3 1460
320 23.3 1693
330 38.4 2077
340 53.6 2613
350 63.5 3248
360 77.8 4026
370 83.3 4859
380 109.3 5952
390 125.3 7205
400 141 8615
410 144.9 10064
420 152.2 11586
430 139.3 12979
440 135.1 14330
450 127.4 15604
460 121.5 16819
470 136.4 18183
480 158.7 19770
490 176.7 21537
500 180 23337
510 224.9 25586
520 242 28006
530 261.2 30618
540 274.3 33361
550 283.3 36194
560 297.1 39165
570 301.9 42184
580 344.1 45625
590 367.1 49296
600 391 53206
610 392.4 57130
620 410.2 61232
630 415.2 65384
640 419.7 69581
650 465.8 74239
660 478.6 79025
670 457.5 83600
680 428 87880
690 452.6 92406
700 444 96846
710 414.7 100993
720 468 105673
730 477.7 110450
740 427.8 114728
750 300.6 117734
760 206.2 119796
770 117.4 120970
780 75.3 121723
790 65.9 122382
800 29.5 122677
810 1.4 122691
820 0.1 122692
829 0 122692
