30 0.2 2
40 0.2 4
50 0.5 9
60 0.3 12
70 0.3 15
80 0.3 18
90 0.2 20
100 0.3 23
110 0.2 25
120 0.2 27
130 0.2 29
140 0.4 33
150 0.4 37
160 0.1 38
170 0.3 41
180 0.4 45
190 0.2 47
200 0.7 54
210 1.2 66
220 3 96
230 2.5 121
240 3.8 159
250 4.1 200
260 4.7 247
270 7 317
280 7.6 393
290 7.3 466
300 6.9 535
310 6.3 598
320 9.9 697
330 13.8 835
340 19.3 1028
350 25.6 1284
360 31 1594
370 33.7 1931
380 43.4 2365
390 46.4 2829
400 55.4 3383
410 58.6 3969
420 60.7 4576
430 59 5166
440 55 5716
450 52.1 6237
460 48.5 6722
470 56.2 7284
480 63.8 7922
490 69.2 8614
500 70.1 9315
510 88.3 10198
520 91.9 11117
530 103.9 12156
540 111.1 13267
550 111.5 14382
560 120.2 15584
570 120.1 16785
580 134.8 18133
590 141.7 19550
600 157.6 21126
610 155.6 22682
620 165.5 24337
630 167.7 26014
640 166.8 27682
650 189.3 29575
660 187.2 31447
670 186.5 33312
680 176.7 35079
690 187.2 36951
700 181 38761
710 163.5 40396
720 188 42276
730 193.3 44209
740 176.3 45972
750 128.4 47256
760 99.6 48252
770 65.9 48911
780 39.7 49308
790 35.7 49665
800 20 49865
810 1.1 49876
820 0.1 49877
829 0 49877
