30 0.3 3
40 0.7 10
50 0.2 12
60 0.2 14
70 0.4 18
80 0.4 22
90 0.5 27
100 0.4 31
110 0.1 32
120 0.2 34
130 0.7 41
140 0.9 50
150 0.5 55
160 0.3 58
170 0.5 63
180 0.9 72
190 0.5 77
200 1.9 96
210 1.9 115
220 3.9 154
230 5.1 205
240 6.1 266
250 6 326
260 8.5 411
270 8.3 494
280 9 584
290 10.4 688
300 9.8 786
310 9.6 882
320 13.5 1017
330 20.3 1220
340 28.4 1504
350 32.2 1826
360 36.7 2193
370 45.4 2647
380 49.1 3138
390 54.5 3683
400 54.7 4230
410 58.3 4813
420 60.7 5420
430 56.2 5982
440 52.6 6508
450 45 6958
460 48.6 7444
470 56.5 8009
480 58 8589
490 64.9 9238
500 70.2 9940
510 78.9 10729
520 84.9 11578
530 95.2 12530
540 98.8 13518
550 99.3 14511
560 105.2 15563
570 112.7 16690
580 111.9 17809
590 122 19029
600 128.4 20313
610 128.8 21601
620 135.8 22959
630 144.2 24401
640 144.9 25850
650 144.2 27292
660 152 28812
670 154.2 30354
680 140.3 31757
690 166.8 33425
700 145.2 34877
710 133.5 36212
720 154.7 37759
730 150.8 39267
740 129.5 40562
750 116.8 41730
760 101 42740
770 75.7 43497
780 55.7 44054
790 57.9 44633
800 25.4 44887
810 0.8 44895
820 0.2 44897
829 0 44897
