0 0.6 1.8178333333333334 0.683831952228681 3.346 1.482 0 0
10 1.1 2.2169090909090907 1.6339640284538064 7.26 1.423 1.8178333333333334 6
20 0.9 1.6324444444444444 0.25292515850043296 7.26 1.2 2.0760588235294115 17
30 1.1 1.5076363636363639 0.09748125482020788 7.26 1.2 1.9224999999999997 26
40 1.4 1.4349999999999994 0.11666068011851413 7.26 1.168 1.7991621621621618 37
50 1.8 1.3913333333333333 0.10186319802122408 7.26 1.114 1.6991960784313722 51
60 1.5 1.4055333333333333 0.051196180413082465 7.26 1.114 1.6188840579710142 69
70 1.8 1.7634444444444446 1.245691205815837 7.26 1.114 1.580785714285714 84
80 2 1.35755 0.09559470435123484 7.26 1.105 1.613019607843137 102
90 1.3 1.3813846153846152 0.08137618103743073 7.26 1.105 1.571139344262295 122
100 1.8 1.4914999999999998 0.14034847503426762 7.26 1.105 1.5528666666666664 135
110 2.1 1.3727142857142856 0.10974044826951711 7.26 1.105 1.5456470588235294 153
120 1.9 1.3456315789473683 0.10203519027963666 7.26 1.073 1.5247758620689653 174
130 1.7 1.4258235294117647 0.10346197670080233 7.26 1.073 1.507139896373057 193
140 3 1.5258666666666665 1.0158352469219054 7.26 1.043 1.5005571428571427 210
150 3.1 1.446258064516129 0.17084249825250486 7.26 1.043 1.5037208333333332 240
160 2.1 1.4215238095238096 0.13683936326170365 7.26 1.043 1.4971476014760148 271
170 2.2 1.400636363636364 0.09764757849929956 7.26 1.043 1.4917089041095892 292
180 4.6 1.4704782608695652 0.7996718821445629 7.26 1.043 1.4853280254777073 314
190 4.5 1.3576666666666664 0.12092624014479059 7.26 1.043 1.4834305555555558 360
200 5.3 1.478433962264151 0.9412095692172848 8.23 1.043 1.469456790123457 405
210 6.5 1.398138461538461 0.15949592489832345 8.23 1.043 1.4704956331877732 458
220 10.2 1.461676470588235 0.5076457032563184 8.23 1.043 1.4615028680688338 523
230 10.8 1.5486666666666673 1.1006233839662565 9.78 1.043 1.4615312000000003 625
240 14 1.3902285714285714 0.5731771147716553 9.78 1.025 1.4743697135061393 733
250 15.4 1.4002467532467537 0.7120506996366869 9.78 1.023 1.4608762886597941 873
260 18.3 1.5535628415300544 1.947986449593419 23.828 1.022 1.4517848101265827 1027
270 19.3 1.5635336787564766 1.1280669605651035 23.828 1.022 1.4671776859504135 1210
280 24.5 1.49404081632653 0.8113850229557388 23.828 1.022 1.4804326443335714 1403
290 23.5 1.4140680851063838 0.6525953127114298 23.828 0.979 1.4824557038834953 1648
300 24.3 1.704288065843621 1.7978080341676246 23.828 0.979 1.473920870950611 1883
310 25.2 1.289730158730159 0.36288862939532746 23.828 0.979 1.5002516462841018 2126
320 30.3 1.3649273927392735 0.9652349949044803 23.828 0.769 1.4779423885618168 2378
330 48.7 1.5272156057494861 1.3236094530921811 23.828 0.769 1.4651697127937338 2681
340 59.3 1.6228178752107922 1.505372408491363 23.828 0.769 1.474707702020202 3168
350 74.2 1.8672897574123986 2.5722847198923353 30.27 0.769 1.498060356288221 3761
360 88.7 2.2915321307779077 3.722438927675702 49.775 0.769 1.558901621141461 4503
370 97.2 2.9406779835390986 6.573279339563702 61.138 0.769 1.6794662337662343 5390
380 117.6 2.0208613945578247 2.300405309675172 61.138 0.769 1.872156868909149 6362
390 139.3 2.9088779612347433 5.618897388295705 71.1 0.769 1.8953561952772628 7538
400 152.8 4.792429973821992 8.030798250134495 76.086 0.769 2.053438808644049 8931
410 158.8 4.014117758186394 8.0180331602459 95.161 0.764 2.453589731331868 10459
420 171.5 2.400658892128286 2.916573923957324 95.161 0.764 2.659293932099278 12047
430 158.1 2.361123972169512 2.858124881879444 95.161 0.764 2.627063217555589 13762
440 152.5 2.1636734426229522 2.502314184172543 95.161 0.764 2.5996598448804025 15343
450 152.1 2.1866673241288628 2.5961890233344573 95.161 0.764 2.5602432416409777 16868
460 141.4 2.33771216407355 2.9706737030929684 95.161 0.764 2.5293438468649745 18389
470 152 2.339165131578949 2.9294030945731477 95.161 0.764 2.5156607079735402 19803
480 175.2 2.604230593607302 3.157583756019571 95.161 0.764 2.503079304037894 21323
490 196.7 2.93191916624301 3.3380257218069125 95.161 0.764 2.510759349945829 23075
500 199.3 3.892776718514808 22.828731159111598 1006.2 0.764 2.543840627745388 25042
510 243.8 3.6051423297784955 3.766828715352013 1006.2 0.764 2.6432831884594052 27035
520 261.8 4.367727272727268 4.585005376634914 1006.2 0.764 2.7228479625419872 29473
530 278.8 3.8755204447632714 4.095134246088208 1006.2 0.764 2.857038048050855 32091
540 299.8 4.049006004002669 4.091386915121014 1006.2 0.764 2.9384488947504224 34879
550 315.3 4.464624801776078 4.142937215437411 1006.2 0.764 3.0263505293449846 37877
560 326.7 4.711134067952264 4.613702522598009 1006.2 0.764 3.1368764562515223 41030
570 322.7 5.092911372792074 4.660155324801032 1006.2 0.764 3.2529813757139316 44297
580 370.1 6.13970980815995 5.38710417232724 1006.2 0.764 3.3779172838986624 47524
590 397.1 6.363952153110028 5.103014200176156 1006.2 0.764 3.577456456808199 51225
600 423 7.767838061465699 5.730693361440126 1006.2 0.764 3.777927041814623 55196
610 429.8 8.483442066077256 5.925930292264242 1006.2 0.764 4.061932756705816 59426
620 443.7 9.701008113590257 6.629618066751676 1006.2 0.764 4.3601508066034755 63724
630 445.9 10.052854451670784 6.79471987290689 1006.2 0.764 4.707818591276534 68161
640 439.3 14.059704757568857 7.8742006489994685 1006.2 0.764 5.036013508675294 72620
650 493.6 16.31448764181522 9.573283609478704 1006.2 0.764 5.5507457701946405 77013
660 507.4 15.5981440677966 6.962345696664271 1006.2 0.764 6.199073753187956 81949
670 496.3 14.868991335885593 7.9008394261014665 1006.2 0.764 6.747099939096558 87023
680 476.2 13.098663586728293 8.928352982661707 1006.2 0.764 7.185307351118649 91986
690 476.9 14.482874606835809 7.855584873032942 1006.2 0.764 7.476366622565843 96748
700 471.7 16.542435234259116 10.12864929748107 1006.2 0.764 7.805513825270645 101517
710 454.8 12.636949428320152 6.773648277536106 1006.2 0.764 8.193450439595612 106234
720 482.6 13.211609614587633 8.675344092829516 1006.2 0.764 8.375872073080465 110782
730 470.7 9.775123008285565 6.862934750481946 1006.2 0.764 8.577737596014117 115608
740 442.7 6.655308109329116 5.6470561008965054 1006.2 0.764 8.624582072060843 120315
750 321.8 4.255789310130516 3.9637411811801635 1006.2 0.764 8.554694016449956 124742
760 229.4 3.465051002615514 3.491144138943689 1006.2 0.764 8.446583080650205 127960
770 129 2.4863852713178307 2.828341689542889 1006.2 0.764 8.358849616902361 130254
780 82.1 1.4674190012180257 1.3563516676594092 1006.2 0.764 8.301260680836831 131544
790 64.9 1.4669922958397559 0.9935152970887132 1006.2 0.764 8.258873463528879 132365
800 40.7 1.5554791154791163 1.4048919686819448 1006.2 0.764 8.225734614401492 133014
810 2.4 1.8337916666666665 1.6635882648451676 1006.2 0.764 8.2053870380225 133421
820 0.2 1.7825000000000002 0.34149999999999997 1006.2 0.764 8.204241110569898 133445
829 0 0 0 1006.2 0.764 8.204144866501307 133447
