0 6 6
10 17 11
20 26 9
30 31 5
40 38 7
50 39 1
60 34 -5
70 38 4
80 49 11
90 48 -1
100 51 3
110 59 8
120 64 5
130 65 1
140 71 6
150 76 5
160 83 7
170 85 2
180 95 10
190 117 22
200 128 11
210 152 24
220 175 23
230 177 2
240 201 24
250 218 17
260 244 26
270 233 -11
280 247 14
290 231 -16
300 261 30
310 291 30
320 313 22
330 367 54
340 357 -10
350 388 31
360 408 20
370 449 41
380 435 -14
390 481 46
400 495 14
410 511 16
420 584 73
430 640 56
440 715 75
450 862 147
460 952 90
470 1016 64
480 1086 70
490 1190 104
500 1291 101
510 1362 71
520 1429 67
530 1447 18
540 1509 62
550 1638 129
560 1707 69
570 1708 1
580 1733 25
590 1792 59
600 1847 55
610 1951 104
620 1986 35
630 2012 26
640 1936 -76
650 1903 -33
660 1889 -14
670 1937 48
680 2055 118
690 1924 -131
700 1873 -51
710 1970 97
720 1782 -188
730 1350 -432
740 1134 -216
750 1015 -119
760 897 -118
770 692 -205
780 509 -183
790 250 -259
800 109 -141
810 15 -94
820 3 -12
829 0 -3
