0 0.1 12.188664917127651 0 12.188664917127651 12.188664917127651 0 0
10 0.1 0.4 0.0 12.188664917127651 0.4 12.188664917127651 1
20 0.1 0.6006006006006006 0.0 12.188664917127651 0.4 6.294332458563826 2
30 0.1 0.5005005005005005 0.0 12.188664917127651 0.4 4.396421839242751 3
40 0.1 1.0080645161290323 0.0 12.188664917127651 0.4 3.422441504557188 4
50 0.1 2.206619859578736 0.0 12.188664917127651 0.4 2.939566106871557 5
60 0.1 2.0100502512562812 0.0 12.188664917127651 0.4 2.81740839898942 6
70 0.1 1.5090543259557343 0.0 12.188664917127651 0.4 2.702071520741829 7
80 0.1 1.6064257028112447 0.0 12.188664917127651 0.4 2.552944371393567 8
90 0.1 2.108433734939759 0.0 12.188664917127651 0.4 2.447775630439976 9
100 0.1 1.812688821752266 0.0 12.188664917127651 0.4 2.4138414408899544 10
110 0.1 2.0202020202020203 0.0 12.188664917127651 0.4 2.359191202786528 11
120 0.1 1.8145161290322582 0.0 12.188664917127651 0.4 2.330942104237819 12
130 0.1 2.61569416498994 0.0 12.188664917127651 0.4 2.291217029222007 13
140 0.1 2.719033232628399 0.0 12.188664917127651 0.4 2.3143939674911453 14
150 0.1 3.3165829145728645 0.0 12.188664917127651 0.4 2.3413699185002956 15
160 0.1 3.0181086519114686 0.0 12.188664917127651 0.4 2.402320730754831 16
170 0.1 2.6262626262626263 0.0 12.188664917127651 0.4 2.438543549646398 17
180 0.1 3.726082578046324 0.0 12.188664917127651 0.4 2.4489723872361884 18
190 0.1 3.8306451612903225 0.0 12.188664917127651 0.4 2.516188713068301 19
200 0.1 3.4308779011099895 0.0 12.188664917127651 0.4 2.581911535479402 20
210 0.1 4.848484848484849 0.0 12.188664917127651 0.4 2.6223385052713346 21
220 0.1 6.300813008130081 0.0 12.188664917127651 0.4 2.7235269754174034 22
230 0.1 9.939759036144578 0.0 12.188664917127651 0.4 2.8790611507527375 23
240 0.1 9.634888438133874 0.0 12.188664917127651 0.4 3.1732568959773975 24
250 0.1 11.178861788617885 0.0 12.188664917127651 0.4 3.4317221576636565 25
260 0.1 11.62079510703364 0.0 12.188664917127651 0.4 3.729689066546511 26
270 0.1 14.799999999999999 0.0 14.799999999999999 0.4 4.02195225323122 27
280 0.1 15.020161290322582 0.0 15.020161290322582 0.4 4.406882529901533 28
290 0.1 16.41337386018237 0.0 16.41337386018237 0.4 4.7728576595712235 29
300 0.1 16.347124117053482 0.0 16.41337386018237 0.4 5.160874866258262 30
310 0.1 14.994934143870314 0.0 16.41337386018237 0.4 5.521721616283914 31
320 0.1 15.736040609137056 0.0 16.41337386018237 0.4 5.817759507770989 32
330 0.1 19.776876267748477 0.0 19.776876267748477 0.4 6.118313480539658 33
340 0.1 26.44710578842315 0.0 26.44710578842315 0.4 6.520035915457565 34
350 0.1 28.830645161290324 0.0 28.830645161290324 0.4 7.089380768970868 35
360 0.1 31.8 0.0 31.8 0.4 7.6933047798686305 36
370 0.1 33.86613386613387 0.0 33.86613386613387 0.4 8.344837083115426 37
380 0.1 37.512537612838514 0.0 37.512537612838514 0.4 9.016450156352754 38
390 0.1 36.47294589178357 0.0 37.512537612838514 0.4 9.747119065493413 39
400 0.1 39.76608187134503 0.0 39.76608187134503 0.4 10.415264736150666 40
410 0.1 42.91377601585729 0.0 42.91377601585729 0.4 11.131138324813943 41
420 0.1 42.23968565815324 0.0 42.91377601585729 0.4 11.887867793648308 42
430 0.1 40.237859266600594 0.0 42.91377601585729 0.4 12.5937240230554 43
440 0.1 39.82473222979552 0.0 42.91377601585729 0.4 13.221999824045064 44
450 0.1 39.70443349753695 0.0 42.91377601585729 0.4 13.813171655283961 45
460 0.1 39.504950495049506 0.0 42.91377601585729 0.4 14.376025173593808 46
470 0.1 40.357852882703774 0.0 42.91377601585729 0.4 14.910683159156694 47
480 0.1 40.156709108716946 0.0 42.91377601585729 0.4 15.440832528397259 48
490 0.1 42.73170731707317 0.0 42.91377601585729 0.4 15.94523817289358 49
500 0.1 42.994241842610364 0.0 42.994241842610364 0.4 16.480967555777173 50
510 0.1 44.07766990291262 0.0 44.07766990291262 0.4 17.000835679048414 51
520 0.1 45.16746411483253 0.0 45.16746411483253 0.4 17.521544029507343 52
530 0.1 45.97478176527643 0.0 45.97478176527643 0.4 18.043165163192725 53
540 0.1 46.03481624758221 0.0 46.03481624758221 0.4 18.560417322490572 54
550 0.1 46.294513955726664 0.0 46.294513955726664 0.4 19.05995184840133 55
560 0.1 45.877788554801164 0.0 46.294513955726664 0.4 19.546283314603567 56
570 0.1 46.81684622918707 0.0 46.81684622918707 0.4 20.008239546887737 57
580 0.1 47.35812133072407 0.0 47.35812133072407 0.4 20.470456903479104 58
590 0.1 48.22834645669291 0.0 48.22834645669291 0.4 20.926180029364613 59
600 0.1 48.3743842364532 0.0 48.3743842364532 0.4 21.38121613648675 60
610 0.1 49.26108374384236 0.0 49.26108374384236 0.4 21.823727088945216 61
620 0.1 49.353233830845774 0.0 49.353233830845774 0.4 22.26626509950807 62
630 0.1 49.35579781962339 0.0 49.35579781962339 0.4 22.69621698413248 63
640 0.1 49.3570722057369 0.0 49.3570722057369 0.4 23.112772934687026 64
650 0.1 49.36086529006883 0.0 49.36086529006883 0.4 23.516531385010868 65
660 0.1 49.25521350546177 0.0 49.36086529006883 0.4 23.90811220175417 66
670 0.1 49.311023622047244 0.0 49.36086529006883 0.4 24.28642714658563 67
680 0.1 49.46550048590865 0.0 49.46550048590865 0.4 24.654435918283596 68
690 0.1 49.349349349349346 0.0 49.46550048590865 0.4 25.014016564191206 69
700 0.1 49.40357852882703 0.0 49.46550048590865 0.4 25.36166417540775 70
710 0.1 49.30417495029821 0.0 49.46550048590865 0.4 25.700282687427737 71
720 0.1 49.45812807881773 0.0 49.46550048590865 0.4 26.02811452441205 72
730 0.1 49.30555555555556 0.0 49.46550048590865 0.4 26.349073614198428 73
740 0.1 49.30139720558882 0.0 49.46550048590865 0.4 26.65929634313569 74
750 0.1 49.50199203187251 0.0 49.50199203187251 0.4 26.96119102130173 75
760 0.1 49.249249249249246 0.0 49.50199203187251 0.4 27.25778050828292 76
770 0.1 49.30139720558882 0.0 49.50199203187251 0.4 27.54338399842534 77
780 0.1 31.626506024096386 0.0 49.50199203187251 0.4 27.822332885696667 78
790 0.1 26.073926073926074 0.0 49.50199203187251 0.4 27.870486976056153 79
800 0.1 24.251497005988025 0.0 49.50199203187251 0.4 27.848029964779528 80
810 0.1 9.393939393939393 0.0 49.50199203187251 0.4 27.803628323312964 81
820 0.1 1.3052208835341366 0.0 49.50199203187251 0.4 27.579119921735238 82
829 0.1 0.4 0.0 49.50199203187251 0.4 27.262566921274985 83
