0 0 0
10 0 0
20 0 0
30 0 0
40 0.1 1
50 0.5 6
60 1.1 17
70 0.9 26
80 0.5 31
90 0.8 39
100 0.8 47
110 1 57
120 1.2 69
130 1.1 80
140 1 90
150 1.6 106
160 1 116
170 1.4 130
180 1.8 148
190 1.5 163
200 2.1 184
210 1.6 200
220 1.5 215
230 3.7 252
240 3.1 283
250 3 313
260 4.7 360
270 5 410
280 4.3 453
290 6 513
300 5.7 570
310 5.6 626
320 4.9 675
330 4.7 722
340 6.7 789
350 7.8 867
360 8.7 954
370 9.8 1052
380 9.9 1151
390 9.2 1243
400 11.1 1354
410 12.2 1476
420 11.7 1593
430 13.2 1725
440 9.6 1821
450 10.4 1925
460 10.5 2030
470 9.2 2122
480 9.4 2216
490 9.6 2312
500 9.6 2408
510 11.6 2524
520 12.9 2653
530 15.9 2812
540 19.5 3007
550 18.5 3192
560 22.8 3420
570 21.1 3631
580 23.4 3865
590 24.5 4110
600 26.4 4374
610 26.4 4638
620 29.8 4936
630 28 5216
640 28.4 5500
650 30.4 5804
660 30.4 6108
670 33.8 6446
680 35.9 6805
690 37.1 7176
700 33.1 7507
710 31.2 7819
720 33.3 8152
730 35.6 8508
740 35.9 8867
750 34.9 9216
760 34.9 9565
770 31.1 9876
780 25 10126
790 24.3 10369
800 25.9 10628
810 9.5 10723
820 1.2 10735
829 0.3 10738
