0 0.1 3496.65234375 0 3496.65234375 3496.65234375 0 0
10 0.1 3500.34375 0.0 3500.34375 3496.65234375 3496.65234375 1
20 0.1 3498.64453125 0.0 3500.34375 3496.65234375 3498.498046875 2
30 0.1 3494.5078125 0.0 3500.34375 3494.5078125 3498.546875 3
40 0.1 3488.44140625 0.0 3500.34375 3488.44140625 3497.537109375 4
50 0.1 3481.32421875 0.0 3500.34375 3481.32421875 3495.71796875 5
60 0.1 3480.265625 0.0 3500.34375 3480.265625 3493.3190104166665 6
70 0.1 3480.05078125 0.0 3500.34375 3480.05078125 3491.4542410714284 7
80 0.1 3480.4375 0.0 3500.34375 3480.05078125 3490.02880859375 8
90 0.1 3476.69921875 0.0 3500.34375 3476.69921875 3488.9631076388887 9
100 0.1 3476.44921875 0.0 3500.34375 3476.44921875 3487.73671875 10
110 0.1 3476.23046875 0.0 3500.34375 3476.23046875 3486.7105823863635 11
120 0.1 3472.75 0.0 3500.34375 3472.75 3485.8372395833335 12
130 0.1 3461.38671875 0.0 3500.34375 3461.38671875 3484.830528846154 13
140 0.1 3457.6328125 0.0 3500.34375 3457.6328125 3483.1559709821427 14
150 0.1 3456.5546875 0.0 3500.34375 3456.5546875 3481.4544270833335 15
160 0.1 3456.921875 0.0 3500.34375 3456.5546875 3479.898193359375 16
170 0.1 3455.47265625 0.0 3500.34375 3455.47265625 3478.5466452205883 17
180 0.1 3454.7734375 0.0 3500.34375 3454.7734375 3477.2647569444443 18
190 0.1 3454.98828125 0.0 3500.34375 3454.7734375 3476.0810032894738 19
200 0.1 3447.86328125 0.0 3500.34375 3447.86328125 3475.0263671875 20
210 0.1 3438.5546875 0.0 3500.34375 3438.5546875 3473.732886904762 21
220 0.1 3428.37890625 0.0 3500.34375 3428.37890625 3472.133877840909 22
230 0.1 3411.7578125 0.0 3500.34375 3411.7578125 3470.231487771739 23
240 0.1 3403.484375 0.0 3500.34375 3403.484375 3467.7950846354165 24
250 0.1 3391.57421875 0.0 3500.34375 3391.57421875 3465.22265625 25
260 0.1 3381.45703125 0.0 3500.34375 3381.45703125 3462.3900240384614 26
270 0.1 3374.4609375 0.0 3500.34375 3374.4609375 3459.392505787037 27
280 0.1 3374.20703125 0.0 3500.34375 3374.20703125 3456.3592354910716 28
290 0.1 3369.07421875 0.0 3500.34375 3369.07421875 3453.526400862069 29
300 0.1 3371.58203125 0.0 3500.34375 3369.07421875 3450.711328125 30
310 0.1 3372.44140625 0.0 3500.34375 3369.07421875 3448.1587701612902 31
320 0.1 3362.81640625 0.0 3500.34375 3362.81640625 3445.7926025390625 32
330 0.1 3331.7890625 0.0 3500.34375 3331.7890625 3443.278172348485 33
340 0.1 3313.703125 0.0 3500.34375 3313.703125 3439.999080882353 34
350 0.1 3281.7890625 0.0 3500.34375 3281.7890625 3436.390625 35
360 0.1 3274.01953125 0.0 3500.34375 3274.01953125 3432.096137152778 36
370 0.1 3275.48046875 0.0 3500.34375 3274.01953125 3427.8237964527025 37
380 0.1 3238.35546875 0.0 3500.34375 3238.35546875 3423.8147615131575 38
390 0.1 3235.09375 0.0 3500.34375 3235.09375 3419.0593950320513 39
400 0.1 3233.08203125 0.0 3500.34375 3233.08203125 3414.46025390625 40
410 0.1 3206.55078125 0.0 3500.34375 3206.55078125 3410.036394817073 41
420 0.1 3202.35546875 0.0 3500.34375 3202.35546875 3405.1914992559523 42
430 0.1 3201.8984375 0.0 3500.34375 3201.8984375 3400.474382267442 43
440 0.1 3169.11328125 0.0 3500.34375 3169.11328125 3395.9612926136365 44
450 0.1 3134.74609375 0.0 3500.34375 3134.74609375 3390.9202256944445 45
460 0.1 3069.57421875 0.0 3500.34375 3069.57421875 3385.351222826087 46
470 0.1 3031.3515625 0.0 3500.34375 3031.3515625 3378.632563164894 47
480 0.1 3001.125 0.0 3500.34375 3001.125 3371.3975423177085 48
490 0.1 2948.046875 0.0 3500.34375 2948.046875 3363.8409598214284 49
500 0.1 2912.796875 0.0 3500.34375 2912.796875 3355.525078125 50
510 0.1 2878.171875 0.0 3500.34375 2878.171875 3346.844132965686 51
520 0.1 2848.59765625 0.0 3500.34375 2848.59765625 3337.8312049278848 52
530 0.1 2836.234375 0.0 3500.34375 2836.234375 3328.600383254717 53
540 0.1 2831.640625 0.0 3500.34375 2831.640625 3319.482494212963 54
550 0.1 2818.765625 0.0 3500.34375 2818.765625 3310.6126420454543 55
560 0.1 2812.9375 0.0 3500.34375 2812.9375 3301.829659598214 56
570 0.1 2786.9453125 0.0 3500.34375 2786.9453125 3293.2526041666665 57
580 0.1 2779.87109375 0.0 3500.34375 2779.87109375 3284.5231681034484 58
590 0.1 2754.53125 0.0 3500.34375 2754.53125 3275.969743114407 59
600 0.1 2757.140625 0.0 3500.34375 2754.53125 3267.2791015625 60
610 0.1 2747.99609375 0.0 3500.34375 2747.99609375 3258.9161757172133 61
620 0.1 2742.765625 0.0 3500.34375 2742.765625 3250.6755292338707 62
630 0.1 2741.078125 0.0 3500.34375 2741.078125 3242.6134672619046 63
640 0.1 2728.4296875 0.0 3500.34375 2728.4296875 3234.7769775390625 64
650 0.1 2703.484375 0.0 3500.34375 2703.484375 3226.9870192307694 65
660 0.1 2708.765625 0.0 3500.34375 2703.484375 3219.0551609848485 66
670 0.1 2704.27734375 0.0 3500.34375 2703.484375 3211.4388992537315 67
680 0.1 2700.07421875 0.0 3500.34375 2700.07421875 3203.980641084559 68
690 0.1 2696.7734375 0.0 3500.34375 2696.7734375 3196.6776494565215 69
700 0.1 2701.02734375 0.0 3500.34375 2696.7734375 3189.5361607142854 70
710 0.1 2708.41015625 0.0 3500.34375 2696.7734375 3182.655754841549 71
720 0.1 2686.671875 0.0 3500.34375 2686.671875 3176.069010416666 72
730 0.1 2722.55078125 0.0 3500.34375 2686.671875 3169.364940068492 73
740 0.1 2750.55859375 0.0 3500.34375 2686.671875 3163.3269108952695 74
750 0.1 2769.65234375 0.0 3500.34375 2686.671875 3157.8233333333324 75
760 0.1 2789.5234375 0.0 3500.34375 2686.671875 3152.7158203124986 76
770 0.1 2805.41796875 0.0 3500.34375 2686.671875 3147.9990361201285 77
780 0.1 2839.94921875 0.0 3500.34375 2686.671875 3143.606971153845 78
790 0.1 2854.0 0.0 3500.34375 2686.671875 3139.7632021360746 79
800 0.1 2954.96875 0.0 3500.34375 2686.671875 3136.1911621093736 80
810 0.1 3070.34375 0.0 3500.34375 2686.671875 3133.953848379628 81
820 0.1 3184.65625 0.0 3500.34375 2686.671875 3133.1781154725595 82
829 0.1 3217.4296875 0.0 3500.34375 2686.671875 3133.798333960842 83
