0 0.1 0.01953125 0 0.01953125 0.01953125 0 0
10 0.1 0.01953125 0.0 0.01953125 0.01953125 0.01953125 1
20 0.1 0.01953125 0.0 0.01953125 0.01953125 0.01953125 2
30 0.1 0.01171875 0.0 0.01953125 0.01171875 0.01953125 3
40 0.1 0.01171875 0.0 0.01953125 0.01171875 0.017578125 4
50 0.1 0.01171875 0.0 0.01953125 0.01171875 0.01640625 5
60 0.1 0.01171875 0.0 0.01953125 0.01171875 0.015625 6
70 0.1 0.0 0.0 0.01953125 0.0 0.015066964285714286 7
80 0.1 0.0 0.0 0.01953125 0.0 0.01318359375 8
90 0.1 0.0 0.0 0.01953125 0.0 0.01171875 9
100 0.1 0.0 0.0 0.01953125 0.0 0.010546875 10
110 0.1 0.0 0.0 0.01953125 0.0 0.009588068181818182 11
120 0.1 0.0 0.0 0.01953125 0.0 0.0087890625 12
130 0.1 0.0 0.0 0.01953125 0.0 0.00811298076923077 13
140 0.1 0.0 0.0 0.01953125 0.0 0.007533482142857144 14
150 0.1 0.078125 0.0 0.078125 0.0 0.007031250000000001 15
160 0.1 0.0703125 0.0 0.078125 0.0 0.011474609375 16
170 0.1 0.05859375 0.0 0.078125 0.0 0.014935661764705883 17
180 0.1 0.05078125 0.0 0.078125 0.0 0.017361111111111112 18
190 0.1 0.0390625 0.0 0.078125 0.0 0.019120065789473683 19
200 0.1 0.03125 0.0 0.078125 0.0 0.0201171875 20
210 0.1 0.03125 0.0 0.078125 0.0 0.020647321428571428 21
220 0.1 0.01953125 0.0 0.078125 0.0 0.021129261363636364 22
230 0.1 0.01953125 0.0 0.078125 0.0 0.021059782608695652 23
240 0.1 0.01953125 0.0 0.078125 0.0 0.02099609375 24
250 0.1 0.01171875 0.0 0.078125 0.0 0.0209375 25
260 0.1 0.171875 0.0 0.171875 0.0 0.020582932692307692 26
270 0.1 0.140625 0.0 0.171875 0.0 0.02618634259259259 27
280 0.1 0.12109375 0.0 0.171875 0.0 0.0302734375 28
290 0.1 0.1015625 0.0 0.171875 0.0 0.0334051724137931 29
300 0.1 0.23046875 0.0 0.23046875 0.0 0.03567708333333333 30
310 0.1 0.19921875 0.0 0.23046875 0.0 0.04196068548387097 31
320 0.1 0.23828125 0.0 0.23828125 0.0 0.046875 32
330 0.1 0.19921875 0.0 0.23828125 0.0 0.05267518939393939 33
340 0.1 0.25 0.0 0.25 0.0 0.05698529411764706 34
350 0.1 0.37109375 0.0 0.37109375 0.0 0.0625 35
360 0.1 0.62109375 0.0 0.62109375 0.0 0.0710720486111111 36
370 0.1 0.53125 0.0 0.62109375 0.0 0.0859375 37
380 0.1 0.609375 0.0 0.62109375 0.0 0.09765625 38
390 0.1 0.51171875 0.0 0.62109375 0.0 0.11077724358974358 39
400 0.1 0.4296875 0.0 0.62109375 0.0 0.12080078125 40
410 0.1 0.37109375 0.0 0.62109375 0.0 0.12833460365853658 41
420 0.1 0.46875 0.0 0.62109375 0.0 0.13411458333333334 42
430 0.1 0.69921875 0.0 0.69921875 0.0 0.14189680232558138 43
440 0.1 0.6015625 0.0 0.69921875 0.0 0.1545632102272727 44
450 0.1 0.73046875 0.0 0.73046875 0.0 0.16449652777777776 45
460 0.1 0.609375 0.0 0.73046875 0.0 0.17680027173913043 46
470 0.1 0.58984375 0.0 0.73046875 0.0 0.18600398936170212 47
480 0.1 0.5 0.0 0.73046875 0.0 0.19441731770833334 48
490 0.1 0.6484375 0.0 0.73046875 0.0 0.20065369897959184 49
500 0.1 0.69921875 0.0 0.73046875 0.0 0.209609375 50
510 0.1 0.75 0.0 0.75 0.0 0.2192095588235294 51
520 0.1 0.80078125 0.0 0.80078125 0.0 0.22941706730769232 52
530 0.1 0.8984375 0.0 0.8984375 0.0 0.24019752358490565 53
540 0.1 1.078125 0.0 1.078125 0.0 0.2523871527777778 54
550 0.1 1.21875 0.0 1.21875 0.0 0.2674005681818182 55
560 0.1 1.33984375 0.0 1.33984375 0.0 0.28438895089285715 56
570 0.1 1.2109375 0.0 1.33984375 0.0 0.30290570175438597 57
580 0.1 1.1796875 0.0 1.33984375 0.0 0.3185614224137931 58
590 0.1 1.30078125 0.0 1.33984375 0.0 0.3331567796610169 59
600 0.1 1.3984375 0.0 1.3984375 0.0 0.3492838541666667 60
610 0.1 1.421875 0.0 1.421875 0.0 0.3664830942622951 61
620 0.1 1.359375 0.0 1.421875 0.0 0.3835055443548387 62
630 0.1 1.30078125 0.0 1.421875 0.0 0.3989955357142857 63
640 0.1 1.25 0.0 1.421875 0.0 0.4130859375 64
650 0.1 1.21875 0.0 1.421875 0.0 0.42596153846153845 65
660 0.1 1.26171875 0.0 1.421875 0.0 0.43797348484848486 66
670 0.1 1.21875 0.0 1.421875 0.0 0.45026819029850745 67
680 0.1 1.171875 0.0 1.421875 0.0 0.4615693933823529 68
690 0.1 1.140625 0.0 1.421875 0.0 0.4718636775362319 69
700 0.1 1.12109375 0.0 1.421875 0.0 0.48141741071428573 70
710 0.1 1.1015625 0.0 1.421875 0.0 0.4904269366197183 71
720 0.1 1.078125 0.0 1.421875 0.0 0.4989149305555556 72
730 0.1 1.0703125 0.0 1.421875 0.0 0.5068493150684932 73
740 0.1 1.05859375 0.0 1.421875 0.0 0.5144636824324325 74
750 0.1 1.05078125 0.0 1.421875 0.0 0.52171875 75
760 0.1 1.0390625 0.0 1.421875 0.0 0.5286800986842105 76
770 0.1 1.0390625 0.0 1.421875 0.0 0.5353084415584416 77
780 0.1 0.87890625 0.0 1.421875 0.0 0.5417668269230769 78
790 0.1 0.73828125 0.0 1.421875 0.0 0.5460344145569619 79
800 0.1 0.62890625 0.0 1.421875 0.0 0.5484374999999998 80
810 0.1 0.53125 0.0 1.421875 0.0 0.5494309413580245 81
820 0.1 0.44921875 0.0 1.421875 0.0 0.5492092225609755 82
829 0.1 0.37890625 0.0 1.421875 0.0 0.5480045180722891 83
