0 0.8 10.99425 5.512197151544926 25.021 7.476 0 0
10 1.8 35.49733333333333 51.060913050547335 177.018 7.378 10.99425 8
20 3.9 53.22802564102563 65.19464576902048 291.459 6.843 27.957923076923073 26
30 9 59.52965555555554 49.300484147084326 291.459 2.398 43.11998461538461 65
40 13.2 41.642621212121234 32.64313439800499 291.459 2.398 52.64818064516128 155
50 16.2 34.44114814814816 25.119991231770452 291.459 2.205 47.58639024390244 287
60 15.3 32.007954248366055 27.429471709089416 291.459 2.176 42.84356347438753 449
70 15.7 33.24531847133759 26.43519292571165 291.459 2.176 40.08966279069769 602
80 17.4 36.58693103448272 35.84818459703769 291.459 2.071 38.67390250329382 759
90 18.3 41.67145901639345 49.10575684610356 343.24 2.071 38.28469239013934 933
100 20.1 36.258502487562154 33.62471762179597 343.24 2.071 38.84004928315412 1116
110 22.4 33.716848214285704 28.439540817260117 343.24 2.071 38.44605466970387 1317
120 25.1 34.69964143426296 30.946160155557635 343.24 2.071 37.758616482803376 1541
130 26.2 34.33151908396947 26.92762213244331 343.24 2.071 37.33015513392858 1792
140 28.3 41.10152296819789 45.18972474886796 343.24 1.999 36.94766114897761 2054
150 28.7 32.03776655052269 27.410557432317557 343.24 1.949 37.450674796747975 2337
160 29.1 36.81879037800691 32.04751092168698 343.24 1.949 36.85863795731708 2624
170 32.9 35.13570820668687 28.049744137663946 343.24 1.949 36.854660034305326 2915
180 36.8 32.66683695652171 26.655130823297647 343.24 1.949 36.680327373612826 3244
190 36.7 32.2688174386921 29.250953493705495 343.24 1.949 36.27142248062015 3612
200 43.9 37.412603644646985 37.37182021100797 343.24 1.949 35.90224528776074 3979
210 54.8 36.3700784671533 33.30033879564031 343.24 1.949 36.052323902218205 4418
220 61.3 32.39383360522025 28.303285099453145 343.24 1.894 36.08738824003223 4966
230 75.3 35.1634887118195 32.38254973014692 343.24 1.894 35.681554041943016 5579
240 82.2 34.863031630170354 37.10244140679287 343.24 1.858 35.619945830701226 6332
250 90.6 36.64864900662253 37.52273105497285 343.24 1.848 35.53297581772438 7154
260 99.1 36.06572956609476 35.13747774973384 343.24 1.831 35.658385235732034 8060
270 102 41.53657941176467 43.727930680141085 343.24 1.831 35.70298563694621 9051
280 111.2 38.17928237410061 39.24098844269638 343.24 1.831 36.29381729718996 10071
290 112.1 41.00316949152547 46.10067977497037 374.639 1.831 36.48130161852812 11183
300 109.1 36.23880293308894 35.93766108398767 374.639 1.831 36.893282591027315 12304
310 113.1 38.29431476569415 39.60011715222989 374.639 1.808 36.83997633445316 13395
320 129.8 42.84771109399074 49.18737021789984 374.639 1.722 36.95321168938457 14526
330 154.5 52.30118381877018 66.05564139083475 411.918 1.605 37.43672156218404 15824
340 175.5 77.32326609686598 119.86584542082633 803.608 1.605 38.758938971731254 17369
350 192.9 78.74694712286143 119.04088014763147 803.608 1.605 42.29796815519766 19124
360 198.9 97.18260180995468 161.03722845807206 994.691 1.593 45.637638531325685 21053
370 218.6 136.63739661482163 220.8172345422355 1176.111 1.593 50.0870323322628 23042
380 232.5 156.82105118279534 269.0160091831743 2275.944 1.593 57.58660012684318 25228
390 236.7 259.5243983945922 454.8266178261133 3717.446 1.593 65.96028352629473 27553
400 261.4 173.1603557765877 301.30040969490005 3717.446 1.593 81.27332697192507 29920
410 265.2 357.83576093514273 564.4008519931431 3717.446 1.507 88.65614781459392 32534
420 276.3 369.59013463626496 605.775439186193 3717.446 1.507 108.94445378843851 35186
430 270.7 562.1525533801273 939.1375078645908 6198.28 1.507 127.92160776305035 37949
440 256.7 823.192021815346 1406.4352442552608 7328.6 1.507 156.8340233913814 40656
450 251.5 1077.912181312128 1830.0690754544707 9697.978 1.507 196.40880954584355 43223
460 262.4 1461.776466844511 2379.6038380727896 13121.22 1.507 244.88012398880576 45738
470 265.8 1662.0228690744918 2636.4712355789015 13931.223 1.507 310.9058467391753 48362
480 291.6 1817.4846474622757 2949.0873298300767 14746.447 1.507 381.29528314386505 51020
490 316.3 1861.2573711666084 3031.075432406986 15295.625 1.507 458.941534003263 53936
500 309.8 2022.0756113621721 3291.0883507923922 17070.749 1.507 536.6228417835684 57099
510 371.7 2031.7891068065617 3340.9133755956395 17070.749 1.507 613.0707159326873 60197
520 396.2 1994.7638003533548 3320.1992830760337 19177.066 1.507 695.5780892605684 63914
530 422 2066.130864928914 3428.285574409609 19177.066 1.507 771.4130498850841 67876
540 450.2 1932.7629311417145 3303.78061188149 19177.066 1.507 847.1968545272966 72096
550 462.6 1908.3199284479056 3307.8516994733172 20026.319 1.507 911.0003282070026 76598
560 483.1 1902.0648050093127 3334.9245517072577 20026.319 1.507 967.8012795356052 81224
570 485.2 1943.1046479802103 3403.7153022805464 27786.672 1.507 1020.2494474696413 86055
580 533.5 1856.7405388941002 3371.395124040126 27786.672 1.507 1069.505208113786 90907
590 564.7 1824.7869860102671 3331.37575607685 27786.672 1.507 1113.1441650111176 96242
600 596 1749.6335095637612 3251.148531235238 27786.672 1.507 1152.5855866580293 101889
610 607.5 1725.0228791769578 3224.9088733577332 27786.672 1.507 1185.5799178110133 107849
620 628 1694.744556847128 3257.3193945562302 44364.832 1.507 1214.345726510656 113924
630 634.5 1775.146031048072 3300.4638057913667 44364.832 1.507 1239.4439316828057 120204
640 627.5 1851.8940637450241 3366.846512937536 44364.832 1.507 1266.3033285999888 126549
650 675.9 1708.62498002663 3237.304358377243 44364.832 1.507 1293.9683730425227 132824
660 693.3 1708.793621952986 3240.698939756874 44364.832 1.507 1314.0472079049741 139583
670 695.4 1694.6451626402006 3187.1055219275186 44364.832 1.507 1332.7262387862081 146516
680 656.1 1677.7301452522524 3159.184236966172 44364.832 1.507 1349.1254320909625 153470
690 691.4 1787.332184119176 3275.3007415614993 44364.832 1.507 1362.5976688641579 160031
700 665.7 1669.2584946672685 3081.947606453583 44364.832 1.507 1380.1879796759413 166945
710 624.4 1705.419784272909 3216.234092033994 44364.832 1.507 1391.2727737353257 173602
720 669 1728.3524707025422 3209.049057101657 44364.832 1.507 1402.179515802409 179846
730 651.9 1769.6400567571754 3260.5800883793086 44364.832 1.507 1413.877510121371 186536
740 584.1 1688.0981821605903 3289.16075783655 44364.832 1.507 1425.8907500867633 193055
750 448.4 1902.212646520969 3317.839640118595 44364.832 1.507 1433.5910236505513 198896
760 353.9 2235.4806459451756 3443.1178636210648 44364.832 1.507 1443.9229115301412 203380
770 246 2666.213746747963 3524.7270002926007 44364.832 1.507 1457.4611696025986 206919
780 192.3 2717.8803993759766 3249.63640129603 44364.832 1.507 1471.662839014419 209379
790 182.9 1624.58453745216 2128.546275989353 44364.832 1.507 1483.0043141001981 211302
800 128.3 244.03647700701447 500.8067205946863 44364.832 1.507 1484.2192956303873 213131
810 30.3 51.415904290429026 57.80532389747356 44364.832 1.507 1476.7983503735768 214414
820 3.9 41.99228205128204 45.74169444909418 44364.832 1.507 1474.786907957917 214717
829 0.4 44.6165 52.69968053271291 44364.832 1.507 1474.5267103829467 214756
