10 0.1 98 0 98 98 0 0
20 0.1 295.0 0.0 295 98 98.0 1
30 0.1 439.0 0.0 439 98 196.5 2
40 0.1 1163.0 0.0 1163 98 277.3333333333333 3
50 0.1 1528.0 0.0 1528 98 498.75 4
60 0.1 1624.0 0.0 1624 98 704.6 5
70 0.1 1401.0 0.0 1624 98 857.8333333333334 6
80 0.1 1584.0 0.0 1624 98 935.4285714285714 7
90 0.1 1871.0 0.0 1871 98 1016.5 8
100 0.1 1901.0 0.0 1901 98 1111.4444444444443 9
110 0.1 2018.0 0.0 2018 98 1190.4 10
120 0.1 2357.0 0.0 2357 98 1265.6363636363637 11
130 0.1 2627.0 0.0 2627 98 1356.5833333333335 12
140 0.1 2654.0 0.0 2654 98 1454.3076923076924 13
150 0.1 2756.0 0.0 2756 98 1540.0 14
160 0.1 2764.0 0.0 2764 98 1621.0666666666666 15
170 0.1 3046.0 0.0 3046 98 1692.5 16
180 0.1 3455.0 0.0 3455 98 1772.1176470588234 17
190 0.1 3705.0 0.0 3705 98 1865.611111111111 18
200 0.1 3682.0 0.0 3705 98 1962.421052631579 19
210 0.1 4585.0 0.0 4585 98 2048.4 20
220 0.1 5905.0 0.0 5905 98 2169.190476190476 21
230 0.1 6586.0 0.0 6586 98 2339.0 22
240 0.1 7574.0 0.0 7574 98 2523.6521739130435 23
250 0.1 8336.0 0.0 8336 98 2734.0833333333335 24
260 0.1 9110.0 0.0 9110 98 2958.16 25
270 0.1 9729.0 0.0 9729 98 3194.769230769231 26
280 0.1 10164.0 0.0 10164 98 3436.777777777778 27
290 0.1 10925.0 0.0 10925 98 3677.035714285714 28
300 0.1 10683.0 0.0 10925 98 3926.9655172413795 29
310 0.1 10513.0 0.0 10925 98 4152.166666666667 30
320 0.1 11429.0 0.0 11429 98 4357.354838709677 31
330 0.1 13105.0 0.0 13105 98 4578.34375 32
340 0.1 15736.0 0.0 15736 98 4836.727272727273 33
350 0.1 17135.0 0.0 17135 98 5157.294117647059 34
360 0.1 18862.0 0.0 18862 98 5499.5142857142855 35
370 0.1 19033.0 0.0 19033 98 5870.694444444444 36
380 0.1 20881.0 0.0 20881 98 6226.4324324324325 37
390 0.1 21371.0 0.0 21371 98 6612.078947368421 38
400 0.1 21597.0 0.0 21597 98 6990.51282051282 39
410 0.1 24363.0 0.0 24363 98 7355.675 40
420 0.1 24129.0 0.0 24363 98 7770.487804878048 41
430 0.1 24150.0 0.0 24363 98 8159.976190476191 42
440 0.1 23158.0 0.0 24363 98 8531.837209302326 43
450 0.1 23475.0 0.0 24363 98 8864.250000000002 44
460 0.1 23569.0 0.0 24363 98 9188.933333333334 45
470 0.1 23905.0 0.0 24363 98 9501.54347826087 46
480 0.1 24392.0 0.0 24392 98 9808.0 47
490 0.1 26871.0 0.0 26871 98 10111.833333333334 48
500 0.1 28192.0 0.0 28192 98 10453.857142857143 49
510 0.1 29455.0 0.0 29455 98 10808.62 50
520 0.1 32346.0 0.0 32346 98 11174.235294117647 51
530 0.1 34530.0 0.0 34530 98 11581.384615384615 52
540 0.1 35791.0 0.0 35791 98 12014.377358490567 53
550 0.1 38470.0 0.0 38470 98 12454.685185185184 54
560 0.1 38783.0 0.0 38783 98 12927.690909090908 55
570 0.1 40302.0 0.0 40302 98 13389.392857142857 56
580 0.1 43082.0 0.0 43082 98 13861.543859649122 57
590 0.1 45331.0 0.0 45331 98 14365.344827586207 58
600 0.1 46996.0 0.0 46996 98 14890.186440677966 59
610 0.1 50390.0 0.0 50390 98 15425.283333333333 60
620 0.1 49778.0 0.0 50390 98 15998.475409836066 61
630 0.1 50871.0 0.0 50871 98 16543.3064516129 62
640 0.1 52608.0 0.0 52608 98 17088.190476190477 63
650 0.1 54611.0 0.0 54611 98 17643.1875 64
660 0.1 54946.0 0.0 54946 98 18211.923076923078 65
670 0.1 56194.0 0.0 56194 98 18768.5 66
680 0.1 56317.0 0.0 56317 98 19327.089552238805 67
690 0.1 52343.0 0.0 56317 98 19871.058823529413 68
700 0.1 53504.0 0.0 56317 98 20341.666666666668 69
710 0.1 53932.0 0.0 56317 98 20815.414285714287 70
720 0.1 55137.0 0.0 56317 98 21281.845070422536 71
730 0.1 5.1e4 0.0 56317 98 21752.055555555555 72
740 0.1 48852.0 0.0 56317 98 22152.712328767124 73
750 0.1 43188.0 0.0 56317 98 22513.513513513513 74
760 0.1 32060.0 0.0 56317 98 22789.173333333332 75
770 0.1 21904.0 0.0 56317 98 22911.157894736843 76
780 0.1 16261.0 0.0 56317 98 22898.077922077922 77
790 0.1 13240.0 0.0 56317 98 22812.98717948718 78
800 0.1 11694.0 0.0 56317 98 22691.810126582277 79
810 0.1 5787.0 0.0 56317 98 22554.3375 80
820 0.1 805.0 0.0 56317 98 22347.333333333332 81
829 0.1 94.0 0.0 56317 94 22084.621951219513 82
