0 0.8 10.99425 5.512197151544926 25.021 7.476 0 0
10 2.2 29.012272727272727 29.07311818842876 97.251 7.378 10.99425 8
20 5.2 39.88021153846152 46.39795903971861 283.934 6.539 24.207466666666665 30
30 14.3 37.41034265734267 33.7518138146336 283.934 0.759 34.146280487804866 82
40 21.1 25.999255924170622 21.611308261604734 283.934 0.759 36.220773333333334 225
50 25.1 22.17944621513945 17.20249057410835 283.934 0.759 31.27412155963303 436
60 22 22.281654545454547 17.472642413439754 283.934 0.759 27.951321688500734 687
70 23.2 22.39791379310345 17.769884372534847 283.934 0.759 26.576099228224923 907
80 26.4 24.08668181818182 25.187150229865043 283.934 0.759 25.72505531167691 1139
90 27.5 27.66978181818183 37.25740464044009 343.24 0.759 25.416765502494655 1403
100 30.6 23.77000326797386 22.90292374584155 343.24 0.759 25.78600238379023 1678
110 33.4 22.57172754491019 18.458789408781506 343.24 0.759 25.475067036290323 1984
120 37.1 23.43580862533695 19.057315103602203 343.24 0.759 25.05672562553926 2318
130 39.9 22.50049874686718 17.781349244693942 343.24 0.759 24.833088508739316 2689
140 42.9 27.069937062937054 30.68592890469978 343.24 0.72 24.531694948186537 3088
150 41.7 22.192760191846496 18.43080623429396 343.24 0.72 24.841307079897646 3517
160 44.5 23.897429213483154 19.472571263017723 343.24 0.72 24.560563802745303 3934
170 50.8 22.711608267716525 17.97373330051281 343.24 0.72 24.493175154144787 4379
180 54.5 22.1427871559633 17.825022397263755 343.24 0.72 24.30798260691631 4887
190 52.8 22.297340909090906 19.567865439665148 343.24 0.72 24.090745581737853 5432
200 64.9 25.212832049306602 24.24730679755613 343.24 0.703 23.931866778523496 5960
210 83.9 23.711461263408818 21.578386199352455 343.24 0.703 24.057656831593288 6609
220 94.4 21.00483262711864 18.376337021850414 343.24 0.703 24.018658700322238 7448
230 112.5 23.472616000000023 20.717642581982307 343.24 0.703 23.679639180171595 8392
240 123 23.274905691056887 25.852081727425972 343.24 0.703 23.655167069454667 9517
250 137.7 24.110876543209837 25.70307070557379 343.24 0.703 23.61164594770634 10747
260 146.1 24.355599589322328 23.93776557227647 343.24 0.688 23.66834675024744 12124
270 156.9 27.14816634799229 30.94338988207746 343.24 0.688 23.742257416267933 13585
280 168.2 25.09446492271094 27.039091329109816 343.24 0.685 24.094895077207322 15154
290 168.5 27.191491394658758 34.656946446684884 368.296 0.685 24.19475706818719 16836
300 159.5 24.670313479623857 24.91317928287609 368.296 0.685 24.467393391285544 18521
310 166.4 25.98819651442312 26.6343335429909 368.296 0.685 24.483482948896384 20116
320 195.3 28.466347670250904 35.48531777155371 368.296 0.685 24.59844361799815 21780
330 233.4 34.52881662382171 50.01159023129912 368.296 0.673 24.91673530527113 23733
340 267.8 50.576629200896264 94.84352991192469 726.407 0.673 25.77738661909693 26067
350 290.2 52.23593556168158 93.98470433706167 726.407 0.673 28.087783962428244 28745
360 301.1 64.31722550647589 129.8189429506609 902.326 0.673 30.302146648971462 31647
370 323.5 92.44279907264271 182.03661398984275 1116.214 0.673 33.257291274741725 34658
380 348.9 103.91173717397551 218.0034154921357 2198.399 0.673 38.310074578418124 37893
390 358.4 171.80259068080346 371.6357439797083 2198.399 0.672 43.84108324875546 41382
400 395 114.10233620253169 245.06012706549348 2198.399 0.672 54.04021242716715 44966
410 399.3 238.13158852992748 469.0649783401156 3539.525 0.672 58.8902694414915 48916
420 416.9 246.12282225953442 500.0312719425043 3539.525 0.671 72.41746872932768 52909
430 403.5 381.31393605947926 768.2078728413653 4430.275 0.671 85.10497738182833 57078
440 387.2 550.7330723140473 1123.0779357925328 5844.188 0.67 104.662242583411 61113
450 376 751.8002398936187 1471.7911207692123 7423.883 0.67 131.24047221666518 64985
460 392.2 991.4911932687402 1834.8471053504788 8358.416 0.67 165.18191852498353 68745
470 399.4 1131.8066497245895 2048.047544039488 9817.046 0.67 209.77967232719104 72667
480 445 1198.095418876406 2209.428665645872 10241.036 0.67 257.8168196084059 76661
490 480.8 1254.0466844841917 2234.0742822050984 10965.344 0.67 309.4034079471344 81111
500 470.2 1361.203231603569 2439.271773662027 13214.662 0.67 362.2653462098024 85919
510 568.8 1335.3381526019712 2406.3285801166658 13214.662 0.67 414.09666496728124 90621
520 598.3 1335.7299167641693 2412.9503335308227 19108.223 0.668 468.50509597233906 96309
530 642.5 1357.671379299607 2443.9499693326047 19108.223 0.668 519.2285748641148 102292
540 676.7 1284.9908500073916 2388.7653271823115 19108.223 0.668 568.7791972920518 108717
550 693.8 1295.492064283651 2415.487052286016 19108.223 0.668 610.7469525994944 115484
560 722.3 1277.0304902395117 2412.338225608422 19108.223 0.668 649.5533892274264 122422
570 723.6 1290.789810530687 2472.153577169045 27786.672 0.668 684.5124474295189 129645
580 805.5 1245.362122160148 2461.035587579559 27786.672 0.668 716.5623520868494 136881
590 850.6 1210.6071629438034 2378.433641200247 27786.672 0.668 745.9510626069439 144936
600 897.7 1160.6322026289438 2324.9755030034394 27786.672 0.668 771.7091001029706 153442
610 910.8 1164.1340794905616 2313.283132681616 27786.672 0.668 793.2051239140743 162419
620 938.6 1124.2396419134907 2362.0201956271903 44361.428 0.668 812.9012704530486 171527
630 951.4 1185.7614602690733 2365.550912016998 44361.428 0.668 829.0539071045202 180913
640 951.7 1212.0343507407774 2373.528289637413 44361.428 0.668 846.8755167544521 190427
650 1030.8 1133.745192665893 2298.5352522249873 44361.428 0.668 864.2564665356301 199944
660 1049 1111.0121465204868 2302.3864336845877 44361.428 0.668 877.4686585193008 210252
670 1035.8 1127.6190273218715 2300.4870554333183 44361.428 0.668 888.5670049560117 220742
680 981 1162.0492969418954 2325.204682618328 44361.428 0.668 899.281417970575 231100
690 1023.7 1159.0192401094077 2318.799936785709 44361.428 0.668 909.9814839400601 240910
700 1004.4 1120.687716348078 2216.6791352584187 44361.428 0.668 920.1325090763572 251147
710 938.4 1140.1335134271105 2314.2318643494946 44361.428 0.668 927.8447828600525 261191
720 1015.7 1122.4591553608334 2296.4812792386365 44361.428 0.668 935.2073161600296 270575
730 1003.8 1144.2307954771925 2344.270132108646 44361.428 0.668 941.9821652358833 280732
740 894.4 1085.9785486359567 2347.6888276554887 44361.428 0.668 948.9642189221723 290770
750 667.3 1241.6278164243965 2443.242570560225 44361.428 0.668 953.0529707487807 299714
760 515.6 1504.940918735452 2573.0980781778135 44361.428 0.668 959.3380283562946 306387
770 346.6 1865.1260429890392 2747.280709681835 44361.428 0.668 968.3676920072028 311543
780 264.9 1884.4304703661796 2548.096873253485 44361.428 0.668 978.2345988082881 315009
790 248.3 1142.817285541686 1727.0016245909421 44361.428 0.668 985.791508641369 317658
800 159.8 192.31474092615713 434.9814887436675 44361.428 0.668 987.0093938983135 320141
810 35.2 44.23697727272729 55.363858987657004 44361.428 0.668 983.0623372609474 321739
820 4.5 36.37411111111109 43.476001395519454 44361.428 0.668 982.0363336572582 322091
829 0.4 44.6165 52.69968053271291 44361.428 0.668 981.9042316878583 322136
