10 0.1 75 0 75 75 0 0
20 0.1 194.0 0.0 194 75 75.0 1
30 0.1 268.0 0.0 268 75 134.5 2
40 0.1 617.0 0.0 617 75 179.0 3
50 0.1 863.0 0.0 863 75 288.5 4
60 0.1 934.0 0.0 934 75 403.4 5
70 0.1 921.0 0.0 934 75 491.8333333333333 6
80 0.1 965.0 0.0 965 75 553.1428571428571 7
90 0.1 1104.0 0.0 1104 75 604.625 8
100 0.1 1098.0 0.0 1104 75 660.1111111111111 9
110 0.1 1252.0 0.0 1252 75 703.9 10
120 0.1 1407.0 0.0 1407 75 753.7272727272727 11
130 0.1 1645.0 0.0 1645 75 808.1666666666666 12
140 0.1 1590.0 0.0 1645 75 872.5384615384615 13
150 0.1 1704.0 0.0 1704 75 923.7857142857143 14
160 0.1 1727.0 0.0 1727 75 975.8 15
170 0.1 1821.0 0.0 1821 75 1022.75 16
180 0.1 2057.0 0.0 2057 75 1069.7058823529412 17
190 0.1 2220.0 0.0 2220 75 1124.5555555555557 18
200 0.1 2266.0 0.0 2266 75 1182.2105263157894 19
210 0.1 2733.0 0.0 2733 75 1236.3999999999999 20
220 0.1 3474.0 0.0 3474 75 1307.6666666666665 21
230 0.1 4089.0 0.0 4089 75 1406.1363636363635 22
240 0.1 4634.0 0.0 4634 75 1522.7826086956522 23
250 0.1 5214.0 0.0 5214 75 1652.4166666666667 24
260 0.1 5660.0 0.0 5660 75 1794.88 25
270 0.1 6038.0 0.0 6038 75 1943.5384615384614 26
280 0.1 6082.0 0.0 6082 75 2095.185185185185 27
290 0.1 6675.0 0.0 6675 75 2237.5714285714284 28
300 0.1 6559.0 0.0 6675 75 2390.5862068965516 29
310 0.1 6602.0 0.0 6675 75 2529.5333333333333 30
320 0.1 7169.0 0.0 7169 75 2660.9032258064517 31
330 0.1 8230.0 0.0 8230 75 2801.78125 32
340 0.1 9651.0 0.0 9651 75 2966.2727272727275 33
350 0.1 10866.0 0.0 10866 75 3162.8823529411766 34
360 0.1 11989.0 0.0 11989 75 3382.9714285714285 35
370 0.1 12539.0 0.0 12539 75 3622.027777777778 36
380 0.1 13854.0 0.0 13854 75 3863.027027027027 37
390 0.1 14547.0 0.0 14547 75 4125.9473684210525 38
400 0.1 15364.0 0.0 15364 75 4393.153846153846 39
410 0.1 17199.0 0.0 17199 75 4667.424999999999 40
420 0.1 17278.0 0.0 17278 75 4973.073170731706 41
430 0.1 17462.0 0.0 17462 75 5266.047619047618 42
440 0.1 16681.0 0.0 17462 75 5549.674418604651 43
450 0.1 16597.0 0.0 17462 75 5802.65909090909 44
460 0.1 16580.0 0.0 17462 75 6042.533333333334 45
470 0.1 16598.0 0.0 17462 75 6271.608695652174 46
480 0.1 17147.0 0.0 17462 75 6491.31914893617 47
490 0.1 18911.0 0.0 18911 75 6713.3125 48
500 0.1 20028.0 0.0 20028 75 6962.244897959184 49
510 0.1 20863.0 0.0 20863 75 7223.56 50
520 0.1 22754.0 0.0 22754 75 7491.0 51
530 0.1 24202.0 0.0 24202 75 7784.5192307692305 52
540 0.1 25750.0 0.0 25750 75 8094.2830188679245 53
550 0.1 27211.0 0.0 27211 75 8421.24074074074 54
560 0.1 27171.0 0.0 27211 75 8762.872727272726 55
570 0.1 28402.0 0.0 28402 75 9091.589285714284 56
580 0.1 30014.0 0.0 30014 75 9430.368421052632 57
590 0.1 31653.0 0.0 31653 75 9785.258620689656 58
600 0.1 32829.0 0.0 32829 75 10155.898305084746 59
610 0.1 35036.0 0.0 35036 75 10533.783333333333 60
620 0.1 34727.0 0.0 35036 75 10935.459016393443 61
630 0.1 35661.0 0.0 35661 75 11319.193548387097 62
640 0.1 36582.0 0.0 36582 75 11705.57142857143 63
650 0.1 38611.0 0.0 38611 75 12094.265625 64
660 0.1 38718.0 0.0 38718 75 12502.215384615385 65
670 0.1 40004.0 0.0 40004 75 12899.424242424242 66
680 0.1 39748.0 0.0 40004 75 13303.970149253732 67
690 0.1 36843.0 0.0 40004 75 13692.85294117647 68
700 0.1 38475.0 0.0 40004 75 14028.36231884058 69
710 0.1 38024.0 0.0 40004 75 14377.6 70
720 0.1 38707.0 0.0 40004 75 14710.647887323943 71
730 0.1 37403.0 0.0 40004 75 15043.930555555555 72
740 0.1 36079.0 0.0 40004 75 15350.219178082192 73
750 0.1 31706.0 0.0 40004 75 15630.337837837838 74
760 0.1 24068.0 0.0 40004 75 15844.68 75
770 0.1 16120.0 0.0 40004 75 15952.881578947368 76
780 0.1 12170.0 0.0 40004 75 15955.051948051949 77
790 0.1 9606.0 0.0 40004 75 15906.52564102564 78
800 0.1 8717.0 0.0 40004 75 15826.772151898735 79
810 0.1 4313.0 0.0 40004 75 15737.9 80
820 0.1 624.0 0.0 40004 75 15596.851851851852 81
829 0.1 81.0 0.0 40004 75 15414.256097560976 82
