40 0.1 41495.346 0 41495.346 41495.346 0 0
50 0.5 46604.0462 5893.400398918587 56236.236 40066.386 41495.346 1
60 1.1 48047.57509090909 6084.384700760276 60048.181 40066.386 45752.59616666666 6
70 0.9 49593.018 7103.595395302765 64426.931 40066.386 47237.58252941176 17
80 0.5 54663.7642 13538.023014056556 73962.322 40066.386 48052.92557692307 26
90 0.8 47625.267374999996 10415.57827053371 73962.322 36262.462 49119.18987096774 31
100 0.8 46553.189875000004 8828.67258069753 73962.322 35193.708 48812.744230769225 39
110 1 53071.49809999999 18597.933312826317 97776.658 35193.708 48428.139234042545 47
120 1.2 47870.774916666676 9277.850625887311 97776.658 35193.708 49242.76359649122 57
130 1.1 51565.57481818181 14505.938070272245 97776.658 35193.708 49004.15686956521 69
140 1 51320.8467 14084.54654714376 97776.658 35193.708 49356.35183749999 80
150 1.6 47769.789000000004 8024.582445637577 97776.658 35193.708 49574.62904444443 90
160 1 46777.4423 6755.3342048773 97776.658 35193.708 49302.200358490554 106
170 1.4 47330.35442857143 5827.797100971278 97776.658 35193.708 49084.54880172413 116
180 1.8 49948.0645 8201.179986520181 97776.658 35193.708 48895.63556153846 130
190 1.5 51560.10740000001 13957.968259126334 97776.658 35193.708 49023.63367567568 148
200 2.1 48174.37938095239 6005.733323729702 97776.658 35193.708 49257.051503067494 163
210 1.6 53891.3264375 15273.698925363573 97776.658 35193.708 49133.48566304349 184
220 1.5 47784.86933333333 7851.259996929728 97776.658 35193.708 49514.112925 200
230 3.7 49235.698054054046 12110.954448921 99894.934 35193.708 49393.46802325582 215
240 3.1 47655.87470967742 8028.892954806358 99894.934 35193.708 49370.30338492063 252
250 3 51664.92929999999 11342.997152935906 99894.934 33252.754 49182.50377738516 283
260 4.7 47627.26165957444 7922.281194211164 99894.934 33252.754 49420.435936102236 313
270 5 49160.9888 10246.515172267826 99894.934 33252.754 49186.32707222222 360
280 4.3 48589.36095348837 11779.05767767073 99894.934 33252.754 49183.23703902439 410
290 6 47817.70378333333 8869.379642937973 99894.934 33252.754 49126.864695364246 453
300 5.7 47173.11092982455 8216.037453470197 99894.934 33252.754 48973.74646003899 513
310 5.6 49320.356410714274 7437.568636470724 99894.934 33252.754 48793.682907017544 570
320 4.9 49368.71010204081 8694.124473381618 99894.934 31949.595 48840.79746964856 626
330 4.7 47430.21938297872 8188.063283732841 99894.934 31949.595 48879.12001629629 675
340 6.7 50697.97779104479 11736.042869386245 99894.934 31949.595 48784.80099999999 722
350 7.8 48089.15488461538 10356.066794798957 105887.61 31949.595 48947.263414448666 789
360 8.7 48384.36090804598 8242.638193855306 105887.61 31949.595 48870.06333910034 867
370 9.8 49687.8997653061 10469.842479771482 105887.61 31949.595 48825.769721174 954
380 9.9 50080.94096969697 7726.862661253656 105887.61 31949.595 48906.08221577946 1052
390 9.2 51408.21497826087 9934.322428839003 105887.61 31949.595 49007.13435881842 1151
400 11.1 52240.57865765766 9086.097367376644 105887.61 31949.595 49184.84909493161 1243
410 12.2 51054.10029508196 10235.359618245866 105887.61 31949.595 49435.35572821269 1354
420 11.7 52143.78211111112 8655.317076152285 105887.61 31949.595 49569.154398373976 1476
430 13.2 54227.028242424225 10033.126817181072 109698.05 31949.595 49758.251349026985 1593
440 9.6 57533.334229166656 10710.858379123478 109698.05 31949.595 50100.20992869564 1725
450 10.4 58194.90768269231 12248.07855486712 109698.05 31949.595 50492.0715063152 1821
460 10.5 61474.43748571429 12289.393073789346 114945.771 31949.595 50908.22473350649 1925
470 9.2 63039.45018478261 14332.038630148172 114945.771 31949.595 51454.75297931034 2030
480 9.4 70681.59689361707 18167.8924168516 125477.837 31949.595 51957.01129359095 2122
490 9.6 71796.29741666667 18836.89937095105 125477.837 31949.595 52751.285231498194 2216
500 9.6 72943.57021874996 19433.848373491714 128877.24 31949.595 53542.08158520761 2312
510 11.6 74231.72906034476 21871.56611556876 139852.493 31949.595 54315.56285963455 2408
520 12.9 79801.13119379847 21534.553630250026 139852.493 31949.595 55230.88587044373 2524
530 15.9 81690.69484905661 24873.31373533909 152610.033 31949.595 56425.594369016195 2653
540 19.5 81775.2558871795 24756.95906979897 152610.033 31949.595 57854.16868492176 2812
550 18.5 86759.334227027 27237.81890295184 156127.313 31949.595 59405.41976720984 3007
560 22.8 84397.35476754385 27742.854750722236 156848.177 31949.595 60990.78135087718 3192
570 21.1 87948.71072037915 28008.501789681657 156848.177 31949.595 62551.21957865496 3420
580 23.4 88786.6725299146 30888.67988371505 177326.62 31949.595 64027.085904984844 3631
590 24.5 86302.20846530615 28679.99093552365 177326.62 31949.595 65526.113917981886 3865
600 26.4 85787.59059090918 29934.121989421106 177326.62 31949.595 66764.59157347931 4110
610 26.4 84901.75346969697 29639.99930849602 184955.149 31949.595 67912.75612322816 4374
620 29.8 80807.7748489932 28740.073527514585 184955.149 31949.595 68879.78831371281 4638
630 28 84168.11767142848 29059.831480752084 184955.149 31949.595 69599.91391896272 4936
640 28.4 83913.52692253522 29752.62176079649 184955.149 31949.595 70381.94939647238 5216
650 30.4 82746.21044078947 28821.89481867839 184955.149 31949.595 71080.67085418181 5500
660 30.4 83517.72294736844 29310.944761551178 184955.149 31949.595 71691.684643694 5804
670 33.8 83411.95992307691 28792.23739303247 184955.149 31949.595 72280.2759410609 6108
680 35.9 84609.96589136495 29425.163849026692 184955.149 31949.595 72863.9726810425 6446
690 37.1 85785.72247708899 29237.954496684808 184955.149 31949.595 73483.63639338722 6805
700 33.1 82606.92853474316 28686.79753647214 184955.149 31949.595 74119.65561538462 7176
710 31.2 85456.16415705129 28808.06045968161 184955.149 31949.595 74493.87798601306 7507
720 33.3 84750.9205795795 28653.04630188839 184955.149 31949.595 74931.3039081724 7819
730 35.6 84865.34662078654 30270.709971614186 184955.149 31949.595 75332.42416719823 8152
740 35.9 81258.95835654595 28305.729667212832 184955.149 31949.595 75731.30996803008 8508
750 34.9 80115.81930945547 28472.29727810818 184955.149 31949.595 75955.10897236945 8867
760 34.9 80099.45146418337 28478.12405109221 184955.149 31949.595 76112.67059429252 9216
770 31.1 85129.85410289378 27639.861162074136 191514.286 31949.595 76258.13703690536 9565
780 25 99304.70757999994 22520.597092220178 191514.286 31949.595 76537.51168327255 9876
790 24.3 104127.2021728395 17012.096964521894 191514.286 31949.595 77099.6091525775 10126
800 25.9 102841.97869111964 14475.790584791046 191514.286 31949.595 77733.00727235025 10369
810 9.5 102114.23482105261 11197.130034205979 191514.286 31949.595 78344.90260519381 10628
820 1.2 113193.65966666666 12457.372559221592 191514.286 31949.595 78555.48607628461 10723
829 0.3 122793.081 12237.758435914076 191514.286 31949.595 78594.20597224032 10735
