0 73.7796875 73.7796875
10 179.83203125 253.61171875
20 367.5953125 621.20703125
30 809.3421875 1430.54921875
40 1191.49453125 2622.04375
50 1350.53203125 3972.57578125
60 1107.81875 5080.39453125
70 1327.590625 6407.98515625
80 1518.94453125 7926.9296875
90 1573.1546875 9500.084375
100 1721.19140625 11221.27578125
110 1893.94375 13115.21953125
120 2102.28046875 15217.5
130 2219.4734375 17436.9734375
140 2343.9171875 19780.890625
150 2208.67734375 21989.56796875
160 2562.27578125 24551.84375
170 2872.74765625 27424.59140625
180 3018.5984375 30443.18984375
190 2959.30703125 33402.496875
200 3688.73359375 37091.23046875
210 4634.91328125 41726.14375
220 5018.88515625 46745.02890625
230 5888.1859375 52633.21484375
240 6135.721875 58768.93671875
250 7102.20234375 65871.1390625
260 7463.4 73334.5390625
270 7507.584375 80842.1234375
280 8114.28203125 88956.40546875
290 8040.884375 96997.28984375
300 7800.26484375 104797.5546875
310 8268.2640625 113065.81875
320 9393.83203125 122459.65078125
330 10749.9734375 133209.62421875
340 11153.82578125 144363.45
350 11519.61015625 155883.06015625
360 11058.33828125 166941.3984375
370 11821.503125 178762.9015625
380 11592.971875 190355.8734375
390 10787.7328125 201143.60625
400 11870.45390625 213014.06015625
410 11605.17578125 224619.2359375
420 11985.453125 236604.6890625
430 12547.09140625 249151.78046875
440 11641.68671875 260793.4671875
450 12860.1046875 273653.571875
460 13352.33515625 287005.90703125
470 12663.39609375 299669.303125
480 13690.48984375 313359.79296875
490 14530.790625 327890.58359375
500 13366.65546875 341257.2390625
510 15686.7375 356943.9765625
520 16461.33046875 373405.30703125
530 16760.71953125 390166.0265625
540 17919.26015625 408085.28671875
550 18591.78515625 426677.071875
560 19038.6734375 445715.7453125
570 18760.30546875 464476.05078125
580 20972.06953125 485448.1203125
590 21464.59296875 506912.71328125
600 22114.7578125 529027.47109375
610 23438.13828125 552465.609375
620 22997.93125 575463.540625
630 23066.48046875 598530.02109375
640 22687.61640625 621217.6375
650 23638.634375 644856.271875
660 24440.6859375 669296.9578125
670 24871.4171875 694168.375
680 23768.61171875 717936.98671875
690 23414.0640625 741351.05078125
700 23979.73828125 765330.7890625
710 23080.73125 788411.5203125
720 22120.81953125 810532.33984375
730 20488.15234375 831020.4921875
740 18335.72890625 849356.22109375
750 14016.11875 863372.33984375
760 10726.5046875 874098.84453125
770 7767.11640625 881865.9609375
780 6879.1921875 888745.153125
790 6420.89296875 895166.04609375
800 5065.6 900231.64609375
810 1263.12578125 901494.771875
820 166.4234375 901661.1953125
829 6.9109375 901668.10625
