0 1.93125 1.93125
10 8.9375 10.86875
20 26.8078125 37.6765625
30 85.68984375 123.36640625
40 125.7875 249.15390625
50 148.98515625 398.1390625
60 132.671875 530.8109375
70 137.3859375 668.196875
80 155.221875 823.41875
90 167.1125 990.53125
100 183.2046875 1173.7359375
110 200.63515625 1374.37109375
120 224.10703125 1598.478125
130 242.5 1840.978125
140 255.1109375 2096.0890625
150 250.37421875 2346.46328125
160 271.1734375 2617.63671875
170 308.72421875 2926.3609375
180 322.5203125 3248.88125
190 311.27421875 3560.15546875
200 380.90859375 3941.0640625
210 504.40625 4445.4703125
220 538.8515625 4984.321875
230 663.0625 5647.384375
240 717.5859375 6364.9703125
250 793.665625 7158.6359375
260 838.06796875 7996.70390625
270 914.1828125 8910.88671875
280 953.8671875 9864.75390625
290 950.4796875 10815.23359375
300 899.71953125 11714.953125
310 942.48671875 12657.43984375
320 1091.49453125 13748.934375
330 1253.4015625 15002.3359375
340 1421.28671875 16423.62265625
350 1512.5625 17936.18515625
360 1550.19609375 19486.38125
370 1609.34375 21095.725
380 1672.69609375 22768.42109375
390 1700.946875 24469.36796875
400 1832.7703125 26302.13828125
410 1880.303125 28182.44140625
420 1950.33984375 30132.78125
430 1896.11171875 32028.89296875
440 1854.67265625 33883.565625
450 1814.10859375 35697.67421875
460 1902.3609375 37600.03515625
470 1923.7875 39523.82265625
480 2076.7734375 41600.59609375
490 2226.0046875 43826.60078125
500 2189.34765625 46015.9484375
510 2561.6984375 48577.646875
520 2716.9171875 51294.5640625
530 2861.3203125 54155.884375
540 2978.04453125 57133.92890625
550 3102.10546875 60236.034375
560 3202.28671875 63438.32109375
570 3176.41484375 66614.7359375
580 3506.10078125 70120.83671875
590 3734.634375 73855.47109375
600 3889.53125 77745.00234375
610 3946.19765625 81691.2
620 4129.2 85820.4
630 4134.63359375 89955.03359375
640 4067.37734375 94022.4109375
650 4470.88828125 98493.29921875
660 4461.6125 102954.91171875
670 4429.4703125 107384.38203125
680 4315.09921875 111699.48125
690 4338.9046875 116038.3859375
700 4329.76484375 120368.15078125
710 4091.1859375 124459.33671875
720 4395.3453125 128854.68203125
730 4261.20234375 133115.884375
740 3794.76796875 136910.65234375
750 2864.3421875 139774.99453125
760 2315.31796875 142090.3125
770 1601.8703125 143692.1828125
780 1265.4046875 144957.5875
790 1137.7296875 146095.3171875
800 853.23671875 146948.55390625
810 225.7265625 147174.28046875
820 29.715625 147203.99609375
829 2.5671875 147206.56328125
