0 0.6 6
10 1.1 17
20 0.9 26
30 0.8 34
40 0.6 40
50 0.6 46
60 0.8 54
70 1.1 65
80 1.3 78
90 1 88
100 1.2 100
110 1.6 116
120 1.8 134
130 1.2 146
140 1.8 164
150 1.9 183
160 1.7 200
170 1.6 216
180 2.9 245
190 3.6 281
200 3.7 318
210 3.7 355
220 5.1 406
230 3.4 440
240 5.7 497
250 6.3 560
260 7 630
270 4.3 673
280 5.5 728
290 5.4 782
300 7.6 858
310 9.7 955
320 9.4 1049
330 12.3 1172
340 10 1272
350 10.9 1381
360 11.5 1496
370 17.3 1669
380 14.7 1816
390 15.5 1971
400 14.5 2116
410 14.7 2263
420 17.4 2437
430 18.1 2618
440 16.6 2784
450 21.8 3002
460 20.5 3207
470 19.3 3400
480 21.5 3615
490 23.9 3854
500 23.1 4085
510 22.1 4306
520 22.5 4531
530 22.3 4754
540 29.5 5049
550 30.4 5353
560 31.1 5664
570 30.4 5968
580 31.7 6285
590 29.9 6584
600 34.4 6928
610 37.5 7303
620 33.6 7639
630 35.6 7995
640 30.2 8297
650 28.2 8579
660 31.4 8893
670 34.4 9237
680 36.6 9603
690 35.3 9956
700 32.5 10281
710 35.2 10633
720 10.5 10738
730 0 10738
740 0 10738
750 0 10738
760 0 10738
770 0 10738
780 0 10738
790 0 10738
800 0 10738
810 0 10738
820 0 10738
829 0 10738
