0 6 6
10 17 17
20 26 26
30 34 34
40 39 39
50 40 42
60 37 42
70 39 45
80 47 49
90 49 50
100 53 55
110 59 59
120 65 66
130 66 69
140 74 79
150 77 81
160 84 84
170 86 88
180 97 100
190 118 118
200 134 136
210 155 158
220 191 191
230 188 195
240 214 216
250 247 247
260 270 271
270 263 271
280 275 275
290 269 277
300 288 290
310 329 329
320 374 376
330 450 450
340 483 483
350 514 515
360 542 542
370 617 620
380 665 668
390 728 728
400 762 763
410 787 794
420 844 846
430 893 894
440 963 964
450 1077 1079
460 1177 1179
470 1278 1279
480 1399 1400
490 1542 1544
500 1677 1678
510 1782 1782
520 1878 1879
530 1942 1942
540 2042 2046
550 2161 2161
560 2244 2244
570 2337 2338
580 2420 2420
590 2474 2479
600 2554 2554
610 2665 2665
620 2703 2708
630 2779 2781
640 2797 2809
650 2775 2809
660 2785 2809
670 2791 2811
680 2798 2811
690 2780 2825
700 2774 2825
710 2814 2828
720 2586 2828
730 2230 2828
740 1871 2828
750 1522 2828
760 1173 2828
770 862 2828
780 612 2828
790 369 2828
800 110 2828
810 15 2828
820 3 2828
829 0 2828
