0 1.2 12
10 2 32
20 4.8 80
30 8.1 161
40 10.1 262
50 12.3 385
60 10.9 494
70 14.9 643
80 16 803
90 20.1 1004
100 22.6 1230
110 22.1 1451
120 22.3 1674
130 18.7 1861
140 18.8 2049
150 20.3 2252
160 25.1 2503
170 27.6 2779
180 27.7 3056
190 29.9 3355
200 34.4 3699
210 41.9 4118
220 42.7 4545
230 51.5 5060
240 53.1 5591
250 65 6241
260 74.5 6986
270 74.5 7731
280 82.2 8553
290 76 9313
300 78 10093
310 78.4 10877
320 81.8 11695
330 85.2 12547
340 85.4 13401
350 84.6 14247
360 88.9 15136
370 97 16106
380 80.7 16913
390 84.6 17759
400 87.1 18630
410 87.7 19507
420 93.2 20439
430 93.3 21372
440 98.7 22359
450 99.2 23351
460 106.5 24416
470 106.3 25479
480 108.4 26563
490 120.5 27768
500 118 28948
510 120.4 30152
520 124.7 31399
530 125.7 32656
540 121.6 33872
550 141.4 35286
560 147 36756
570 143.1 38187
580 145.1 39638
590 151.3 41151
600 161.6 42767
610 165.6 44423
620 152.3 45946
630 166.8 47614
640 160.6 49220
650 168.1 50901
660 166.4 52565
670 163.3 54198
680 165.9 55857
690 170.7 57564
700 172.2 59286
710 164.5 60931
720 139.5 62326
730 113.6 63462
740 95.9 64421
750 74.4 65165
760 51.6 65681
770 49.5 66176
780 45.5 66631
790 49.7 67128
800 56.6 67694
810 13.7 67831
820 1.2 67843
830 0.5 67848
840 0 67848
842 0 67848
