10 0.3 3
20 4 43
30 9.4 137
40 11.3 250
50 14.9 399
60 13.3 532
70 12.8 660
80 16.6 826
90 21.9 1045
100 27.2 1317
110 28 1597
120 26.1 1858
130 20.6 2064
140 18 2244
150 22.4 2468
160 29.2 2760
170 32 3080
180 28.9 3369
190 31 3679
200 36.7 4046
210 45.6 4502
220 47.1 4973
230 54 5513
240 52.1 6034
250 71.8 6752
260 81.4 7566
270 86.1 8427
280 87.2 9299
290 86.3 10162
300 82.4 10986
310 80 11786
320 84.2 12628
330 83.9 13467
340 88.5 14352
350 79.1 15143
360 68.1 15824
370 72.1 16545
380 60.2 17147
390 57.1 17718
400 60 18318
410 61.3 18931
420 60.6 19537
430 60.2 20139
440 63.2 20771
450 61.4 21385
460 63.9 22024
470 64 22664
480 56.2 23226
490 57.6 23802
500 58.7 24389
510 57.5 24964
520 55.2 25516
530 58.9 26105
540 45.2 26557
550 52.1 27078
560 58.8 27666
570 59.3 28259
580 59.9 28858
590 52.2 29380
600 57.3 29953
610 55.8 30511
620 52.8 31039
630 56.3 31602
640 53.8 32140
650 48.6 32626
660 56 33186
670 47.4 33660
680 53 34190
690 54.5 34735
700 54.1 35276
710 49 35766
720 55.1 36317
730 44.5 36762
740 43.5 37197
750 46.8 37665
760 39 38055
770 39.7 38452
780 43.7 38889
790 39.9 39288
800 45.6 39744
810 14.8 39892
820 1.6 39908
830 0.3 39911
840 0 39911
842 0 39911
