160 0.7 7
170 0.3 10
180 0.2 12
190 0.4 16
200 0.2 18
210 0.8 26
220 2.3 49
230 2.8 77
240 9.2 169
250 3.4 203
260 5.9 262
270 10 362
280 9 452
290 8.9 541
300 10.3 644
310 8.4 728
320 14.1 869
330 26.1 1130
340 41.3 1543
350 62 2163
360 68.9 2852
370 73.4 3586
380 87.9 4465
390 123.9 5704
400 117.1 6875
410 115.6 8031
420 113.7 9168
430 112.1 10289
440 119.7 11486
450 141.7 12903
460 163.5 14538
470 183.6 16374
480 191.1 18285
490 211.6 20401
500 230.5 22706
510 255.3 25259
520 260.6 27865
530 265.6 30521
540 332.7 33848
550 295.2 36800
560 299.8 39798
570 274.9 42547
580 319.2 45739
590 352.8 49267
600 384.5 53112
610 387.1 56983
620 380.6 60789
630 424.1 65030
640 437.3 69403
650 427.1 73674
660 414.1 77815
670 392.6 81741
680 388.8 85629
690 380.6 89435
700 412.9 93564
710 444.4 98008
720 457.7 102585
730 424.7 106832
740 364 110472
750 261.9 113091
760 161.3 114704
770 104.7 115751
780 70.3 116454
790 53.4 116988
800 23.8 117226
810 0.6 117232
820 0.6 117238
830 0.5 117243
840 0.2 117245
842 0 117245
