160 0.2 2
170 0 2
180 0 2
190 0.4 6
200 0.4 10
210 0.3 13
220 1.3 26
230 1.1 37
240 2.9 66
250 1.5 81
260 2.7 108
270 4.3 151
280 4.3 194
290 3.7 231
300 4.5 276
310 3.9 315
320 5.8 373
330 10.6 479
340 15.9 638
350 24.6 884
360 28.9 1173
370 30.6 1479
380 34.4 1823
390 49 2313
400 46.4 2777
410 45.9 3236
420 47.3 3709
430 44.3 4152
440 47.2 4624
450 56.5 5189
460 63.5 5824
470 73.8 6562
480 75.6 7318
490 83.5 8153
500 91.2 9065
510 102.6 10091
520 104.8 11139
530 106.7 12206
540 133.7 13543
550 118.7 14730
560 120.3 15933
570 114.7 17080
580 130.9 18389
590 139.7 19786
600 151 21296
610 152.3 22819
620 152.1 24340
630 171.7 26057
640 172.7 27784
650 168.1 29465
660 170.1 31166
670 157.5 32741
680 162 34361
690 158.9 35950
700 166.7 37617
710 175 39367
720 181.6 41183
730 166.9 42852
740 156.5 44417
750 119.8 45615
760 78.7 46402
770 56 46962
780 37.3 47335
790 29.7 47632
800 15.9 47791
810 0.7 47798
820 0.2 47800
830 0.1 47801
840 0.2 47803
842 0 47803
