160 0.3 3
170 0.1 4
180 0.7 11
190 0.4 15
200 0.6 21
210 0.7 28
220 1.6 44
230 1.5 59
240 6.1 120
250 2.9 149
260 4 189
270 8.2 271
280 4.6 317
290 5.5 372
300 6.8 440
310 5.3 493
320 12.1 614
330 15.4 768
340 22.9 997
350 30.5 1302
360 33.6 1638
370 41.2 2050
380 40.8 2458
390 51.7 2975
400 47.1 3446
410 43.8 3884
420 46 4344
430 47.5 4819
440 46.6 5285
450 57.4 5859
460 63 6489
470 65.5 7144
480 74.3 7887
490 76.6 8653
500 86 9513
510 98.6 10499
520 94.9 11448
530 103.5 12483
540 117.3 13656
550 106.2 14718
560 108.2 15800
570 109.5 16895
580 114.3 18038
590 123.2 19270
600 122.8 20498
610 134.9 21847
620 126.4 23111
630 137.5 24486
640 140.4 25890
650 143.8 27328
660 142.1 28749
670 131 30059
680 136 31419
690 135.4 32773
700 138.6 34159
710 143.7 35596
720 135 36946
730 136.9 38315
740 131.9 39634
750 112.8 40762
760 83.6 41598
770 66.2 42260
780 52.9 42789
790 47.9 43268
800 20.5 43473
810 0.7 43480
820 0 43480
830 0 43480
840 0.2 43482
842 0 43482
