0 1.1 3.3770909090909096 6.877404207119076 25.12 0.992 0 0
10 0.9 8.357555555555557 19.545061405839196 63.633 0.992 3.3770909090909096 11
20 0.9 1.2863333333333333 0.22269460902520494 63.633 0.992 5.6183000000000005 20
30 0.8 1.312 0.2804041725795107 63.633 0.992 4.273896551724138 29
40 0.5 6.2064 4.028256575740924 63.633 0.992 3.633486486486486 37
50 0.6 1.3081666666666667 0.24649774621462342 63.633 0.992 3.9397857142857142 42
60 1.3 2.175923076923077 2.681607998127486 63.633 0.992 3.6108333333333333 48
70 2.3 1.4254782608695649 0.4079275158935254 63.633 0.779 3.305032786885246 61
80 1.9 1.4136842105263159 0.5302619067505157 63.633 0.779 2.7903928571428573 84
90 2 1.4234500000000003 0.8550510204075544 63.633 0.779 2.536436893203884 103
100 1.6 1.3746250000000002 0.39565671278900344 63.633 0.779 2.3554634146341464 123
110 0 0 0 63.633 0.779 2.242561151079137 139
120 1.7 1.5178235294117652 0.4745805870071108 63.633 0.779 2.242561151079137 139
130 1.8 1.388888888888889 0.405127536693884 63.633 0.779 2.163583333333334 156
140 2.2 1.229 0.236211769393483 63.633 0.779 2.0834425287356324 174
150 1.9 1.4509999999999998 0.8452904826152958 63.633 0.779 1.9875357142857146 196
160 2.7 1.3740740740740736 0.33019869729939394 63.633 0.779 1.9401209302325586 215
170 2.6 1.2426153846153842 0.31396754816664596 63.633 0.779 1.8769669421487605 242
180 2.4 9.73729166666667 26.376130932276578 99.408 0.746 1.8154253731343286 268
190 4.5 1.7796222222222222 1.6764112236015616 99.408 0.746 2.466537671232877 292
200 3.8 9.532763157894742 32.854545571458814 184.413 0.746 2.374813056379822 337
210 5.2 1.879865384615385 1.5205039148110149 184.413 0.746 3.1001520000000005 375
220 6.6 1.341363636363637 0.986459903136396 184.413 0.672 2.951545667447307 427
230 7.5 1.4862 1.464665577301977 184.413 0.672 2.735983772819473 493
240 15.4 1.531902597402597 2.20424110912035 184.413 0.641 2.5709595070422537 568
250 9.1 2.286967032967033 3.7015345925132883 184.413 0.641 2.349332409972299 722
260 11.8 1.3465508474576284 0.6931361619046866 184.413 0.641 2.3423517835178354 813
270 15.4 1.549233766233767 1.5963458751616313 184.413 0.641 2.2161385606874333 931
280 17.3 1.4527976878612716 1.2671507839869793 184.413 0.641 2.121481105990784 1085
290 12.6 1.574301587301588 1.2428912227483073 184.413 0.641 2.029523847376789 1258
300 19 1.6764052631578954 2.5406571671567435 184.413 0.641 1.988080202312139 1384
310 18 1.8846722222222234 4.787446264079692 184.413 0.601 1.950457433290979 1574
320 21.3 4.52619718309859 22.107597626507925 241.275 0.601 1.9437063854047898 1754
330 33.9 1.6183126843657798 1.642307680003296 241.275 0.601 2.2233558718861217 1967
340 47.3 2.945456659619447 5.181085885219853 241.275 0.578 2.1344098005203818 2306
350 71.5 1.5890769230769206 1.947881407760294 241.275 0.449 2.2724541201871173 2779
360 83 2.0632554216867462 4.2576031814182045 241.275 0.437 2.132610188895248 3494
370 90 4.120025555555558 8.124190336575237 241.275 0.429 2.1192974098057347 4324
380 97 2.3380309278350433 4.545552485793704 241.275 0.429 2.4639864088820826 5224
390 137.7 9.425321713870725 39.483407796426825 321.534 0.426 2.4442613819825625 6194
400 134.5 2.9015219330854993 4.587496678491387 321.534 0.426 3.713964205521065 7571
410 133.5 2.0202876404494314 2.6819937700210086 321.534 0.361 3.5914053387169105 8916
420 128.5 3.4090980544747103 9.066290472429358 321.534 0.361 3.386796800312161 10251
430 133.9 1.744323375653475 2.07526992386339 321.534 0.361 3.389280946601939 11536
440 139.2 1.8957183908045971 2.489911438381617 321.534 0.361 3.218205359223299 12875
450 153.6 2.167291015625001 3.066321064253701 321.534 0.361 3.089173196887921 14267
460 180.9 3.3639414040906597 4.3610629907109875 321.534 0.361 2.9995692590014533 15803
470 200.5 3.7137910224438953 5.334240232645159 321.534 0.361 3.0369954008630464 17612
480 211.8 3.12294570349386 3.735548245366878 321.534 0.361 3.106168833154916 19617
490 234 3.505643589743585 4.1907122394440846 321.534 0.361 3.107803680699332 21735
500 248.6 3.739381335478679 4.0861393767014675 321.534 0.361 3.146472232606437 24075
510 274.1 3.9315111273257872 4.211904723844085 321.534 0.361 3.2019660780844084 26561
520 281 4.678045551601434 4.902847139506786 321.534 0.361 3.270209985666506 29302
530 287.5 4.301256000000003 4.357903768739558 321.534 0.361 3.3934043659691078 32112
540 359.7 8.162612454823446 8.853698305303555 321.534 0.361 3.4680056020807726 34987
550 321.3 5.272102707749785 4.756389964585426 321.534 0.361 3.9056611289653724 38584
560 328.8 5.895645072992719 5.673557070083455 321.534 0.361 4.010701605378376 41797
570 308.4 18.799836900129662 48.03064366643431 354.186 0.361 4.148168481756683 45085
580 344.2 8.149254503195802 6.502364383301603 354.186 0.361 5.086235400361226 48169
590 371.5 8.76374320323015 6.470827623889629 354.186 0.361 5.290511848249401 51611
600 413.1 11.562514887436446 8.277439841471406 354.186 0.361 5.523730488377975 55326
610 415.8 11.860760702260679 7.795109135297121 354.186 0.361 5.943297879139543 59457
620 411.4 13.076077297034557 9.140711661065497 354.186 0.361 6.330074746522041 63615
630 453.6 13.568502645502623 7.340175559678835 354.186 0.361 6.73984093962704 67729
640 464.1 18.178107088989382 9.232958304692481 354.186 0.361 7.16846903757005 72265
650 454.2 14.302324086305632 7.956513160378617 354.186 0.361 7.832861025147575 76906
660 448.6 14.980763709317879 9.616644646481165 354.186 0.361 8.193634785384535 81448
670 431.5 13.19747786790265 7.462936494589743 354.186 0.361 8.547942281285634 85934
680 428 14.522015420560722 8.904628718311441 354.186 0.361 8.77024663985196 90249
690 418.7 12.791218533556252 8.495913378245595 354.186 0.361 9.030670111817532 94529
700 435.5 16.230126061997712 9.520817447752622 354.186 0.361 9.190172282102187 98716
710 463.5 20.56274519956848 11.742358435954051 354.186 0.361 9.487627421874238 103071
720 461 22.646330802603057 18.25230428839391 354.186 0.361 9.96423198336211 107706
730 434.5 28.71197376294595 60.78008257596665 466.904 0.361 10.484767575412226 112316
740 378.8 5.68078167898625 5.068947983461778 466.904 0.361 11.163633785069557 116661
750 277.9 3.9495052177042047 3.9051839093033673 466.904 0.361 10.991203596542931 120449
760 178.7 3.365738668158924 3.54575436584657 466.904 0.361 10.832401377933584 123228
770 115.5 2.028716017316017 2.798055740690642 466.904 0.361 10.725670775506936 125015
780 75.9 15.877758893280612 48.27115347742047 466.904 0.361 10.646056106839973 126170
790 54.6 1.4860018315018335 1.8318244408370383 466.904 0.361 10.677340229577162 126929
800 32.1 1.1677258566978197 0.8247090034804849 466.904 0.361 10.637971955285348 127475
810 0.8 1.270125 0.19522258930513142 466.904 0.361 10.614184442392562 127796
820 0.6 1.398666666666667 0.22065030150796427 466.904 0.361 10.613599543050293 127804
830 0.5 1.3688 0.2579871314620168 466.904 0.361 10.613166950942803 127810
840 0.3 5.448666666666667 5.769162523470996 466.904 0.361 10.612805320189334 127815
842 0 0 0 466.904 0.361 10.612684113348665 127818
