0 11 11
10 20 9
20 29 9
30 37 8
40 41 4
50 40 -1
60 43 3
70 57 14
80 65 8
90 82 17
100 89 7
110 69 -20
120 69 0
130 69 0
140 77 8
150 82 5
160 96 14
170 104 8
180 102 -2
190 128 26
200 143 15
210 163 20
220 190 27
230 202 12
240 233 31
250 256 23
260 274 18
270 273 -1
280 301 28
290 281 -20
300 299 18
310 334 35
320 349 15
330 368 19
340 375 7
350 394 19
360 442 48
370 523 81
380 522 -1
390 586 64
400 689 103
410 778 89
420 840 62
430 976 136
440 1082 106
450 1115 33
460 1187 72
470 1259 72
480 1328 69
490 1429 101
500 1467 38
510 1482 15
520 1506 24
530 1528 22
540 1578 50
550 1618 40
560 1684 66
570 1773 89
580 1787 14
590 1738 -49
600 1785 47
610 1819 34
620 1891 72
630 1891 0
640 1870 -21
650 1819 -51
660 1831 12
670 1911 80
680 1958 47
690 2023 65
700 1922 -101
710 1843 -79
720 1570 -273
730 1361 -209
740 1163 -198
750 974 -189
760 855 -119
770 704 -151
780 529 -175
790 317 -212
800 106 -211
810 11 -95
820 2 -9
830 0 -2
840 0 0
842 0 0
