0 0.1 6.697053905123528 0 6.697053905123528 6.697053905123528 0 0
10 0.1 25.44731610337972 0.0 25.44731610337972 6.697053905123528 6.697053905123528 1
20 0.1 2.293120638085743 0.0 25.44731610337972 2.293120638085743 16.072185004251622 2
30 0.1 1.2987012987012987 0.0 25.44731610337972 1.2987012987012987 11.479163548862998 3
40 0.1 2.4801587301587302 0.0 25.44731610337972 1.2987012987012987 8.934047986322572 4
50 0.1 3.762376237623762 0.0 25.44731610337972 1.2987012987012987 7.643270135089803 5
60 0.1 2.5948103792415167 0.0 25.44731610337972 1.2987012987012987 6.996454485512129 6
70 0.1 3.5502958579881656 0.0 25.44731610337972 1.2987012987012987 6.3676481846163275 7
80 0.1 3.4722222222222223 0.0 25.44731610337972 1.2987012987012987 6.0154791437878075 8
90 0.1 4.244817374136229 0.0 25.44731610337972 1.2987012987012987 5.7328950413916315 9
100 0.1 4.23228346456693 0.0 25.44731610337972 1.2987012987012987 5.584087274666091 10
110 0.1 5.463414634146342 0.0 25.44731610337972 1.2987012987012987 5.461196019202531 11
120 0.1 5.691854759568204 0.0 25.44731610337972 1.2987012987012987 5.4613809037811825 12
130 0.1 5.7956777996070725 0.0 25.44731610337972 1.2987012987012987 5.4791096619186455 13
140 0.1 3.869047619047619 0.0 25.44731610337972 1.2987012987012987 5.5017216717535335 14
150 0.1 4.630541871921182 0.0 25.44731610337972 1.2987012987012987 5.392876734906472 15
160 0.1 4.568023833167826 0.0 25.44731610337972 1.2987012987012987 5.345230805969892 16
170 0.1 6.200787401574804 0.0 25.44731610337972 1.2987012987012987 5.299512748746241 17
180 0.1 6.47693817468106 0.0 25.44731610337972 1.2987012987012987 5.349583562792272 18
190 0.1 6.771344455348381 0.0 25.44731610337972 1.2987012987012987 5.408918016049578 19
200 0.1 7.743785850860421 0.0 25.44731610337972 1.2987012987012987 5.477039338014518 20
210 0.1 8.418131359851989 0.0 25.44731610337972 1.2987012987012987 5.584979648150037 21
220 0.1 9.159584513692161 0.0 25.44731610337972 1.2987012987012987 5.7137592714092165 22
230 0.1 12.03079884504331 0.0 25.44731610337972 1.2987012987012987 5.863577760204127 23
240 0.1 12.803103782735208 0.0 25.44731610337972 1.2987012987012987 6.120545305405759 24
250 0.1 16.363636363636363 0.0 25.44731610337972 1.2987012987012987 6.387847644498937 25
260 0.1 16.74687199230029 0.0 25.44731610337972 1.2987012987012987 6.771531826004223 26
270 0.1 19.942748091603054 0.0 25.44731610337972 1.2987012987012987 7.140988869200374 27
280 0.1 21.80952380952381 0.0 25.44731610337972 1.2987012987012987 7.598194555714755 28
290 0.1 21.60377358490566 0.0 25.44731610337972 1.2987012987012987 8.088240392052999 29
300 0.1 24.548049476688867 0.0 25.44731610337972 1.2987012987012987 8.538758165148089 30
310 0.1 26.97807435653003 0.0 26.97807435653003 1.2987012987012987 9.055186917133273 31
320 0.1 26.596758817921828 0.0 26.97807435653003 1.2987012987012987 9.615277149614423 32
330 0.1 25.607476635514022 0.0 26.97807435653003 1.2987012987012987 10.129867503199497 33
340 0.1 30.76208178438662 0.0 30.76208178438662 1.2987012987012987 10.585091301208749 34
350 0.1 37.488284910965326 0.0 37.488284910965326 1.2987012987012987 11.161576743585261 35
360 0.1 38.31948291782087 0.0 38.31948291782087 1.2987012987012987 11.892874192679152 36
370 0.1 41.16022099447514 0.0 41.16022099447514 1.2987012987012987 12.607106860926226 37
380 0.1 43.8381937911571 0.0 43.8381937911571 1.2987012987012987 13.358504601282776 38
390 0.1 42.973708068902994 0.0 43.8381937911571 1.2987012987012987 14.140035093330836 39
400 0.1 44.08310749774164 0.0 44.08310749774164 1.2987012987012987 14.86087691772014 40
410 0.1 45.48736462093863 0.0 45.48736462093863 1.2987012987012987 15.573614248940174 41
420 0.1 45.004582951420716 0.0 45.48736462093863 1.2987012987012987 16.285846400654425 42
430 0.1 44.43438914027149 0.0 45.48736462093863 1.2987012987012987 16.953723994858294 43
440 0.1 43.09090909090909 0.0 45.48736462093863 1.2987012987012987 17.57828456634496 44
450 0.1 45.594913714804726 0.0 45.594913714804726 1.2987012987012987 18.14523177800194 45
460 0.1 45.807033363390445 0.0 45.807033363390445 1.2987012987012987 18.74196399401939 46
470 0.1 47.392497712717294 0.0 47.392497712717294 1.2987012987012987 19.31781653379324 47
480 0.1 47.9147358665431 0.0 47.9147358665431 1.2987012987012987 19.902705725020827 48
490 0.1 47.69372693726937 0.0 47.9147358665431 1.2987012987012987 20.47437980954169 49
500 0.1 47.465437788018434 0.0 47.9147358665431 1.2987012987012987 21.018766752096244 50
510 0.1 47.201492537313435 0.0 47.9147358665431 1.2987012987012987 21.537328929271187 51
520 0.1 48.25636192271442 0.0 48.25636192271442 1.2987012987012987 22.030870537118155 52
530 0.1 47.950428979980934 0.0 48.25636192271442 1.2987012987012987 22.525691129299215 53
540 0.1 48.421052631578945 0.0 48.421052631578945 1.2987012987012987 22.996519608015543 54
550 0.1 48.21600771456123 0.0 48.421052631578945 1.2987012987012987 23.458783844807606 55
560 0.1 48.54932301740813 0.0 48.54932301740813 1.2987012987012987 23.900877128196065 56
570 0.1 48.5053037608486 0.0 48.54932301740813 1.2987012987012987 24.333306003445397 57
580 0.1 47.23282442748092 0.0 48.54932301740813 1.2987012987012987 24.75006458546959 58
590 0.1 48.38076545632973 0.0 48.54932301740813 1.2987012987012987 25.131128311605377 59
600 0.1 49.103585657370516 0.0 49.103585657370516 1.2987012987012987 25.51862226401745 60
610 0.1 49.45490584737364 0.0 49.45490584737364 1.2987012987012987 25.90526100817078 61
620 0.1 49.16911045943304 0.0 49.45490584737364 1.2987012987012987 26.285093989448242 62
630 0.1 49.4059405940594 0.0 49.45490584737364 1.2987012987012987 26.648332346114668 63
640 0.1 49.308300395256914 0.0 49.45490584737364 1.2987012987012987 27.003919974988804 64
650 0.1 49.3570722057369 0.0 49.45490584737364 1.2987012987012987 27.347064289146775 65
660 0.1 49.152542372881356 0.0 49.45490584737364 1.2987012987012987 27.68054925757996 66
670 0.1 49.45705824284304 0.0 49.45705824284304 1.2987012987012987 28.00102676676356 67
680 0.1 49.306930693069305 0.0 49.45705824284304 1.2987012987012987 28.316556641411786 68
690 0.1 49.45812807881773 0.0 49.45812807881773 1.2987012987012987 28.620764961001026 69
700 0.1 49.209486166007906 0.0 49.45812807881773 1.2987012987012987 28.918441576969837 70
710 0.1 49.31506849315068 0.0 49.45812807881773 1.2987012987012987 29.20423093737882 71
720 0.1 49.411764705882355 0.0 49.45812807881773 1.2987012987012987 29.483548125653428 72
730 0.1 49.404761904761905 0.0 49.45812807881773 1.2987012987012987 29.756537393875746 73
740 0.1 49.25668979187314 0.0 49.45812807881773 1.2987012987012987 30.022053941320152 74
750 0.1 49.20318725099602 0.0 49.45812807881773 1.2987012987012987 30.27851575266086 75
760 0.1 49.14744232698094 0.0 49.45812807881773 1.2987012987012987 30.52752458816527 76
770 0.1 47.674418604651166 0.0 49.45812807881773 1.2987012987012987 30.769341701656383 77
780 0.1 36.79927667269439 0.0 49.45812807881773 1.2987012987012987 30.986073456822986 78
790 0.1 30.661696178937557 0.0 49.45812807881773 1.2987012987012987 31.0596583076568 79
800 0.1 29.803186504217432 0.0 49.45812807881773 1.2987012987012987 31.05468378104781 80
810 0.1 11.251212415130942 0.0 49.45812807881773 1.2987012987012987 31.03923319738324 81
820 0.1 1.4000000000000001 0.0 49.45812807881773 1.2987012987012987 30.797915870770407 82
830 0.1 0.7976071784646062 0.0 49.45812807881773 0.7976071784646062 30.443724113291246 83
840 0.1 0.40040040040040037 0.0 49.45812807881773 0.40040040040040037 30.090794149781406 84
