0 0 0
10 0 0
20 0 0
30 0 0
40 0.1 1
50 0.8 9
60 0.9 18
70 0.9 27
80 1.1 38
90 0.3 41
100 0.9 50
110 2 70
120 1.7 87
130 1.8 105
140 1.6 121
150 1.2 133
160 0.7 140
170 1.4 154
180 2.5 179
190 1.4 193
200 2.1 214
210 2.4 238
220 1.9 257
230 3.4 291
240 3.1 322
250 3.2 354
260 4.3 397
270 5.3 450
280 5.7 507
290 5.6 563
300 7 633
310 6.1 694
320 5.5 749
330 6.1 810
340 4.9 859
350 7.8 937
360 9 1027
370 8.5 1112
380 9.6 1208
390 7.2 1280
400 6.8 1348
410 9.2 1440
420 8.5 1525
430 8.3 1608
440 8.5 1693
450 8.5 1778
460 10 1878
470 9.8 1976
480 14.4 2120
490 12.2 2242
500 14 2382
510 17.9 2561
520 17.4 2735
530 19.4 2929
540 22.8 3157
550 21.7 3374
560 22.5 3599
570 24.9 3848
580 22.8 4076
590 23.7 4313
600 24 4553
610 24.7 4800
620 25.8 5058
630 28.4 5342
640 28.6 5628
650 31.5 5943
660 33.1 6274
670 31.9 6593
680 34.1 6934
690 31.1 7245
700 32.1 7566
710 26.8 7834
720 30.3 8137
730 31.2 8449
740 34.5 8794
750 34.1 9135
760 30.1 9436
770 26.1 9697
780 22.6 9923
790 22.2 10145
800 29.2 10437
810 9.5 10532
820 0.8 10540
830 0.2 10542
840 0.1 10543
842 0 10543
