0 0.1 3496.41015625 0 3496.41015625 3496.41015625 0 0
10 0.1 3505.25 0.0 3505.25 3496.41015625 3496.41015625 1
20 0.1 3504.01953125 0.0 3505.25 3496.41015625 3500.830078125 2
30 0.1 3496.76171875 0.0 3505.25 3496.41015625 3501.8932291666665 3
40 0.1 3491.8046875 0.0 3505.25 3491.8046875 3500.6103515625 4
50 0.1 3482.3515625 0.0 3505.25 3482.3515625 3498.84921875 5
60 0.1 3479.47265625 0.0 3505.25 3479.47265625 3496.099609375 6
70 0.1 3479.60546875 0.0 3505.25 3479.47265625 3493.7243303571427 7
80 0.1 3477.5625 0.0 3505.25 3477.5625 3491.95947265625 8
90 0.1 3475.7578125 0.0 3505.25 3475.7578125 3490.359809027778 9
100 0.1 3460.87109375 0.0 3505.25 3460.87109375 3488.899609375 10
110 0.1 3456.37890625 0.0 3505.25 3456.37890625 3486.3515625 11
120 0.1 3453.26171875 0.0 3505.25 3453.26171875 3483.8538411458335 12
130 0.1 3459.9140625 0.0 3505.25 3453.26171875 3481.5006009615386 13
140 0.1 3460.42578125 0.0 3505.25 3453.26171875 3479.9587053571427 14
150 0.1 3459.22265625 0.0 3505.25 3453.26171875 3478.6565104166666 15
160 0.1 3457.41796875 0.0 3505.25 3453.26171875 3477.44189453125 16
170 0.1 3457.01953125 0.0 3505.25 3453.26171875 3476.2640165441176 17
180 0.1 3453.171875 0.0 3505.25 3453.171875 3475.194878472222 18
190 0.1 3446.39453125 0.0 3505.25 3446.39453125 3474.035773026316 19
200 0.1 3435.4453125 0.0 3505.25 3435.4453125 3472.6537109375 20
210 0.1 3434.546875 0.0 3505.25 3434.546875 3470.881882440476 21
220 0.1 3424.21875 0.0 3505.25 3424.21875 3469.230291193182 22
230 0.1 3410.765625 0.0 3505.25 3410.765625 3467.2732676630435 23
240 0.1 3390.23828125 0.0 3505.25 3390.23828125 3464.9187825520835 24
250 0.1 3379.33203125 0.0 3505.25 3379.33203125 3461.9315625 25
260 0.1 3369.734375 0.0 3505.25 3369.734375 3458.754657451923 26
270 0.1 3342.33203125 0.0 3505.25 3342.33203125 3455.457609953704 27
280 0.1 3344.453125 0.0 3505.25 3342.33203125 3451.417410714286 28
290 0.1 3341.05078125 0.0 3505.25 3341.05078125 3447.7289870689656 29
300 0.1 3332.54296875 0.0 3505.25 3332.54296875 3444.173046875 30
310 0.1 3339.40234375 0.0 3505.25 3332.54296875 3440.5720766129034 31
320 0.1 3335.4921875 0.0 3505.25 3332.54296875 3437.4105224609375 32
330 0.1 3323.73046875 0.0 3505.25 3323.73046875 3434.322088068182 33
340 0.1 3301.796875 0.0 3505.25 3301.796875 3431.069393382353 34
350 0.1 3279.4375 0.0 3505.25 3279.4375 3427.375892857143 35
360 0.1 3273.7578125 0.0 3505.25 3273.7578125 3423.2664930555557 36
370 0.1 3268.84375 0.0 3505.25 3268.84375 3419.2257179054054 37
380 0.1 3238.640625 0.0 3505.25 3238.640625 3415.2682976973683 38
390 0.1 3219.0234375 0.0 3505.25 3219.0234375 3410.7393830128203 39
400 0.1 3184.87890625 0.0 3505.25 3184.87890625 3405.946484375 40
410 0.1 3137.71875 0.0 3505.25 3137.71875 3400.5545922256097 41
420 0.1 3101.0078125 0.0 3505.25 3101.0078125 3394.2965959821427 42
430 0.1 3058.171875 0.0 3505.25 3058.171875 3387.4759265988373 43
440 0.1 3016.6796875 0.0 3505.25 3016.6796875 3379.9917436079545 44
450 0.1 2974.125 0.0 3505.25 2974.125 3371.918142361111 45
460 0.1 2923.43359375 0.0 3505.25 2923.43359375 3363.270465353261 46
470 0.1 2894.45703125 0.0 3505.25 2894.45703125 3353.9122340425533 47
480 0.1 2875.83984375 0.0 3505.25 2875.83984375 3344.3402506510415 48
490 0.1 2859.46875 0.0 3505.25 2859.46875 3334.7790178571427 49
500 0.1 2841.0703125 0.0 3505.25 2841.0703125 3325.2728125 50
510 0.1 2792.69921875 0.0 3505.25 2792.69921875 3315.7786458333335 51
520 0.1 2791.1953125 0.0 3505.25 2791.1953125 3305.719426081731 52
530 0.1 2783.85546875 0.0 3505.25 2783.85546875 3296.0114239386794 53
540 0.1 2780.953125 0.0 3505.25 2780.953125 3286.5270543981483 54
550 0.1 2763.65625 0.0 3505.25 2763.65625 3277.3348011363637 55
560 0.1 2749.01171875 0.0 3505.25 2749.01171875 3268.1619698660716 56
570 0.1 2735.49609375 0.0 3505.25 2735.49609375 3259.054070723684 57
580 0.1 2731.44140625 0.0 3505.25 2731.44140625 3250.027209051724 58
590 0.1 2720.78515625 0.0 3505.25 2720.78515625 3241.237619173729 59
600 0.1 2721.453125 0.0 3505.25 2720.78515625 3232.563411458333 60
610 0.1 2724.2265625 0.0 3505.25 2720.78515625 3224.1845543032787 61
620 0.1 2702.34375 0.0 3505.25 2702.34375 3216.1207157258063 62
630 0.1 2675.16015625 0.0 3505.25 2675.16015625 3207.9655257936506 63
640 0.1 2660.3125 0.0 3505.25 2660.3125 3199.6404418945313 64
650 0.1 2674.37109375 0.0 3505.25 2660.3125 3191.3430889423075 65
660 0.1 2670.83203125 0.0 3505.25 2660.3125 3183.5101799242425 66
670 0.1 2668.6640625 0.0 3505.25 2660.3125 3175.8582672574626 67
680 0.1 2647.96484375 0.0 3505.25 2647.96484375 3168.399528952206 68
690 0.1 2631.50390625 0.0 3505.25 2631.50390625 3160.8569972826085 69
700 0.1 2621.8046875 0.0 3505.25 2621.8046875 3153.294810267857 70
710 0.1 2620.4921875 0.0 3505.25 2620.4921875 3145.809033890845 71
720 0.1 2647.38671875 0.0 3505.25 2620.4921875 3138.5129665798613 72
730 0.1 2698.22265625 0.0 3505.25 2620.4921875 3131.785209760274 73
740 0.1 2744.7578125 0.0 3505.25 2620.4921875 3125.9262563344596 74
750 0.1 2780.19140625 0.0 3505.25 2620.4921875 3120.8440104166666 75
760 0.1 2811.47265625 0.0 3505.25 2620.4921875 3116.3617393092104 76
770 0.1 2830.71875 0.0 3505.25 2620.4921875 3112.4021408279223 77
780 0.1 2858.0234375 0.0 3505.25 2620.4921875 3108.7908153044873 78
790 0.1 2884.0859375 0.0 3505.25 2620.4921875 3105.6165446993673 79
800 0.1 2953.8515625 0.0 3505.25 2620.4921875 3102.8474121093755 80
810 0.1 3096.76953125 0.0 3505.25 2620.4921875 3101.007957175926 81
820 0.1 3167.6640625 0.0 3505.25 2620.4921875 3100.9562690548782 82
830 0.1 3169.0390625 0.0 3505.25 2620.4921875 3101.759977409639 83
840 0.1 3187.3671875 0.0 3505.25 2620.4921875 3102.56091889881 84
