0 0.1 0.0 0 0.0 0.0 0 0
10 0.1 0.0 0.0 0.0 0.0 0.0 1
20 0.1 0.0 0.0 0.0 0.0 0.0 2
30 0.1 0.0 0.0 0.0 0.0 0.0 3
40 0.1 0.0703125 0.0 0.0703125 0.0 0.0 4
50 0.1 0.05859375 0.0 0.0703125 0.0 0.0140625 5
60 0.1 0.05078125 0.0 0.0703125 0.0 0.021484375 6
70 0.1 0.0390625 0.0 0.0703125 0.0 0.025669642857142856 7
80 0.1 0.0390625 0.0 0.0703125 0.0 0.02734375 8
90 0.1 0.03125 0.0 0.0703125 0.0 0.028645833333333332 9
100 0.1 0.01953125 0.0 0.0703125 0.0 0.02890625 10
110 0.1 0.1015625 0.0 0.1015625 0.0 0.028053977272727272 11
120 0.1 0.078125 0.0 0.1015625 0.0 0.0341796875 12
130 0.1 0.0703125 0.0 0.1015625 0.0 0.03756009615384615 13
140 0.1 0.05859375 0.0 0.1015625 0.0 0.03989955357142857 14
150 0.1 0.05078125 0.0 0.1015625 0.0 0.04114583333333333 15
160 0.1 0.0390625 0.0 0.1015625 0.0 0.041748046875 16
170 0.1 0.0390625 0.0 0.1015625 0.0 0.04159007352941176 17
180 0.1 0.03125 0.0 0.1015625 0.0 0.041449652777777776 18
190 0.1 0.01953125 0.0 0.1015625 0.0 0.04091282894736842 19
200 0.1 0.1015625 0.0 0.1015625 0.0 0.03984375 20
210 0.1 0.16015625 0.0 0.16015625 0.0 0.042782738095238096 21
220 0.1 0.12890625 0.0 0.16015625 0.0 0.04811789772727273 22
230 0.1 0.26953125 0.0 0.26953125 0.0 0.051630434782608696 23
240 0.1 0.23046875 0.0 0.26953125 0.0 0.060709635416666664 24
250 0.1 0.19921875 0.0 0.26953125 0.0 0.0675 25
260 0.1 0.25 0.0 0.26953125 0.0 0.07256610576923077 26
270 0.1 0.2109375 0.0 0.26953125 0.0 0.07913773148148148 27
280 0.1 0.171875 0.0 0.26953125 0.0 0.08384486607142858 28
290 0.1 0.30859375 0.0 0.30859375 0.0 0.08688038793103449 29
300 0.1 0.26171875 0.0 0.30859375 0.0 0.09427083333333333 30
310 0.1 0.21875 0.0 0.30859375 0.0 0.09967237903225806 31
320 0.1 0.33984375 0.0 0.33984375 0.0 0.1033935546875 32
330 0.1 0.4296875 0.0 0.4296875 0.0 0.11055871212121213 33
340 0.1 0.44921875 0.0 0.44921875 0.0 0.11994485294117647 34
350 0.1 0.5390625 0.0 0.5390625 0.0 0.12935267857142857 35
360 0.1 0.76171875 0.0 0.76171875 0.0 0.14073350694444445 36
370 0.1 0.71875 0.0 0.76171875 0.0 0.15751689189189189 37
380 0.1 0.76171875 0.0 0.76171875 0.0 0.17228618421052633 38
390 0.1 0.7109375 0.0 0.76171875 0.0 0.18739983974358973 39
400 0.1 0.75 0.0 0.76171875 0.0 0.20048828125 40
410 0.1 0.94140625 0.0 0.94140625 0.0 0.21389100609756098 41
420 0.1 1.03125 0.0 1.03125 0.0 0.23121279761904762 42
430 0.1 0.87109375 0.0 1.03125 0.0 0.24981831395348839 43
440 0.1 0.890625 0.0 1.03125 0.0 0.2639382102272727 44
450 0.1 0.8984375 0.0 1.03125 0.0 0.27786458333333336 45
460 0.1 0.98828125 0.0 1.03125 0.0 0.2913552989130435 46
470 0.1 0.921875 0.0 1.03125 0.0 0.3061835106382979 47
480 0.1 1.01171875 0.0 1.03125 0.0 0.3190104166666667 48
490 0.1 1.08984375 0.0 1.08984375 0.0 0.33314732142857145 49
500 0.1 1.23828125 0.0 1.23828125 0.0 0.34828125 50
510 0.1 1.28125 0.0 1.28125 0.0 0.36573223039215685 51
520 0.1 1.30859375 0.0 1.30859375 0.0 0.38333834134615385 52
530 0.1 1.41015625 0.0 1.41015625 0.0 0.40079599056603776 53
540 0.1 1.421875 0.0 1.421875 0.0 0.4194878472222222 54
550 0.1 1.3515625 0.0 1.421875 0.0 0.43771306818181815 55
560 0.1 1.2890625 0.0 1.421875 0.0 0.4540318080357143 56
570 0.1 1.171875 0.0 1.421875 0.0 0.4686814692982456 57
580 0.1 1.140625 0.0 1.421875 0.0 0.4808054956896552 58
590 0.1 1.19140625 0.0 1.421875 0.0 0.4919888771186441 59
600 0.1 1.16015625 0.0 1.421875 0.0 0.5036458333333333 60
610 0.1 1.140625 0.0 1.421875 0.0 0.5144082991803278 61
620 0.1 1.19140625 0.0 1.421875 0.0 0.5245085685483871 62
630 0.1 1.23828125 0.0 1.421875 0.0 0.535094246031746 63
640 0.1 1.19921875 0.0 1.421875 0.0 0.54608154296875 64
650 0.1 1.328125 0.0 1.421875 0.0 0.5561298076923077 65
660 0.1 1.28125 0.0 1.421875 0.0 0.5678267045454546 66
670 0.1 1.23828125 0.0 1.421875 0.0 0.5784748134328358 67
680 0.1 1.19921875 0.0 1.421875 0.0 0.5881778492647058 68
690 0.1 1.171875 0.0 1.421875 0.0 0.5970335144927537 69
700 0.1 1.140625 0.0 1.421875 0.0 0.6052455357142857 70
710 0.1 1.12109375 0.0 1.421875 0.0 0.6127860915492958 71
720 0.1 1.1015625 0.0 1.421875 0.0 0.6198459201388888 72
730 0.1 1.078125 0.0 1.421875 0.0 0.6264447773972602 73
740 0.1 1.23046875 0.0 1.421875 0.0 0.6325485641891891 74
750 0.1 1.26171875 0.0 1.421875 0.0 0.6405208333333333 75
760 0.1 1.30078125 0.0 1.421875 0.0 0.648694490131579 76
770 0.1 1.328125 0.0 1.421875 0.0 0.6571631493506493 77
780 0.1 1.12890625 0.0 1.421875 0.0 0.6657652243589743 78
790 0.1 1.109375 0.0 1.421875 0.0 0.6716277689873418 79
800 0.1 0.94140625 0.0 1.421875 0.0 0.677099609375 80
810 0.1 0.87109375 0.0 1.421875 0.0 0.6803626543209876 81
820 0.1 0.73828125 0.0 1.421875 0.0 0.682688643292683 82
830 0.1 0.62109375 0.0 1.421875 0.0 0.6833584337349399 83
840 0.1 0.53125 0.0 1.421875 0.0 0.6826171875000001 84
