0 1.2 11.967666666666666 6.426192461758017 31.52 6.701 0 0
10 2 66.56915000000001 133.14466719973242 539.34 6.701 11.967666666666666 12
20 5.8 96.94174137931034 80.0070645687984 539.34 6.52 46.09359375000001 32
30 10.9 51.422990825688075 40.697398414811005 539.34 6.049 78.8624 90
40 13.9 41.24925899280576 31.201382196218574 539.34 6.049 63.832773869346724 199
50 17.8 39.8496404494382 30.985707876572647 539.34 6.049 54.545470414201176 338
60 16.3 34.676975460122726 26.309255260135288 539.34 6.049 49.475978682170535 516
70 19.3 36.46433678756476 40.29765119443226 539.34 6.011 45.92334609720177 679
80 22.2 35.39394594594592 32.2489068777205 539.34 6.011 43.82978096330275 872
90 26.9 36.57433085501857 31.390983787795317 539.34 6.011 42.11793875685557 1094
100 32.2 39.591630434782616 40.239083713660456 539.34 6.011 41.02385913426265 1363
110 32.8 44.85688109756097 49.740463251712995 539.34 6.001 40.75016320474777 1685
120 32.8 34.390579268292704 26.62765313266403 539.34 6.001 41.419315449577745 2013
130 27 32.38040740740744 25.86137131344348 539.34 5.962 40.43451174711662 2341
140 25.6 32.390132812499964 28.729814312038908 539.34 4.984 39.60164764458062 2611
150 28.1 36.845306049822035 34.9339355572039 539.34 4.984 38.95771747471224 2867
160 35.7 38.85164985994401 32.75902755613513 539.34 1.545 38.76915724269377 3148
170 39.8 34.05658040201007 26.136610722848264 539.34 1.465 38.777559486447934 3505
180 39 41.68232051282048 40.46962032042458 539.34 1.465 38.29614783499873 3903
190 42.4 33.729580188679186 27.733949782290104 539.34 1.449 38.60376659678546 4293
200 47.9 43.569540709812095 42.98485065818398 539.34 1.449 38.16563748145007 4717
210 59.4 38.47692087542089 33.03818306863897 539.34 1.449 38.66380331023864 5196
220 62.2 42.45399999999997 38.241316385767895 539.34 1.233 38.64463091537132 5790
230 74.5 38.91957449664429 34.33241181619684 539.34 1.117 39.01416110417966 6412
240 82.9 131.3821423401689 346.6875373363618 2008.314 1.117 39.004315215872566 7157
250 95.4 42.1754098532495 34.852234865173585 2008.314 1.117 48.593749060856496 7986
260 110.9 46.919072137060425 44.418602445650315 2008.314 1.058 47.908839038031324 8940
270 120 62.53302333333304 76.42745445646118 2008.314 1.058 47.79960911533487 10049
280 125.5 46.795323505976064 43.081057018189604 2008.314 1.058 49.37131300560047 11249
290 119.6 49.81355267558524 46.31969268332126 2008.314 1.058 49.11276639475365 12504
300 123.3 50.007793998377984 48.15906182504336 2008.314 1.022 49.17394452554741 13700
310 119.2 51.28858389261747 52.97706082756505 2008.314 1.022 49.24279448201967 14933
320 133.4 73.72515667166414 101.84160181016185 2008.314 1.022 49.3940243100775 16125
330 146.8 79.04892983651203 112.10690727995258 2008.314 1.022 51.25310733718997 17459
340 165.3 115.60741016333945 159.84808444395085 2008.314 0.945 53.408983462778004 18927
350 184.2 148.64815038002126 228.4033210263338 2008.314 0.825 58.40480461613213 20580
360 195.1 167.67588262429516 275.4413909953651 2008.314 0.825 65.81842708054583 22422
370 212.8 174.11854229323362 268.4201226990439 2008.314 0.825 73.97187129200339 24373
380 201.9 332.7602332838034 581.6071559829923 3375.262 0.825 82.01353447039733 26501
390 241.3 450.94305594695487 687.9334810413324 5297.621 0.825 99.76450168302941 28520
400 235.3 805.8960352741177 1286.1503359460462 6471.402 0.825 127.15899466589083 30933
410 232.2 1061.8143596037917 1756.355922360725 11969.866 0.825 175.13917421738867 33286
420 239.2 1483.1062362040147 2322.649065994498 12352.254 0.825 232.95932082678058 35608
430 237.6 1696.3830168350157 2629.7005361415186 14021.139 0.806 311.6527792894738 38000
440 249 1965.7823228915709 3058.170343145595 16440.68 0.794 393.13977761541514 40376
450 273.9 2174.012529755385 3281.8425163448064 16440.68 0.794 484.4914301544351 42866
460 303 2084.743085478549 3194.0920599460496 17099.63 0.784 585.9627225962068 45605
470 322.2 2056.683682805708 3299.3975319113306 17442.557 0.784 679.3379564716771 48635
480 337.9 2069.121214264578 3336.3441825242885 17442.557 0.784 764.9157556164068 51857
490 363 2089.4230619834634 3453.115181285086 18755.211 0.784 844.6990535520316 55236
500 385 2200.830819480524 3557.414505049566 20584.211 0.779 921.4555539190703 58866
510 421.5 2146.5387897983483 3526.704014999413 20584.211 0.779 999.9936426430259 62716
520 425.4 2078.9675662905433 3495.930196627634 26310.674 0.772 1072.1976706010676 66931
530 438.1 2133.8551693677236 3482.053048759883 26310.674 0.772 1132.362018936574 71185
540 501.6 1593.9752059409923 3020.9486079122394 26310.674 0.772 1190.4243947674881 75566
550 474.5 1890.203566280294 3213.330261036933 26310.674 0.772 1215.544283437989 80582
560 490 1903.1973059183674 3397.5067666659756 26310.674 0.772 1253.0618136111666 85327
570 473.5 2048.0717700105633 3485.433303004102 28732.119 0.772 1288.3690266660758 90227
580 515 1965.826576116506 3480.9877338839287 28732.119 0.772 1326.2493629030562 94962
590 542.4 1956.7154118731562 3439.385352179585 28732.119 0.772 1359.1507398413778 100112
600 580 1835.193555172413 3393.450365365736 28732.119 0.772 1389.8624475155398 105536
610 593 1883.971963237771 3400.531065984733 28732.119 0.772 1413.0617758945896 111336
620 573.8 1725.8757093063819 3234.6120404839226 28732.119 0.772 1436.8751353589275 117266
630 631.1 1807.0932528917829 3347.651592422181 28732.119 0.772 1450.3566911889045 123004
640 639.3 1781.3178409197562 3307.32932160401 28732.119 0.772 1467.766616107954 129315
650 636.8 1784.4896135364309 3272.037230234096 28732.119 0.772 1482.5375432472667 135708
660 633.3 1791.238502763308 3354.777419658013 60030.955 0.772 1496.071361651511 142076
670 597.5 1713.949047531384 3306.7069726847462 60030.955 0.772 1508.6669151870851 148409
680 611 1761.1111286415705 3294.0437216043483 60030.955 0.772 1516.6117847380565 154384
690 608.1 1782.701099490219 3319.5328135140144 60030.955 0.772 1525.9198647363771 160494
700 628.4 1793.6149750159102 3310.4923607283404 60030.955 0.772 1535.2939406093358 166575
710 643.2 1774.1557787624376 3343.210213592982 60030.955 0.772 1544.684770014868 172859
720 622.4 1793.4104053663305 3347.4200769581134 60030.955 0.772 1552.9169597414264 179291
730 580.7 1836.701651799549 3355.5873420213456 60030.955 0.772 1560.9854782200905 185515
740 521.9 1948.7937338570628 3479.184939362266 60030.955 0.772 1569.3540078192789 191322
750 414.7 2173.209925006027 3519.4141156668834 60030.955 0.772 1579.4297473860422 196541
760 285.6 2503.5442450980286 3675.303694309719 60030.955 0.772 1591.699571175158 200688
770 224.2 2959.6905976806424 3788.8716938936104 60030.955 0.772 1604.4939959124322 203544
780 176.5 2956.7950804532607 3399.1233169861384 60030.955 0.772 1619.2586095458394 205786
790 166.4 2079.5794891826954 2607.698781245104 60030.955 0.772 1630.6329313807214 207551
800 133.1 362.0861480090155 706.6853736090328 60030.955 0.772 1634.2036460626634 209215
810 27.1 64.62083025830259 74.11021629814049 60030.955 0.772 1626.161753127583 210546
820 2.7 40.00585185185185 53.69127650138729 60030.955 0.772 1624.1544311843927 210817
830 1.1 45.06254545454546 74.70866694076474 60030.955 0.772 1623.9515702462488 210844
840 0.5 18.8938 19.683996620605278 60030.955 0.772 1623.8692018922961 210855
842 0 0 0 60030.955 0.772 1623.8311440481841 210860
