10 0.1 5072 0 5072 5072 0 0
20 0.1 556.0 0.0 5072 556 5072.0 1
30 0.1 834.0 0.0 5072 556 2814.0 2
40 0.1 1396.0 0.0 5072 556 2154.0 3
50 0.1 1742.0 0.0 5072 556 1964.5 4
60 0.1 1967.0 0.0 5072 556 1920.0 5
70 0.1 1882.0 0.0 5072 556 1927.8333333333333 6
80 0.1 2096.0 0.0 5072 556 1921.2857142857142 7
90 0.1 2562.0 0.0 5072 556 1943.125 8
100 0.1 3226.0 0.0 5072 556 2011.888888888889 9
110 0.1 3773.0 0.0 5072 556 2133.3 10
120 0.1 3609.0 0.0 5072 556 2282.3636363636365 11
130 0.1 3334.0 0.0 5072 556 2392.9166666666665 12
140 0.1 2873.0 0.0 5072 556 2465.3076923076924 13
150 0.1 2867.0 0.0 5072 556 2494.4285714285716 14
160 0.1 3331.0 0.0 5072 556 2519.266666666667 15
170 0.1 4157.0 0.0 5072 556 2570.0 16
180 0.1 4362.0 0.0 5072 556 2663.3529411764707 17
190 0.1 4291.0 0.0 5072 556 2757.722222222222 18
200 0.1 4687.0 0.0 5072 556 2838.4210526315787 19
210 0.1 5686.0 0.0 5686 556 2930.8499999999995 20
220 0.1 6530.0 0.0 6530 556 3062.0476190476184 21
230 0.1 7632.0 0.0 7632 556 3219.6818181818176 22
240 0.1 8451.0 0.0 8451 556 3411.521739130434 23
250 0.1 9664.0 0.0 9664 556 3621.4999999999995 24
260 0.1 11170.0 0.0 11170 556 3863.1999999999994 25
270 0.1 12491.0 0.0 12491 556 4144.230769230769 26
280 0.1 13555.0 0.0 13555 556 4453.3703703703695 27
290 0.1 13621.0 0.0 13621 556 4778.428571428571 28
300 0.1 13768.0 0.0 13768 556 5083.344827586206 29
310 0.1 14611.0 0.0 14611 556 5372.833333333332 30
320 0.1 14404.0 0.0 14611 556 5670.838709677419 31
330 0.1 14124.0 0.0 14611 556 5943.749999999999 32
340 0.1 16310.0 0.0 16310 556 6191.636363636363 33
350 0.1 1.88e4 0.0 18800 556 6489.235294117646 34
360 0.1 18717.0 0.0 18800 556 6840.971428571428 35
370 0.1 20020.0 0.0 20020 556 7170.86111111111 36
380 0.1 22056.0 0.0 22056 556 7518.135135135135 37
390 0.1 20887.0 0.0 22056 556 7900.710526315789 38
400 0.1 22363.0 0.0 22363 556 8233.692307692309 39
410 0.1 22482.0 0.0 22482 556 8586.925000000001 40
420 0.1 22223.0 0.0 22482 556 8925.829268292684 41
430 0.1 23439.0 0.0 23439 556 9242.428571428572 42
440 0.1 23005.0 0.0 23439 556 9572.581395348838 43
450 0.1 24182.0 0.0 24182 556 9877.863636363636 44
460 0.1 25983.0 0.0 25983 556 10195.733333333334 45
470 0.1 28335.0 0.0 28335 556 10538.934782608696 46
480 0.1 29213.0 0.0 29213 556 10917.574468085106 47
490 0.1 31581.0 0.0 31581 556 11298.729166666666 48
500 0.1 32942.0 0.0 32942 556 11712.65306122449 49
510 0.1 34258.0 0.0 34258 556 12137.24 50
520 0.1 35678.0 0.0 35678 556 12570.980392156862 51
530 0.1 37373.0 0.0 37373 556 13015.346153846154 52
540 0.1 36573.0 0.0 37373 556 13474.924528301886 53
550 0.1 42172.0 0.0 42172 556 13902.666666666666 54
560 0.1 41475.0 0.0 42172 556 14416.654545454545 55
570 0.1 41572.0 0.0 42172 556 14899.839285714286 56
580 0.1 40288.0 0.0 42172 556 15367.771929824561 57
590 0.1 42870.0 0.0 42870 556 15797.431034482759 58
600 0.1 46158.0 0.0 46158 556 16256.28813559322 59
610 0.1 48890.0 0.0 48890 556 16754.65 60
620 0.1 51256.0 0.0 51256 556 17281.45901639344 61
630 0.1 50198.0 0.0 51256 556 17829.435483870966 62
640 0.1 53067.0 0.0 53067 556 18343.222222222223 63
650 0.1 52438.0 0.0 53067 556 18885.78125 64
660 0.1 52560.0 0.0 53067 556 19401.96923076923 65
670 0.1 51674.0 0.0 53067 556 19904.363636363636 66
680 0.1 51452.0 0.0 53067 556 20378.537313432837 67
690 0.1 50754.0 0.0 53067 556 20835.5 68
700 0.1 50781.0 0.0 53067 556 21269.101449275364 69
710 0.1 52486.0 0.0 53067 556 21690.7 70
720 0.1 53792.0 0.0 53792 556 22124.436619718308 71
730 0.1 49079.0 0.0 53792 556 22564.263888888887 72
740 0.1 45943.0 0.0 53792 556 22927.47945205479 73
750 0.1 37548.0 0.0 53792 556 23238.499999999996 74
760 0.1 27273.0 0.0 53792 556 23429.29333333333 75
770 0.1 20189.0 0.0 53792 556 23479.86842105263 76
780 0.1 15344.0 0.0 53792 556 23437.129870129866 77
790 0.1 12573.0 0.0 53792 556 23333.37179487179 78
800 0.1 12572.0 0.0 53792 556 23197.16455696202 79
810 0.1 5703.0 0.0 53792 556 23064.349999999995 80
820 0.1 645.0 0.0 53792 556 22850.012345679006 81
830 0.1 132.0 0.0 53792 132 22579.219512195115 82
840 0.1 59.0 0.0 53792 59 22308.771084337342 83
