0 1.2 11.967666666666666 6.426192461758017 31.52 6.701 0 0
10 2.3 57.85482608695652 89.90800401504725 403.043 6.701 11.967666666666666 12
20 8.8 63.83229545454546 41.6522083947863 403.043 5.468 42.12208571428572 35
30 17.5 31.968902857142837 28.57965713873604 403.043 5.105 57.65459349593496 123
40 21.4 26.737686915887863 20.826138249179586 403.043 4.954 42.57071476510066 298
50 27.2 26.02703308823527 20.63680125235139 403.043 4.731 35.95300390625 512
60 24.2 23.310429752066124 17.506230122103396 403.043 4.731 32.509299744897945 784
70 27.7 25.35747653429601 29.318822766412268 403.043 4.731 30.339585769980502 1026
80 32.6 24.05441104294482 20.117502057804487 403.043 4.731 29.280457405986176 1303
90 42 23.53580476190476 20.00172994351515 403.043 4.243 28.234606507059546 1629
100 49.8 25.420242971887536 26.08628530087015 403.043 4.243 27.27145534407028 2049
110 50.1 29.337227544910174 35.873819887008814 403.043 4.243 26.90949862583431 2547
120 48.4 23.238334710743803 17.946437703321752 403.043 4.243 27.30854461942257 3048
130 39.3 22.22402544529261 16.619536113267944 403.043 4.243 26.750792185730464 3532
140 36.8 22.46860054347825 18.02151045416764 403.043 4.243 26.297538853503184 3925
150 42.7 24.274667447306786 21.747374555411128 403.043 4.243 25.96931865828092 4293
160 55.5 24.881248648648658 21.679697259683014 403.043 1.545 25.816010169491523 4720
170 60 22.544598333333358 17.323686207242307 403.043 1.465 25.717660853080567 5275
180 57.5 28.226639999999993 30.00908020184616 403.043 1.465 25.39360340425532 5875
190 62.1 22.992252818035396 17.790020189156834 403.043 0.349 25.64616093023256 6450
200 72.3 28.793727524204673 29.100305038714417 403.043 0.349 25.413085419318342 7071
210 89.3 25.56334042553193 21.713184776290916 403.043 0.349 25.72668616884783 7794
220 95 27.732584210526344 26.400885861428453 403.043 0.334 25.709894670196846 8687
230 110.9 26.18225879170426 22.928531613515133 403.043 0.334 25.909288160215837 9637
240 123.4 87.96084764991885 284.122229593861 1970.271 0.318 25.937459054531924 10746
250 144.6 27.78649031811893 23.750707224636002 1970.271 0.318 32.326178714524204 11980
260 168.5 30.817922255192858 31.323252945233953 1970.271 0.318 31.837247579323694 13426
270 183.1 40.96593664664117 58.697898915514344 1970.271 0.314 31.72358447488584 15111
280 187.3 31.26692151628403 31.543745585419042 1970.271 0.314 32.7224480580805 16942
290 180.4 32.95923669623065 33.72922936249789 1970.271 0.314 32.57755296306138 18815
300 182 33.74158516483515 35.59240895139899 1970.271 0.291 32.61094728163344 20619
310 176 34.574598863636375 38.34397358186866 1970.271 0.29 32.70265194527385 22439
320 198 49.60463535353538 75.64560790527732 1970.271 0.29 32.838799165254756 24199
330 221.2 52.377353978300015 88.56605754053797 1970.271 0.285 34.10685201879368 26179
340 254 75.20926141732288 128.19464867392114 1970.271 0.285 35.53034363002357 28391
350 280.8 97.49728454415954 187.1807103511485 1970.271 0.283 38.78870744560471 30931
360 288.4 113.49573647711529 228.88541194205612 1970.271 0.283 43.67485358190816 33739
370 314.3 117.39973401209087 222.17901893986667 1970.271 0.283 49.173131338230064 36623
380 304 222.48261546052606 482.14859755974015 3160.588 0.283 54.565582482522785 39766
390 366.3 297.1951657111663 568.9814071582953 4146.094 0.283 66.49072802878102 42806
400 357.7 538.5136058149291 1051.723167315416 5290.266 0.283 84.67640784178704 46469
410 354.3 723.8412734970376 1408.6041331609129 7225.75 0.283 117.11407832793837 50046
420 360.8 995.0015036031076 1815.2247261373916 8274.182 0.269 157.2274309279891 53589
430 357.4 1154.275600167889 2051.454024527123 10045.149 0.269 210.07441336084094 57197
440 375.4 1350.050832711775 2336.799519106301 11795.788 0.269 265.60377838113664 60771
450 416.2 1409.039274387316 2459.306418642291 12777.494 0.269 328.6958239752043 64525
460 460.3 1407.8160612643908 2404.686667708616 12777.494 0.269 394.15783921266126 68687
470 493.3 1361.8497727549234 2414.161610924284 13245.346 0.269 457.8209419020338 73290
480 505.6 1392.2075567642426 2476.6911593721984 13670.08 0.269 514.8319773084654 78223
490 549.8 1405.8533619498028 2508.9011673808395 15719.965 0.269 568.0988384586763 83279
500 584.3 1479.6793671059486 2573.5777950942434 20584.211 0.269 619.9813572434315 88777
510 634.5 1393.804057998424 2501.1314352016434 20584.211 0.269 673.0696627985645 94620
520 640.2 1385.8931102780405 2525.7537241585846 22485.602 0.269 718.3631777546692 100965
530 660.4 1420.4491371895826 2531.4060555117508 22485.602 0.269 758.166158447197 107367
540 750.5 1046.657831445697 2156.1789700155714 22485.602 0.269 796.5418574549683 113971
550 713.6 1275.777396300457 2373.557088559964 22485.602 0.269 811.9944603131495 121476
560 734.1 1274.4989039640416 2463.546452223971 22485.602 0.269 837.7273237411766 128612
570 701.5 1407.3314826799735 2548.543476721409 28730.448 0.269 861.311504821521 135953
580 769.4 1322.1418454639936 2476.095406562037 28730.448 0.269 888.1030256141252 142968
590 819.2 1290.4466972656255 2462.651345186433 28730.448 0.269 910.2684998539792 150662
600 876.7 1201.1385810425465 2397.9838000187747 28730.448 0.269 929.874048302216 158854
610 896 1240.9135237723272 2431.053345723944 28730.448 0.269 944.061865810371 167621
620 863.8 1162.4991455197962 2330.450667683482 28730.448 0.269 959.1245897463501 176581
630 956.6 1192.0558461216772 2396.87927028439 28730.448 0.269 968.6093046663692 185219
640 965.1 1179.0324942493055 2379.5213956871285 28730.448 0.269 979.5828889544894 194785
650 955.8 1162.6004862942116 2344.993279322053 28730.448 0.269 988.9984915915019 204436
660 948.4 1197.0802921762986 2447.313989965123 60014.407 0.269 996.7523906044111 213994
670 892.1 1149.9690914695668 2426.8859570429095 60014.407 0.269 1005.2539425178334 223478
680 904.8 1189.6329835322638 2412.033206879315 60014.407 0.269 1010.8090604133425 232399
690 901.1 1204.5728751525926 2408.1167055370247 60014.407 0.269 1017.5103193081725 241447
700 944.1 1192.5845999364444 2399.9364851252267 60014.407 0.269 1024.2404724305086 250458
710 977 1160.2724639713388 2411.3903731173414 60014.407 0.269 1030.3556822150153 259899
720 968 1161.1618793388484 2380.2494661759297 60014.407 0.269 1035.062515250178 269669
730 887.5 1176.0405623661964 2399.889268900851 60014.407 0.269 1039.4321097158045 279349
740 791.8 1251.1616489012363 2500.722522834965 60014.407 0.269 1043.638560314201 288224
750 615.7 1443.9484498944323 2595.33508152 60014.407 0.269 1049.1871411147363 296142
760 414.2 1717.053475374212 2781.1238570039905 60014.407 0.269 1057.2273442849637 302299
770 316.1 1995.7500727617835 2922.1590879844666 60014.407 0.269 1066.1458631351557 306441
780 249.7 2066.831390869051 2743.699104316017 60014.407 0.269 1075.6370127615462 309602
790 220.6 1477.4719084315502 2141.926515045583 60014.407 0.269 1083.5672283730491 312099
800 162.4 288.8190880541869 608.6450289779336 60014.407 0.269 1086.3319114808871 314305
810 30.5 57.40065245901635 71.82771360454305 60014.407 0.269 1082.2323801771925 315929
820 3.6 29.95497222222224 48.160064615293344 60014.407 0.269 1081.2439549068104 316234
830 1.4 35.34799999999999 68.73337247758802 60014.407 0.269 1081.1242900528039 316270
840 0.6 15.703666666666665 18.95891318673679 60014.407 0.269 1081.0779997944892 316284
842 0 0 0 60014.407 0.269 1081.0577897151354 316290
