10 0.1 3978 0 3978 3978 0 0
20 0.1 519.0 0.0 3978 519 3978.0 1
30 0.1 385.0 0.0 3978 385 2248.5 2
40 0.1 634.0 0.0 3978 385 1627.3333333333333 3
50 0.1 832.0 0.0 3978 385 1379.0 4
60 0.1 990.0 0.0 3978 385 1269.6 5
70 0.1 984.0 0.0 3978 385 1223.0 6
80 0.1 1167.0 0.0 3978 385 1188.857142857143 7
90 0.1 1382.0 0.0 3978 385 1186.125 8
100 0.1 1735.0 0.0 3978 385 1207.888888888889 9
110 0.1 1994.0 0.0 3978 385 1260.6 10
120 0.1 1862.0 0.0 3978 385 1327.2727272727273 11
130 0.1 1787.0 0.0 3978 385 1371.8333333333333 12
140 0.1 1525.0 0.0 3978 385 1403.7692307692307 13
150 0.1 1558.0 0.0 3978 385 1412.4285714285713 14
160 0.1 1735.0 0.0 3978 385 1422.1333333333334 15
170 0.1 2.1e3 0.0 3978 385 1441.6875 16
180 0.1 2338.0 0.0 3978 385 1480.4117647058824 17
190 0.1 2362.0 0.0 3978 385 1528.0555555555557 18
200 0.1 2477.0 0.0 3978 385 1571.9473684210527 19
210 0.1 2926.0 0.0 3978 385 1617.2 20
220 0.1 3645.0 0.0 3978 385 1679.5238095238096 21
230 0.1 4030.0 0.0 4030 385 1768.8636363636363 22
240 0.1 4591.0 0.0 4591 385 1867.1739130434783 23
250 0.1 5425.0 0.0 5425 385 1980.6666666666667 24
260 0.1 5840.0 0.0 5840 385 2118.44 25
270 0.1 6701.0 0.0 6701 385 2261.576923076923 26
280 0.1 7146.0 0.0 7146 385 2425.9999999999995 27
290 0.1 7327.0 0.0 7327 385 2594.571428571428 28
300 0.1 7409.0 0.0 7409 385 2757.758620689655 29
310 0.1 8196.0 0.0 8196 385 2912.7999999999997 30
320 0.1 8089.0 0.0 8196 385 3083.2258064516122 31
330 0.1 7820.0 0.0 8196 385 3239.6562499999995 32
340 0.1 9072.0 0.0 9072 385 3378.454545454545 33
350 0.1 10913.0 0.0 10913 385 3545.911764705882 34
360 0.1 11662.0 0.0 11662 385 3756.4 35
370 0.1 12995.0 0.0 12995 385 3976.0 36
380 0.1 14486.0 0.0 14486 385 4219.756756756757 37
390 0.1 14085.0 0.0 14486 385 4489.921052631579 38
400 0.1 15291.0 0.0 15291 385 4735.948717948718 39
410 0.1 15384.0 0.0 15384 385 4999.825 40
420 0.1 15379.0 0.0 15384 385 5253.09756097561 41
430 0.1 15698.0 0.0 15698 385 5494.190476190476 42
440 0.1 15432.0 0.0 15698 385 5731.488372093023 43
450 0.1 16411.0 0.0 16411 385 5951.954545454545 44
460 0.1 17569.0 0.0 17569 385 6184.377777777778 45
470 0.1 19277.0 0.0 19277 385 6431.869565217391 46
480 0.1 20031.0 0.0 20031 385 6705.170212765957 47
490 0.1 21779.0 0.0 21779 385 6982.791666666667 48
500 0.1 22783.0 0.0 22783 385 7284.755102040816 49
510 0.1 23752.0 0.0 23752 385 7594.72 50
520 0.1 24855.0 0.0 24855 385 7911.529411764706 51
530 0.1 25701.0 0.0 25701 385 8237.365384615385 52
540 0.1 25860.0 0.0 25860 385 8566.867924528302 53
550 0.1 30293.0 0.0 30293 385 8887.111111111111 54
560 0.1 28792.0 0.0 30293 385 9276.309090909092 55
570 0.1 28934.0 0.0 30293 385 9624.80357142857 56
580 0.1 27860.0 0.0 30293 385 9963.561403508771 57
590 0.1 29684.0 0.0 30293 385 10272.120689655172 58
600 0.1 31766.0 0.0 31766 385 10601.135593220339 59
610 0.1 34117.0 0.0 34117 385 10953.883333333333 60
620 0.1 35811.0 0.0 35811 385 11333.606557377048 61
630 0.1 35502.0 0.0 35811 385 11728.40322580645 62
640 0.1 37468.0 0.0 37468 385 12105.761904761905 63
650 0.1 37208.0 0.0 37468 385 12502.046875 64
660 0.1 37173.0 0.0 37468 385 12882.138461538461 65
670 0.1 36626.0 0.0 37468 385 13250.181818181818 66
680 0.1 36138.0 0.0 37468 385 13599.074626865671 67
690 0.1 35547.0 0.0 37468 385 13930.529411764706 68
700 0.1 35555.0 0.0 37468 385 14243.811594202898 69
710 0.1 37144.0 0.0 37468 385 14548.257142857143 70
720 0.1 38908.0 0.0 38908 385 14866.507042253521 71
730 0.1 36304.0 0.0 38908 385 15200.416666666666 72
740 0.1 33896.0 0.0 38908 385 15489.506849315068 73
750 0.1 27777.0 0.0 38908 385 15738.243243243243 74
760 0.1 20241.0 0.0 38908 385 15898.76 75
770 0.1 14501.0 0.0 38908 385 15955.894736842105 76
780 0.1 11165.0 0.0 38908 385 15937.0 77
790 0.1 8785.0 0.0 38908 385 15875.820512820514 78
800 0.1 8849.0 0.0 38908 385 15786.06329113924 79
810 0.1 4186.0 0.0 38908 385 15699.35 80
820 0.1 467.0 0.0 38908 385 15557.20987654321 81
830 0.1 94.0 0.0 38908 94 15373.182926829268 82
840 0.1 46.0 0.0 38908 46 15189.096385542169 83
