40 0.1 33715.944 0 33715.944 33715.944 0 0
50 0.8 49702.548 4248.326427428395 55225.285 33715.944 33715.944 1
60 0.9 52322.99077777777 8506.857440294203 62418.768 33715.944 47926.25866666667 9
70 0.9 48541.53455555556 7675.5158032350455 62418.768 33715.944 50124.624722222215 18
80 1.1 54093.27427272727 8729.944276800878 71158.351 33715.944 49596.92799999999 27
90 0.3 66007.929 15143.901224586838 77833.401 33715.944 50898.50192105263 38
100 0.9 49454.90366666667 10709.100040117242 77833.401 32944.498 52004.06975609756 41
110 2 45409.7138 7097.10040759868 77833.401 32944.498 51545.21986 50
120 1.7 47373.54711764706 5125.238419207843 77833.401 32944.498 49792.218128571425 70
130 1.8 46296.76088888889 9043.76912285999 77833.401 32944.498 49319.60425287356 87
140 1.6 52840.8313125 9668.612825493025 77833.401 32944.498 48801.40253333334 105
150 1.2 53796.34600000001 10098.007427516668 77833.401 32944.498 49335.541876033065 121
160 0.7 53586.92014285715 12708.777458903616 77833.401 32944.498 49738.02044360903 133
170 1.4 47078.500714285714 7091.280863734355 77833.401 32944.498 49930.46542857143 140
180 2.5 52383.705720000005 12907.824182002556 97141.738 32944.498 49671.19590909091 154
190 1.4 48827.94892857143 7751.080733747229 97141.738 32944.498 50050.03806145252 179
200 2.1 48068.279428571426 7153.763052412694 97141.738 32944.498 49961.3891088083 193
210 2.4 47333.61083333333 6861.223929648447 97141.738 32944.498 49775.61666355141 214
220 1.9 52378.818052631585 14784.550196045791 97141.738 32944.498 49529.36397478992 238
230 3.4 47812.44764705881 10323.137544785159 97141.738 32944.498 49740.024003891056 257
240 3.1 50378.72916129032 9749.394528786903 97141.738 32944.498 49514.80889690723 291
250 3.2 50523.562968750004 8113.993480765485 97141.738 32944.498 49597.9813447205 322
260 4.3 46281.28369767441 5656.781000621653 97141.738 32830.648 49681.649740113 354
270 5.3 51726.10835849058 11442.902030584375 97480.306 32830.648 49313.34812846348 397
280 5.7 47770.06971929823 8786.58655971999 97480.306 32830.648 49597.517666666674 450
290 5.6 49219.64842857143 9063.184603259166 97480.306 32830.648 49392.06493885602 507
300 7 48996.29578571429 8092.602579335851 97480.306 32830.648 49374.915161634104 563
310 6.1 49163.25768852461 9272.493587805007 97480.306 32830.648 49333.045720379145 633
320 5.5 49876.877545454554 10333.964737267816 97480.306 32830.648 49318.12198847263 694
330 6.1 49223.14629508196 7393.9833686485445 97480.306 32830.648 49359.152102803746 749
340 4.9 50079.52320408162 9600.338663351144 97480.306 32830.648 49348.909690123466 810
350 7.8 48721.638384615384 8584.30621891307 97480.306 32830.648 49390.58613038418 859
360 9 50552.17355555555 9670.891991088667 97480.306 32830.648 49334.89997865529 937
370 8.5 51903.225564705885 10419.280643372533 97480.306 32830.648 49441.57439143136 1027
380 9.6 54750.06465625 13384.760021821357 121227.222 32830.648 49629.74017356116 1112
390 7.2 52444.15725000002 9126.291727368876 121227.222 32830.648 50036.65337748345 1208
400 6.8 56110.83244117648 11467.706956317044 121227.222 32830.648 50172.07547031251 1280
410 9.2 56779.410043478245 11456.28267744351 121227.222 32830.648 50471.6566824926 1348
420 8.5 58401.427858823525 10716.918968138612 121227.222 32830.648 50874.65203611112 1440
430 8.3 61956.09160240963 10367.698681044989 121227.222 32830.648 51294.17724590165 1525
440 8.5 68259.96875294113 16554.734144242688 136086.908 32830.648 51844.51237748757 1608
450 8.5 70871.78022352936 16208.638411637063 136086.908 32830.648 52668.67882279977 1693
460 10 76382.16372000001 15871.219751289153 136086.908 32830.648 53538.90583014623 1778
470 9.8 81023.5485510204 21514.503140605604 136086.908 32830.648 54755.26674014909 1878
480 14.4 79751.19332638888 22009.64795833778 141645.442 32830.648 56058.04589878542 1976
490 12.2 80223.31777868854 23499.204894165458 141787.065 32830.648 57667.39176179245 2120
500 14 85674.94995714279 25909.193320573093 164075.519 32830.648 58894.78827118644 2242
510 17.9 84511.96809497205 25654.527516651047 164075.519 32830.648 60468.76922670024 2382
520 17.4 86783.51956896558 29557.37921898619 166551.333 32830.648 62149.25833151112 2561
530 19.4 90020.59199484534 28597.430446041737 166551.333 32830.648 63716.483726508224 2735
540 22.8 88503.68021052636 28368.324673243 166551.333 32830.648 65458.71554762717 2929
550 21.7 93755.03233640546 29534.016757329355 170574.144 32830.648 67123.0335530567 3157
560 22.5 88016.28773333335 28982.143050525432 170574.144 32830.648 68835.8799478364 3374
570 24.9 82141.51829718873 27861.972666326667 170574.144 32830.648 70034.98852014448 3599
580 22.8 89207.96848245627 29421.5536204617 195127.234 32830.648 70818.38922557172 3848
590 23.7 87449.07909704649 29921.142662472306 195127.234 32830.648 71847.05067566242 4076
600 24 88442.77894166671 29340.914304962145 195127.234 32830.648 72704.38448875493 4313
610 24.7 85834.2674453442 29415.41360005947 195127.234 32830.648 73533.99456314518 4553
620 25.8 79827.54346899221 29976.8211985785 195127.234 32830.648 74166.94610520835 4800
630 28.4 82000.55187323956 29433.602540937096 195127.234 32830.648 74455.6835745354 5058
640 28.6 89272.29580069924 31159.535295817906 195127.234 32830.648 74856.79600374395 5342
650 31.5 84842.19992698416 28352.096054572896 195127.234 32830.648 75589.35338503911 5628
660 33.1 86143.9536978852 29803.16711910402 195127.234 32830.648 76079.78694733302 5943
670 31.9 86805.9240376176 30105.842620194813 195127.234 32830.648 76610.74633439594 6274
680 34.1 85019.33837829909 28770.15397484626 195127.234 32830.648 77104.03644319734 6593
690 31.1 84626.4918102894 30366.609395094896 195127.234 32830.648 77493.29487409865 6934
700 32.1 87290.85028037385 30487.647545191106 195127.234 32830.648 77799.49559834368 7245
710 26.8 86052.56647761202 29850.84536326058 195127.234 32830.648 78202.18193893736 7566
720 30.3 86815.15766006596 31343.890592039897 195127.234 32830.648 78470.74245162115 7834
730 31.2 84594.15719551285 30003.897888065145 195127.234 32830.648 78781.46603625416 8137
740 34.5 81613.46920579711 28769.796865117758 195127.234 32830.648 78996.11388116937 8449
750 34.1 82311.48698826983 29740.48200081641 195127.234 32830.648 79098.79611758018 8794
760 30.1 81633.6839933555 28255.500158860224 195127.234 32830.648 79218.72250914067 9135
770 26.1 91620.34072030654 25859.61185966801 195127.234 32830.648 79295.75763066977 9436
780 22.6 100348.58737610621 21807.99176094788 195127.234 32830.648 79627.48045075797 9697
790 22.2 109287.30009009011 19467.083621380363 195127.234 32830.648 80099.41133508012 9923
800 29.2 108196.86144520546 15342.330870161637 195127.234 32830.648 80738.12117279448 10145
810 9.5 106798.16840000001 11238.112631637397 195127.234 32830.648 81506.34500718597 10437
820 0.8 114613.037875 9407.784212286886 195127.234 32830.648 81734.48052012913 10532
830 0.2 139528.8825 3129.849500000004 195127.234 32830.648 81759.43578187856 10540
840 0.1 137663.11 0.0 195127.234 32830.648 81770.39564655663 10542
842 0 0 0 195127.234 32830.648 81775.69705169307 10543
