0 119.4859375 119.4859375
10 199.3359375 318.821875
20 560.00546875 878.82734375
30 1102.5 1981.32734375
40 1266.94140625 3248.26875
50 1551.3828125 4799.6515625
60 1321.03671875 6120.68828125
70 1696.7109375 7817.39921875
80 1902.796875 9720.19609375
90 2474.17109375 12194.3671875
100 2868.30078125 15062.66796875
110 2725.8609375 17788.52890625
120 2663.6421875 20452.17109375
130 2161.16328125 22613.334375
140 2166.08046875 24779.41484375
150 2478.571875 27257.98671875
160 3199.25703125 30457.24375
170 3377.09140625 33834.33515625
180 3233.5140625 37067.84921875
190 3522.0328125 40589.88203125
200 4208.80703125 44798.6890625
210 5039.1046875 49837.79375
220 5391.378125 55229.171875
230 6225.46484375 61454.63671875
240 6382.0953125 67836.73203125
250 8053.4 75890.13203125
260 9241.79453125 85131.9265625
270 9418.75078125 94550.67734375
280 9961.78203125 104512.459375
290 9281.09921875 113793.55859375
300 9489.92734375 123283.4859375
310 9498.5890625 132782.075
320 9912.89140625 142694.96640625
330 10680.478125 153375.44453125
340 11007.76328125 164383.2078125
350 11068.07578125 175451.28359375
360 11314.28359375 186765.5671875
370 12043.8453125 198809.4125
380 10469.41015625 209278.82265625
390 11363.3546875 220642.17734375
400 11493.07421875 232135.2515625
410 11281.409375 243416.6609375
420 12118.0328125 255534.69375
430 12287.38984375 267822.08359375
440 12651.9890625 280474.07265625
450 13171.92578125 293645.9984375
460 13933.94453125 307579.94296875
470 14235.28828125 321815.23125
480 14425.24453125 336240.47578125
490 15855.0046875 352095.48046875
500 15972.28203125 368067.7625
510 16598.62265625 384666.38515625
520 16854.2953125 401520.68046875
530 17015.32109375 418536.0015625
540 16774.79140625 435310.79296875
550 18947.80625 454258.59921875
560 19266.04453125 473524.64375
570 18694.10390625 492218.74765625
580 19270.784375 511489.53203125
590 20255.5 531745.03203125
600 21705.76796875 553450.8
610 22228.6046875 575679.4046875
620 20507.54375 596186.9484375
630 22699.71484375 618886.66328125
640 22117.21171875 641003.875
650 22775.453125 663779.328125
660 22520.52109375 686299.84921875
670 21635.35703125 707935.20625
680 22053.72421875 729988.93046875
690 22289.81640625 752278.746875
700 22829.85703125 775108.60390625
710 22521.303125 797629.90703125
720 20471.59296875 818101.5
730 17868.81640625 835970.31640625
740 16022.4734375 851992.78984375
750 12551.8953125 864544.68515625
760 8661.59921875 873206.284375
770 7603.70234375 880809.98671875
780 6665.103125 887475.08984375
790 6204.1296875 893679.21953125
800 5513.40390625 899192.6234375
810 1089.39296875 900282.01640625
820 123.58359375 900405.6
830 42.4375 900448.0375
840 6.4671875 900454.5046875
842 0 900454.5046875
