0 2.328125 2.328125
10 9.50390625 11.83203125
20 52.21171875 64.04375
30 105.40625 169.45
40 131.49296875 300.94296875
50 170.61875 471.56171875
60 148.825 620.38671875
70 160.41015625 780.796875
80 198.88671875 979.68359375
90 256.3625 1236.04609375
100 306.6671875 1542.71328125
110 318.6515625 1861.36484375
120 297.1328125 2158.49765625
130 241.66328125 2400.1609375
140 221.95078125 2622.11171875
150 264.3515625 2886.46328125
160 337.3828125 3223.84609375
170 366.59375 3590.43984375
180 354.92890625 3945.36875
190 369.80390625 4315.17265625
200 445.11484375 4760.2875
210 542.85703125 5303.14453125
220 567.6390625 5870.78359375
230 668.940625 6539.72421875
240 715.25859375 7254.9828125
250 876.18828125 8131.17109375
260 1009.05078125 9140.221875
270 1104.12421875 10244.34609375
280 1105.52109375 11349.8671875
290 1094.64296875 12444.51015625
300 1067.82734375 13512.3375
310 1032.70546875 14545.04296875
320 1154.76796875 15699.8109375
330 1252.7296875 16952.540625
340 1400.73359375 18353.27421875
350 1499.98359375 19853.2578125
360 1483.31484375 21336.57265625
370 1585.8953125 22922.46796875
380 1550.3296875 24472.79765625
390 1761.4671875 26234.26484375
400 1757.7203125 27991.98515625
410 1780.7453125 29772.73046875
420 1770.58046875 31543.3109375
430 1769.33828125 33312.64921875
440 1837.28203125 35149.93125
450 2017.27265625 37167.20390625
460 2156.32109375 39323.525
470 2338.7265625 41662.2515625
480 2333.290625 43995.5421875
490 2533.40859375 46528.95078125
500 2676.0484375 49204.99921875
510 2874.85625 52079.85546875
520 2888.840625 54968.69609375
530 2974.7640625 57943.46015625
540 3331.86328125 61275.3234375
550 3126.12578125 64401.44921875
560 3235.4671875 67636.91640625
570 3239.01015625 70875.9265625
580 3483.24921875 74359.17578125
590 3593.66484375 77952.840625
600 3840.1875 81793.028125
610 3853.140625 85646.16875
620 3857.4390625 89503.6078125
630 4179.95 93683.5578125
640 4236.14921875 97919.70703125
650 4126.2078125 102045.91484375
660 4123.175 106169.08984375
670 3908.6 110077.68984375
680 3976.53359375 114054.2234375
690 4010.08984375 118064.31328125
700 4137.509375 122201.82265625
710 4226.1953125 126428.01796875
720 4258.10703125 130686.125
730 3818.91171875 134505.03671875
740 3406.30234375 137911.3390625
750 2699.2 140610.5390625
760 1911.321875 142521.8609375
770 1491.47890625 144013.33984375
780 1187.6953125 145201.03515625
790 1053.03125 146254.06640625
800 874.8375 147128.90390625
810 199.5625 147328.46640625
820 21.62734375 147350.09375
830 6.94453125 147357.03828125
840 2.9765625 147360.01484375
842 0 147360.01484375
