0 1.1 11
10 1 21
20 0.9 30
30 0.7 37
40 0.5 42
50 0.6 48
60 1.3 61
70 2.3 84
80 2 104
90 1.9 123
100 1.6 139
110 0 139
120 1.7 156
130 1.8 174
140 2.2 196
150 1.9 215
160 2.1 236
170 2.2 258
180 2.2 280
190 4.1 321
200 3.6 357
210 4.5 402
220 4.7 449
230 5 499
240 6.6 565
250 6 625
260 6.5 690
270 5.4 744
280 7.9 823
290 3.6 859
300 9.5 954
310 9.5 1049
320 8.8 1137
330 10.6 1243
340 8.6 1329
350 10.7 1436
360 15.9 1595
370 17.1 1766
380 15.9 1925
390 16.7 2092
400 16.6 2258
410 14.6 2404
420 17.9 2583
430 20.9 2792
440 20.6 2998
450 17.6 3174
460 20.6 3380
470 18.6 3566
480 24.7 3813
490 24.2 4055
500 21.2 4267
510 23.1 4498
520 24 4738
530 23.6 4974
540 27 5244
550 30.2 5546
560 31.4 5860
570 30 6160
580 31.6 6476
590 28.4 6760
600 31.1 7071
610 34 7411
620 30.4 7715
630 31.2 8027
640 25.6 8283
650 27.7 8560
660 31.7 8877
670 35.4 9231
680 33.5 9566
690 37.2 9938
700 31.2 10250
710 27.5 10525
720 1.8 10543
730 0 10543
740 0 10543
750 0 10543
760 0 10543
770 0 10543
780 0 10543
790 0 10543
800 0 10543
810 0 10543
820 0 10543
830 0 10543
840 0 10543
842 0 10543
