0 11 11
10 21 21
20 30 30
30 37 37
40 41 41
50 39 46
60 43 46
70 57 58
80 66 70
90 82 82
100 89 91
110 69 91
120 69 91
130 69 91
140 75 91
150 82 91
160 96 99
170 104 106
180 101 106
190 128 128
200 143 144
210 164 167
220 192 194
230 208 211
240 243 244
250 271 271
260 293 294
270 294 299
280 316 316
290 296 319
300 321 322
310 355 356
320 388 392
330 433 433
340 470 472
350 499 501
360 568 569
370 654 655
380 717 718
390 812 812
400 910 910
410 964 967
420 1058 1058
430 1184 1186
440 1305 1305
450 1396 1396
460 1502 1502
470 1590 1591
480 1693 1693
490 1813 1815
500 1885 1889
510 1937 1943
520 2003 2003
530 2045 2053
540 2087 2087
550 2172 2173
560 2261 2261
570 2312 2316
580 2400 2400
590 2447 2449
600 2518 2518
610 2611 2622
620 2657 2668
630 2685 2697
640 2655 2701
650 2617 2701
660 2603 2701
670 2638 2701
680 2632 2701
690 2693 2701
700 2684 2703
710 2691 2725
720 2406 2725
730 2094 2725
740 1749 2725
750 1408 2725
760 1107 2725
770 846 2725
780 620 2725
790 398 2725
800 106 2725
810 11 2725
820 3 2725
830 1 2725
840 0 2725
842 0 2725
