0 1.9 19
10 3.9 58
20 6.8 126
30 8.2 208
40 10.3 311
50 10.2 413
60 12.1 534
70 13.2 666
80 15.4 820
90 18.2 1002
100 18.4 1186
110 21.4 1400
120 23 1630
130 26.1 1891
140 26.5 2156
150 27.3 2429
160 26 2689
170 27.5 2964
180 28.4 3248
190 28.7 3535
200 32.8 3863
210 36.7 4230
220 41.7 4647
230 44.9 5096
240 51 5606
250 56.9 6175
260 61.4 6789
270 69.7 7486
280 78.8 8274
290 84.5 9119
300 86.3 9982
310 92.9 10911
320 89.1 11802
330 87.9 12681
340 95.2 13633
350 93.9 14572
360 93 15502
370 95.1 16453
380 93.8 17391
390 89.9 18290
400 88.7 19177
410 94.2 20119
420 95.4 21073
430 88.7 21960
440 89.4 22854
450 89.8 23752
