0 0.2 2
10 3.3 35
20 7.4 109
30 10 209
40 10.8 317
50 11.4 431
60 12.5 556
70 14.8 704
80 17.1 875
90 19.2 1067
100 19.9 1266
110 24.3 1509
120 26.7 1776
130 29.9 2075
140 30.1 2376
150 30 2676
160 30.1 2977
170 31.2 3289
180 30.1 3590
190 32.5 3915
200 34.9 4264
210 39.7 4661
220 45.8 5119
230 51.5 5634
240 56 6194
250 59.4 6788
260 67.9 7467
270 76.5 8232
280 89.4 9126
290 96.1 10087
300 96.4 11051
310 98.5 12036
320 97.4 13010
330 96.8 13978
340 105.9 15037
350 103.4 16071
360 99.5 17066
370 98.5 18051
380 82.1 18872
390 79.6 19668
400 81.7 20485
410 80.3 21288
420 76.7 22055
430 66.8 22723
440 57.9 23302
450 53.9 23841
