0 0.9 3.893444444444444 6.536339752340348 22.371 1.305 0 0
10 0.9 2.267555555555555 1.6241572933617754 22.371 1.305 3.893444444444444 9
20 0.9 1.3627777777777776 0.15203638291012797 22.371 1.062 3.0804999999999993 18
30 0.6 1.487 0.19686204983862857 22.371 1.062 2.5079259259259254 27
40 0.8 1.5491249999999999 0.48346882978636796 22.371 1.062 2.3223030303030296 33
50 1.2 2.0780833333333333 2.202826080982236 22.371 1.062 2.1714390243902435 41
60 1.3 4.73676923076923 8.215902536252916 31.679 1.062 2.1503018867924526 53
70 1.4 1.4562142857142857 0.22402301494375482 31.679 1.062 2.6597575757575753 66
80 1.2 1.697916666666667 0.9486755204260071 31.679 1.062 2.4491375 80
90 2.4 1.6035000000000001 1.2130324604065632 31.679 0.82 2.3511521739130434 92
100 1.9 1.3868947368421054 0.3187092214967054 31.679 0.803 2.1964655172413794 116
110 1.1 2.0740909090909088 2.436550223520036 31.679 0.803 2.082525925925926 135
120 2 1.69645 1.510146465578753 31.679 0.803 2.0818904109589043 146
130 2 1.26415 0.32909957079886926 31.679 0.78 2.0354518072289154 166
140 2.4 1.2217083333333332 0.23960618369292747 31.679 0.765 1.9525161290322577 186
150 2.3 1.7237391304347827 1.0516949970070593 31.679 0.765 1.8689952380952377 210
160 1.5 2.1121999999999996 1.858293238431438 31.679 0.765 1.8546566523605148 233
170 1.8 1.335722222222222 0.39337906592264527 31.679 0.765 1.8702338709677417 248
180 3.2 1.59675 1.4506902882765844 31.679 0.741 1.8340639097744358 266
190 2.8 1.2756785714285714 0.2916654215230953 31.679 0.741 1.8085805369127512 298
200 3.4 1.2113823529411765 0.24296271981107118 31.679 0.741 1.76280981595092 326
210 3.7 1.371756756756757 0.3386277079869697 31.679 0.741 1.7107305555555554 360
220 3.9 1.4526410256410254 0.610715154014159 31.679 0.741 1.679138539042821 397
230 3.3 1.2724848484848483 0.31263243217750053 31.679 0.726 1.6588784403669723 436
240 5.8 1.6001896551724135 1.0594521104683041 31.679 0.726 1.631690831556503 469
250 6.3 1.2526984126984124 0.3834073897376222 31.679 0.726 1.6282239089184058 527
260 6.3 1.480126984126984 1.4830612430178665 31.679 0.716 1.5881254237288132 590
270 6.5 1.6536769230769226 1.855074504891441 31.679 0.716 1.5777059724349154 653
280 5.7 1.493929824561403 1.1463365731472832 31.679 0.716 1.5845835654596097 718
290 6.5 1.4931230769230766 1.0983121947605623 31.679 0.716 1.5779161290322579 775
300 9.2 1.971586956521739 3.2898465774725922 31.679 0.716 1.5713547619047614 840
310 10.6 1.4438962264150945 0.8831365407502975 31.679 0.684 1.6108626609442056 932
320 8.3 1.7911566265060235 2.2262774834461814 31.679 0.684 1.5938121387283235 1038
330 8.7 1.2463103448275863 0.5093728691028234 31.679 0.681 1.608423728813559 1121
340 9.9 1.3144141414141413 0.6211229486790663 31.679 0.681 1.582344370860927 1208
350 9.3 1.1785698924731176 0.29963588648538225 31.679 0.681 1.5620497322111706 1307
360 13.6 2.2445073529411754 4.339144150155453 38.423 0.676 1.5365757142857142 1400
370 17.2 1.2727093023255807 1.1405664378789129 38.423 0.669 1.5992571614583329 1536
380 30.6 1.2279084967320266 1.0279650044873518 38.423 0.648 1.5663729508196718 1708
390 54.1 1.3880868761552683 1.5006904245407697 38.423 0.565 1.514947864945382 2014
400 99.5 1.878886432160803 2.5764350026307175 38.423 0.404 1.4880861056751467 2555
410 151.6 2.297641160949859 2.9542550522002817 38.423 0.401 1.5976202816901406 3550
420 191.8 3.2337106360792456 3.729007592486109 38.423 0.401 1.8071014607185127 5066
430 219.1 3.1492199908717504 3.9364312311987977 38.423 0.401 2.198887886597935 6984
440 239.8 2.8695033361134366 3.4425906587166955 38.423 0.401 2.425828228882832 9175
450 229.4 2.9306748038360895 3.5127919002343537 38.423 0.401 2.517760563380282 11573
