0 0.1 4.663623143490595 0 4.663623143490595 4.663623143490595 0 0
10 0.1 0.6993006993006993 0.0 4.663623143490595 0.6993006993006993 4.663623143490595 1
20 0.1 0.802407221664995 0.0 4.663623143490595 0.6993006993006993 2.681461921395647 2
30 0.1 1.3013013013013013 0.0 4.663623143490595 0.6993006993006993 2.0551103548187633 3
40 0.1 3.5070140280561124 0.0 4.663623143490595 0.6993006993006993 1.8666580914393975 4
50 0.1 1.402805611222445 0.0 4.663623143490595 0.6993006993006993 2.1947292787627406 5
60 0.1 1.8036072144288577 0.0 4.663623143490595 0.6993006993006993 2.0627420008393575 6
70 0.1 1.9019019019019021 0.0 4.663623143490595 0.6993006993006993 2.0257227456378577 7
80 0.1 1.4141414141414141 0.0 4.663623143490595 0.6993006993006993 2.010245140170863 8
90 0.1 3.9235412474849096 0.0 4.663623143490595 0.6993006993006993 1.944011392834258 9
100 0.1 1.9153225806451613 0.0 4.663623143490595 0.6993006993006993 2.141964378299323 10
110 0.1 2.320887991927346 0.0 4.663623143490595 0.6993006993006993 2.121360578512581 11
120 0.1 2.613065326633166 0.0 4.663623143490595 0.6993006993006993 2.137987862963812 12
130 0.1 3.7848605577689245 0.0 4.663623143490595 0.6993006993006993 2.17453228324607 13
140 0.1 5.331991951710262 0.0 5.331991951710262 0.6993006993006993 2.2895557314262738 14
150 0.1 3.229061553985873 0.0 5.331991951710262 0.6993006993006993 2.49238481277854 15
160 0.1 2.8426395939086295 0.0 5.331991951710262 0.6993006993006993 2.5384271091039983 16
170 0.1 3.3299697275479314 0.0 5.331991951710262 0.6993006993006993 2.5563219611513297 17
180 0.1 3.0364372469635628 0.0 5.331991951710262 0.6993006993006993 2.5993023926178074 18
190 0.1 3.927492447129909 0.0 5.331991951710262 0.6993006993006993 2.6223094902149526 19
200 0.1 3.535353535353535 0.0 5.331991951710262 0.6993006993006993 2.6875686380607005 20
210 0.1 3.640040444893832 0.0 5.331991951710262 0.6993006993006993 2.7279393474555973 21
220 0.1 4.0650406504065035 0.0 5.331991951710262 0.6993006993006993 2.7693984882482443 22
230 0.1 4.771573604060913 0.0 5.331991951710262 0.6993006993006993 2.8257307561681686 23
240 0.1 5.4989816700611 0.0 5.4989816700611 0.6993006993006993 2.906807541497033 24
250 0.1 6.445115810674723 0.0 6.445115810674723 0.6993006993006993 3.010494506639596 25
260 0.1 7.358870967741936 0.0 7.358870967741936 0.6993006993006993 3.142595326025562 26
270 0.1 9.100204498977506 0.0 9.100204498977506 0.6993006993006993 3.2987536831261686 27
280 0.1 14.43089430894309 0.0 14.43089430894309 0.6993006993006993 3.5059483551208594 28
290 0.1 11.83673469387755 0.0 14.43089430894309 0.6993006993006993 3.8826706293905917 29
300 0.1 11.201629327902241 0.0 14.43089430894309 0.6993006993006993 4.147806098206823 30
310 0.1 11.503531786074673 0.0 14.43089430894309 0.6993006993006993 4.375348783035708 31
320 0.1 10.847107438016529 0.0 14.43089430894309 0.6993006993006993 4.598104501880675 32
330 0.1 10.813594232749743 0.0 14.43089430894309 0.6993006993006993 4.787468227218126 33
340 0.1 11.008230452674898 0.0 14.43089430894309 0.6993006993006993 4.964707227380821 34
350 0.1 11.34020618556701 0.0 14.43089430894309 0.6993006993006993 5.137379319532079 35
360 0.1 12.09016393442623 0.0 14.43089430894309 0.6993006993006993 5.309680065810827 36
370 0.1 12.07920792079208 0.0 14.43089430894309 0.6993006993006993 5.4929363865842165 37
380 0.1 13.891726251276811 0.0 14.43089430894309 0.6993006993006993 5.666259321694949 38
390 0.1 21.334681496461073 0.0 21.334681496461073 0.6993006993006993 5.877168730145766 39
400 0.1 31.604696673189824 0.0 31.604696673189824 0.6993006993006993 6.263606549303648 40
410 0.1 39.79206049149339 0.0 39.79206049149339 0.6993006993006993 6.881681918178921 41
420 0.1 43.11490978157645 0.0 43.11490978157645 0.6993006993006993 7.6652623604006935 42
430 0.1 44.41340782122905 0.0 44.41340782122905 0.6993006993006993 8.489672765544316 43
440 0.1 45.80223880597015 0.0 45.80223880597015 0.6993006993006993 9.30612128953715 44
450 0.1 45.182413470533206 0.0 45.80223880597015 0.6993006993006993 10.117146123235662 45
