0 0 0
10 0 0
20 0 0
30 0.1 1
40 0.9 10
50 0.5 15
60 0.8 23
70 0.4 27
80 0.9 36
90 0.8 44
100 1 54
110 1.8 72
120 0.7 79
130 2 99
140 1.7 116
150 2 136
160 2 156
170 1.1 167
180 2.3 190
190 1.6 206
200 2.4 230
210 1.8 248
220 2 268
230 2.7 295
240 3 325
250 2.9 354
260 4.3 397
270 2.9 426
280 4.5 471
290 4.7 518
300 4.7 565
310 6.4 629
320 5.4 683
330 4.4 727
340 3.4 761
350 4.5 806
360 4.4 850
370 3.1 881
380 4.6 927
390 6.5 992
400 6.6 1058
410 5.8 1116
420 7.1 1187
430 13.5 1322
440 18.7 1509
450 21.6 1725
