0 0.1 3514.3671875 0 3514.3671875 3514.3671875 0 0
10 0.1 3515.46875 0.0 3515.46875 3514.3671875 3514.3671875 1
20 0.1 3511.96875 0.0 3515.46875 3511.96875 3514.91796875 2
30 0.1 3507.25390625 0.0 3515.46875 3507.25390625 3513.9348958333335 3
40 0.1 3502.15234375 0.0 3515.46875 3502.15234375 3512.2646484375 4
50 0.1 3498.87109375 0.0 3515.46875 3498.87109375 3510.2421875 5
60 0.1 3499.01953125 0.0 3515.46875 3498.87109375 3508.3470052083335 6
70 0.1 3493.21875 0.0 3515.46875 3493.21875 3507.0145089285716 7
80 0.1 3490.19140625 0.0 3515.46875 3490.19140625 3505.2900390625 8
90 0.1 3488.33203125 0.0 3515.46875 3488.33203125 3503.6124131944443 9
100 0.1 3488.58984375 0.0 3515.46875 3488.33203125 3502.084375 10
110 0.1 3476.23828125 0.0 3515.46875 3476.23828125 3500.857599431818 11
120 0.1 3476.734375 0.0 3515.46875 3476.23828125 3498.8059895833335 12
130 0.1 3474.64453125 0.0 3515.46875 3474.64453125 3497.108173076923 13
140 0.1 3472.5078125 0.0 3515.46875 3472.5078125 3495.5036272321427 14
150 0.1 3472.0234375 0.0 3515.46875 3472.0234375 3493.9705729166667 15
160 0.1 3471.421875 0.0 3515.46875 3471.421875 3492.598876953125 16
170 0.1 3470.91796875 0.0 3515.46875 3470.91796875 3491.3531709558824 17
180 0.1 3471.06640625 0.0 3515.46875 3470.91796875 3490.2178819444443 18
190 0.1 3471.32421875 0.0 3515.46875 3470.91796875 3489.2099095394738 19
200 0.1 3469.875 0.0 3515.46875 3469.875 3488.315625 20
210 0.1 3471.67578125 0.0 3515.46875 3469.875 3487.4375 21
220 0.1 3461.01171875 0.0 3515.46875 3461.01171875 3486.7210582386365 22
230 0.1 3453.69921875 0.0 3515.46875 3453.69921875 3485.603260869565 23
240 0.1 3451.421875 0.0 3515.46875 3451.421875 3484.27392578125 24
250 0.1 3436.8125 0.0 3515.46875 3436.8125 3482.95984375 25
260 0.1 3431.87890625 0.0 3515.46875 3431.87890625 3481.1849459134614 26
270 0.1 3418.65234375 0.0 3515.46875 3418.65234375 3479.358796296296 27
280 0.1 3402.54296875 0.0 3515.46875 3402.54296875 3477.1907087053573 28
290 0.1 3394.4140625 0.0 3515.46875 3394.4140625 3474.6166487068967 29
300 0.1 3381.90234375 0.0 3515.46875 3381.90234375 3471.9432291666667 30
310 0.1 3365.3203125 0.0 3515.46875 3365.3203125 3469.0386844758063 31
320 0.1 3360.7109375 0.0 3515.46875 3360.7109375 3465.7974853515625 32
330 0.1 3330.86328125 0.0 3515.46875 3330.86328125 3462.613044507576 33
340 0.1 3332.10546875 0.0 3515.46875 3330.86328125 3458.7380514705883 34
350 0.1 3300.22265625 0.0 3515.46875 3300.22265625 3455.1199776785716 35
360 0.1 3296.35546875 0.0 3515.46875 3296.35546875 3450.8172743055557 36
370 0.1 3243.7265625 0.0 3515.46875 3243.7265625 3446.642630912162 37
380 0.1 3233.359375 0.0 3515.46875 3233.359375 3441.302734375 38
390 0.1 3186.1875 0.0 3515.46875 3186.1875 3435.9708533653848 39
400 0.1 3159.765625 0.0 3515.46875 3159.765625 3429.72626953125 40
410 0.1 3147.375 0.0 3515.46875 3147.375 3423.141863567073 41
420 0.1 3133.0546875 0.0 3515.46875 3133.0546875 3416.5759858630954 42
430 0.1 3109.296875 0.0 3515.46875 3109.296875 3409.9824672965115 43
440 0.1 3108.08984375 0.0 3515.46875 3108.08984375 3403.1487038352275 44
450 0.1 3092.01171875 0.0 3515.46875 3092.01171875 3396.591840277778 45
