0 0.1 0.0 0 0.0 0.0 0 0
10 0.1 0.0 0.0 0.0 0.0 0.0 1
20 0.1 0.0 0.0 0.0 0.0 0.0 2
30 0.1 0.0 0.0 0.0 0.0 0.0 3
40 0.1 0.0 0.0 0.0 0.0 0.0 4
50 0.1 0.0 0.0 0.0 0.0 0.0 5
60 0.1 0.0 0.0 0.0 0.0 0.0 6
70 0.1 0.0 0.0 0.0 0.0 0.0 7
80 0.1 0.0 0.0 0.0 0.0 0.0 8
90 0.1 0.0 0.0 0.0 0.0 0.0 9
100 0.1 0.0 0.0 0.0 0.0 0.0 10
110 0.1 0.0 0.0 0.0 0.0 0.0 11
120 0.1 0.0 0.0 0.0 0.0 0.0 12
130 0.1 0.0703125 0.0 0.0703125 0.0 0.0 13
140 0.1 0.05859375 0.0 0.0703125 0.0 0.005022321428571429 14
150 0.1 0.05078125 0.0 0.0703125 0.0 0.00859375 15
160 0.1 0.12109375 0.0 0.12109375 0.0 0.01123046875 16
170 0.1 0.1015625 0.0 0.12109375 0.0 0.017693014705882353 17
180 0.1 0.08984375 0.0 0.12109375 0.0 0.022352430555555556 18
190 0.1 0.0703125 0.0 0.12109375 0.0 0.025904605263157895 19
200 0.1 0.05859375 0.0 0.12109375 0.0 0.028125 20
210 0.1 0.05078125 0.0 0.12109375 0.0 0.029575892857142856 21
220 0.1 0.0390625 0.0 0.12109375 0.0 0.030539772727272728 22
230 0.1 0.109375 0.0 0.12109375 0.0 0.03091032608695652 23
240 0.1 0.08984375 0.0 0.12109375 0.0 0.0341796875 24
250 0.1 0.078125 0.0 0.12109375 0.0 0.03640625 25
260 0.1 0.0703125 0.0 0.12109375 0.0 0.038010817307692304 26
270 0.1 0.12890625 0.0 0.12890625 0.0 0.03920717592592592 27
280 0.1 0.1796875 0.0 0.1796875 0.0 0.04241071428571429 28
290 0.1 0.1484375 0.0 0.1796875 0.0 0.04714439655172414 29
300 0.1 0.12890625 0.0 0.1796875 0.0 0.050520833333333334 30
310 0.1 0.1796875 0.0 0.1796875 0.0 0.05304939516129032 31
320 0.1 0.1484375 0.0 0.1796875 0.0 0.0570068359375 32
330 0.1 0.12890625 0.0 0.1796875 0.0 0.05977746212121212 33
340 0.1 0.19140625 0.0 0.19140625 0.0 0.061810661764705885 34
350 0.1 0.16015625 0.0 0.19140625 0.0 0.06551339285714286 35
360 0.1 0.140625 0.0 0.19140625 0.0 0.0681423611111111 36
370 0.1 0.19140625 0.0 0.19140625 0.0 0.07010135135135136 37
380 0.1 0.3203125 0.0 0.3203125 0.0 0.07329358552631579 38
390 0.1 0.421875 0.0 0.421875 0.0 0.07962740384615384 39
400 0.1 0.44140625 0.0 0.44140625 0.0 0.08818359375 40
410 0.1 0.37109375 0.0 0.44140625 0.0 0.09679878048780488 41
420 0.1 0.62109375 0.0 0.62109375 0.0 0.1033296130952381 42
430 0.1 0.609375 0.0 0.62109375 0.0 0.11537063953488372 43
440 0.1 0.75 0.0 0.75 0.0 0.12659801136363635 44
450 0.1 1.08984375 0.0 1.08984375 0.0 0.1404513888888889 45
