0 1.9 24.571526315789473 41.73099779271547 146.044 7.404 0 0
10 4.8 43.919916666666666 43.82488009102883 148.06 7.404 24.571526315789473 19
20 9 40.90161111111112 33.70142119611062 148.06 6.201 38.43305970149254 67
30 11.6 44.529939655172406 36.95706798092021 201.054 6.201 39.848152866242046 157
40 14.5 36.86481379310345 33.58250962300347 206.355 6.201 41.837483516483516 273
50 14.4 45.65540277777776 45.21676252989584 226.31 6.201 40.11251435406698 418
60 16.4 44.02794512195122 39.11798298990131 226.31 6.201 41.532756227758 562
70 18.7 39.26166310160428 32.22120714035536 226.31 5.98 42.096407713498614 726
80 21.1 49.58427962085306 43.920158917612675 237.356 5.904 41.51579737130339 913
90 25.2 38.73759523809524 38.60131997345828 299.65 5.904 43.03043238434163 1124
100 25.8 51.991709302325575 51.97657619055929 299.65 5.904 42.2442441860465 1376
110 30.6 46.193473856209145 40.24004293283301 299.65 5.904 43.78331762545899 1634
120 31.9 53.272457680250774 42.7306235229724 299.65 5.904 44.16347628865979 1940
130 37.2 57.57766397849464 61.32388229739035 426.314 5.904 45.449782204515266 2259
140 38 47.76336842105259 41.783285458120595 426.314 5.297 47.16455682250095 2631
150 38.7 54.798666666666655 53.6502388436373 426.314 5.297 47.240129192959145 3011
160 37.4 47.64354278074869 40.77018312269145 426.314 5.297 48.100974985285454 3398
170 38.2 59.10934816753927 53.04487483428593 426.314 5.297 48.05561983032873 3772
180 40 57.682272500000025 60.4526071875171 426.314 5.297 49.0721157920077 4154
190 40.4 76.27773514851482 149.54914091375196 1552.44 5.297 49.82838779095301 4554
200 46.3 47.53040604751618 45.83431437129785 1552.44 5.297 51.983598830173456 4958
210 50.7 52.44962327416168 46.80488882966278 1552.44 5.297 51.60325788599889 5421
220 57.6 60.110359374999994 63.805689014640414 1552.44 5.297 51.67564439946018 5928
230 63.3 63.52414849921012 56.19565127769721 1552.44 5.297 52.42263022755227 6504
240 72 57.79798333333331 53.40967230848473 1552.44 5.297 53.4072541684181 7137
250 77.9 68.32823234916579 62.77334480871331 1552.44 5.297 53.80961193839888 7857
260 86.5 80.15764046242779 76.39834914984861 1552.44 5.297 55.11924664196389 8636
270 97.1 99.49305458290436 97.36389925009365 1552.44 5.297 57.398818334912136 9501
280 110.4 144.22098460144937 125.18607803282208 1552.44 5.297 61.301941271963365 10472
290 118.9 171.82805130361663 146.54511595192815 1552.44 5.297 69.20990808569458 11576
300 120.4 292.8792832225911 278.43599361983263 1669.528 5.297 78.76830779475132 12765
310 130.7 344.8907153787294 276.6433135606839 1669.528 5.297 97.22271501181189 13969
320 123.1 494.48755645816277 373.1170607557395 2127.083 5.297 118.41295306362919 15276
330 120.7 1141.510992543497 665.4034521843154 3122.797 5.297 146.45849960622752 16507
340 131.4 1094.5337739726042 768.7865230724627 3560.526 5.297 214.25958117872864 17714
350 130.6 1521.0735084226653 817.8594642502435 3903.697 5.297 275.047908345596 19028
360 127.2 2067.844799528305 860.0766867458468 3903.697 5.297 355.0768959378382 20334
370 131.9 2294.9490295678575 1057.1273320922187 5064.4 0.94 455.9118849856524 21606
380 145.5 2935.8877855670053 1731.844539395341 6475.862 0.808 561.7216993238826 22925
390 185.5 2503.4355455525542 2049.8915923883346 6844.317 0.778 703.4120871616079 24380
400 228.5 2124.7545833697945 2081.5984077119792 6844.317 0.769 830.6864731084426 26235
410 284.6 1703.7753826423018 1873.286230899908 6844.317 0.723 934.3661937237016 28520
420 332.1 1447.0079177958448 1739.5321787164614 6844.317 0.723 1004.1786834151617 31366
430 353.9 1322.6119652444197 1653.4024860979537 6844.317 0.723 1046.5760048144828 34687
440 381.2 1251.590235309549 1661.0344279316664 6844.317 0.723 1072.1316806362154 38226
450 367.7 1316.2856021212947 1699.2739262446644 6962.274 0.723 1088.4049574432647 42038
