10 0.1 281 0 281 281 0 0
20 0.1 713.0 0.0 713 281 281.0 1
30 0.1 1160.0 0.0 1160 281 497.0 2
40 0.1 1797.0 0.0 1797 281 718.0 3
50 0.1 1431.0 0.0 1797 281 987.75 4
60 0.1 1840.0 0.0 1840 281 1076.4 5
70 0.1 1873.0 0.0 1873 281 1203.6666666666667 6
80 0.1 2131.0 0.0 2131 281 1299.2857142857142 7
90 0.1 2822.0 0.0 2822 281 1403.25 8
100 0.1 2780.0 0.0 2822 281 1560.888888888889 9
110 0.1 3312.0 0.0 3312 281 1682.8 10
120 0.1 3287.0 0.0 3312 281 1830.909090909091 11
130 0.1 4001.0 0.0 4001 281 1952.25 12
140 0.1 4806.0 0.0 4806 281 2109.846153846154 13
150 0.1 4454.0 0.0 4806 281 2302.4285714285716 14
160 0.1 4349.0 0.0 4806 281 2445.866666666667 15
170 0.1 4074.0 0.0 4806 281 2564.8125 16
180 0.1 4574.0 0.0 4806 281 2653.5882352941176 17
190 0.1 4648.0 0.0 4806 281 2760.277777777778 18
200 0.1 4816.0 0.0 4816 281 2859.6315789473683 19
210 0.1 5285.0 0.0 5285 281 2957.45 20
220 0.1 6231.0 0.0 6231 281 3068.285714285714 21
230 0.1 6841.0 0.0 6841 281 3212.0454545454545 22
240 0.1 7986.0 0.0 7986 281 3369.8260869565215 23
250 0.1 8723.0 0.0 8723 281 3562.1666666666665 24
260 0.1 9330.0 0.0 9330 281 3768.6 25
270 0.1 10918.0 0.0 10918 281 3982.5 26
280 0.1 12889.0 0.0 12889 281 4239.37037037037 27
290 0.1 13756.0 0.0 13756 281 4548.285714285715 28
300 0.1 14766.0 0.0 14766 281 4865.793103448276 29
310 0.1 15518.0 0.0 15518 281 5195.8 30
320 0.1 15556.0 0.0 15556 281 5528.774193548387 31
330 0.1 15262.0 0.0 15556 281 5842.125 32
340 0.1 15874.0 0.0 15874 281 6127.575757575758 33
350 0.1 16417.0 0.0 16417 281 6414.235294117647 34
360 0.1 16440.0 0.0 16440 281 6700.028571428571 35
370 0.1 16457.0 0.0 16457 281 6970.583333333333 36
380 0.1 16468.0 0.0 16468 281 7226.972972972973 37
390 0.1 16808.0 0.0 16808 281 7470.1578947368425 38
400 0.1 19003.0 0.0 19003 281 7709.589743589743 39
410 0.1 22522.0 0.0 22522 281 7991.925 40
420 0.1 27123.0 0.0 27123 281 8346.317073170732 41
430 0.1 28492.0 0.0 28492 281 8793.380952380952 42
440 0.1 30459.0 0.0 30459 281 9251.488372093023 43
450 0.1 29123.0 0.0 30459 281 9733.477272727272 44
