0 2.1 22.209809523809522 25.471567838556684 86.126 7.404 0 0
10 7.2 29.320652777777784 25.640202784646032 102.451 6.851 22.209809523809522 21
20 14.2 25.8157323943662 22.27153963034105 125.112 5.643 27.71497849462366 93
30 18.2 28.328538461538486 25.322765344193588 193.945 5.211 26.567348936170216 235
40 21.1 25.704559241706157 22.820351714832753 193.945 5.211 27.336021582733828 417
50 21.6 29.989666666666658 31.746827555416196 195.398 5.211 26.78787101910829 628
60 24.6 29.2976219512195 24.316754963243863 195.398 5.211 27.607287914691952 844
70 28 26.17025714285713 21.478984996925785 195.398 5.211 27.988776146788993 1090
80 32.5 32.14593846153846 27.233777577162655 195.398 5.211 27.61710802919708 1370
90 37.4 26.11512834224598 25.895247846086868 198.292 5.211 28.48546784660767 1695
100 38.3 34.94613577023498 34.928998529801596 243.344 5.211 28.056996616723055 2069
110 45.7 30.88752297592995 27.55776438698852 243.344 5.211 29.133073409461666 2452
120 49.7 34.12837223340041 28.889021128220232 243.344 5.185 29.408695084221378 2909
130 56 38.23788214285712 42.924735506844286 339.965 5.185 30.097385496183204 3406
140 56.6 32.00066077738509 28.780401405621042 339.965 5.148 31.246825264750374 3966
150 57.3 36.96440837696334 36.98844929690819 339.965 5.148 31.340971535745794 4532
160 56.1 31.72944385026738 28.174833826842686 339.965 5.148 31.972162389813896 5105
170 58.7 38.397127768313496 37.20873807119499 339.965 5.148 31.94813042710906 5666
180 58.5 39.39649059829057 41.43298775436464 339.965 5.148 32.55352966576043 6253
190 61.2 50.369581699346384 114.56271683630992 1552.44 5.148 33.13895408014039 6838
200 67.7 32.41429837518463 31.69318976447716 1552.44 5.148 34.55440966442952 7450
210 76.4 34.7631570680628 31.294782406172377 1552.44 5.148 34.37613289036544 8127
220 87.5 39.66816342857137 42.589201687880994 1552.44 5.082 34.4093897199415 8891
230 96.4 41.62280186721999 39.56218377080436 1552.44 4.865 34.88055775138233 9766
240 107 38.77461588785045 38.068043007018765 1552.44 4.865 35.4862915191053 10730
250 116.3 45.76753740326744 44.2578110905349 1552.44 4.865 35.78447008474575 11800
260 129.3 53.79762490332552 54.48231126265256 1552.44 4.865 36.68011980251484 12963
270 146.2 65.8467893296854 67.25439638097902 1552.44 4.865 38.232654461279445 14256
280 168.2 95.25798989298471 89.74655316438361 1552.44 4.865 40.8011660516605 15718
290 180.6 112.77415669988932 103.2397083150686 1552.44 4.865 46.065325689655175 17400
300 182.7 195.1311434044882 199.60847556251215 1552.44 4.865 52.338164844319486 19206
310 191.4 234.52636677116033 176.78689741645178 1552.44 4.865 64.74166276803119 21033
320 186.4 346.4064495708152 237.97741198949873 1552.44 4.865 78.90333634026238 22947
330 184.8 749.5179058441562 378.0152032543536 1749.257 4.865 99.00030151948735 24811
340 201 731.5067930348263 515.5729574877926 1944.525 4.865 144.09413597659332 26659
350 197.4 1015.9555709219859 457.54362534002536 2136.806 4.865 185.27797359517257 28669
360 192.5 1399.4901698701321 256.03544631008594 2182.993 4.865 238.7896264073362 30643
370 199.2 1589.677912650604 499.0886606228579 2962.532 0.348 307.3952683308772 32568
380 213 2027.7146281690113 939.9746467301305 3718.301 0.342 381.30461519097247 34560
390 274.1 1697.963249179133 1253.1665533440228 3718.301 0.308 476.88524554374493 36690
400 350.7 1380.1317516395798 1284.0872610103409 3817.287 0.297 561.767059547057 39431
410 440 1097.992957954547 1193.334899261874 3817.287 0.297 628.6077362243237 42938
420 512.9 924.5242569701703 1130.0601746755917 3817.287 0.297 672.2364272466098 47338
430 535.7 870.6964071308593 1122.8800070705881 3817.287 0.297 696.8992491852024 52467
440 568.9 835.9847688521692 1159.2311507414656 3817.287 0.297 713.0003728555621 57824
450 546.5 886.8601862763037 1207.4409158122016 4051.961 0.297 724.0163574386348 63513
