10 0.1 201 0 201 201 0 0
20 0.1 368.0 0.0 368 201 201.0 1
30 0.1 606.0 0.0 606 201 284.5 2
40 0.1 965.0 0.0 965 201 391.6666666666667 3
50 0.1 784.0 0.0 965 201 535.0 4
60 0.1 960.0 0.0 965 201 584.8 5
70 0.1 984.0 0.0 984 201 647.3333333333334 6
80 0.1 1065.0 0.0 1065 201 695.4285714285714 7
90 0.1 1495.0 0.0 1495 201 741.625 8
100 0.1 1422.0 0.0 1495 201 825.3333333333334 9
110 0.1 1642.0 0.0 1642 201 885.0 10
120 0.1 1655.0 0.0 1655 201 953.8181818181819 11
130 0.1 1978.0 0.0 1978 201 1012.25 12
140 0.1 2505.0 0.0 2505 201 1086.5384615384614 13
150 0.1 2161.0 0.0 2505 201 1187.857142857143 14
160 0.1 2142.0 0.0 2505 201 1252.7333333333333 15
170 0.1 2002.0 0.0 2505 201 1308.3125 16
180 0.1 2153.0 0.0 2505 201 1349.1176470588234 17
190 0.1 2366.0 0.0 2505 201 1393.7777777777778 18
200 0.1 2490.0 0.0 2505 201 1444.9473684210527 19
210 0.1 2775.0 0.0 2775 201 1497.2 20
220 0.1 3186.0 0.0 3186 201 1558.047619047619 21
230 0.1 3419.0 0.0 3419 201 1632.0454545454545 22
240 0.1 4061.0 0.0 4061 201 1709.7391304347825 23
250 0.1 4479.0 0.0 4479 201 1807.7083333333333 24
260 0.1 4722.0 0.0 4722 201 1914.56 25
270 0.1 5421.0 0.0 5421 201 2022.5384615384614 26
280 0.1 6464.0 0.0 6464 201 2148.4074074074074 27
290 0.1 6796.0 0.0 6796 201 2302.535714285714 28
300 0.1 7184.0 0.0 7184 201 2457.4827586206898 29
310 0.1 7602.0 0.0 7602 201 2615.0333333333333 30
320 0.1 7989.0 0.0 7989 201 2775.9032258064517 31
330 0.1 7688.0 0.0 7989 201 2938.8125 32
340 0.1 7920.0 0.0 7989 201 3082.7272727272725 33
350 0.1 8347.0 0.0 8347 201 3225.0 34
360 0.1 8332.0 0.0 8347 201 3371.342857142857 35
370 0.1 8339.0 0.0 8347 201 3509.1388888888887 36
380 0.1 8880.0 0.0 8880 201 3639.675675675676 37
390 0.1 9583.0 0.0 9583 201 3777.5789473684213 38
400 0.1 11838.0 0.0 11838 201 3926.4358974358975 39
410 0.1 14762.0 0.0 14762 201 4124.225 40
420 0.1 18129.0 0.0 18129 201 4383.682926829269 41
430 0.1 19976.0 0.0 19976 201 4710.952380952381 42
440 0.1 22356.0 0.0 22356 201 5065.953488372093 43
450 0.1 22349.0 0.0 22356 201 5458.90909090909 44
