30 0.1 37997.741 0 37997.741 37997.741 0 0
40 0.9 42075.94033333334 3647.399290248811 46425.194 36818.772 37997.741 1
50 0.5 41227.33579999999 2517.0315138377937 46425.194 36818.772 41668.1204 10
60 0.8 45346.272000000004 4639.403975067754 49752.075 34645.523 41521.192200000005 15
70 0.4 44379.50875 4648.938084782609 49934.001 34645.523 42851.65473913044 23
80 0.9 48874.572888888884 8260.135024125111 61816.125 34645.523 43078.003481481486 27
90 0.8 44144.524875 3892.830866681547 61816.125 34645.523 44527.145833333336 36
100 1 48291.2721 5277.180009238539 61816.125 34645.523 44457.57838636364 44
110 1.8 46921.002888888885 5811.860679340146 61816.125 34645.523 45167.52166666667 54
120 0.7 46204.39771428571 8171.332562075797 61816.125 34645.523 45605.89197222222 72
130 2 45819.452999999994 6375.2322662961 62378.353 34645.523 45658.92412658228 79
140 1.7 50679.80694117647 9849.390776773602 79407.083 34645.523 45691.3542020202 99
150 2 49546.65615000001 9103.641230186015 79894.9 34645.523 46422.420551724135 116
160 2 47050.16919999999 10045.054297642715 79894.9 34645.523 46881.86696323529 136
170 1.1 49544.11563636363 11473.728660201585 79894.9 34645.523 46903.44417307692 156
180 2.3 47390.92073913043 8305.626259929673 79894.9 34645.523 47077.38061676646 167
190 1.6 47998.431874999995 7437.203232794225 79894.9 34645.523 47115.3354736842 190
200 2.4 49831.32091666667 7906.280011062848 79894.9 34645.523 47183.925485436885 206
210 1.8 53782.085333333336 17244.848907695654 114065.72 34645.523 47460.175443478256 230
220 2 47060.747250000015 8477.932729557282 114065.72 34645.523 47919.023741935474 248
230 2.7 46298.999 6215.938448215868 114065.72 34645.523 47854.97325746268 268
240 3 52342.594133333325 14528.769719405107 114065.72 34645.523 47712.56205423728 295
250 2.9 47183.43993103448 6961.578723846138 114065.72 34645.523 48139.94963076922 325
260 4.3 48368.713627906975 10062.946452197837 114065.72 34645.523 48061.59149152541 354
270 2.9 50074.34951724137 8797.747103697697 114065.72 34645.523 48094.85660957178 397
280 4.5 48357.091777777794 9139.888887663641 114065.72 34645.523 48229.61082159624 426
290 4.7 50774.307191489366 12659.428088139553 114065.72 34645.523 48241.790530785554 471
300 4.7 50990.08989361701 9482.523508655508 114065.72 34645.523 48471.57486100386 518
310 6.4 53100.71865624999 10616.009293201745 114065.72 34645.523 48681.07965132743 565
320 5.4 54326.72749999999 8121.063749083008 114065.72 34645.523 49130.77265023847 629
330 4.4 56962.53629545455 10001.897112861074 114065.72 34645.523 49541.58020790629 683
340 3.4 60340.49344117646 11178.593263436485 114065.72 34645.523 49990.71647730399 727
350 4.5 62084.02202222222 7787.560691503487 114065.72 34645.523 50453.12438370565 761
360 4.4 64939.52218181819 10780.511055600895 114065.72 34645.523 51102.49211786601 806
370 3.1 69674.85303225805 8455.945205559443 114065.72 34645.523 51818.76190941177 850
380 4.6 78689.928 12647.388813033314 134180.368 34645.523 52447.069315550514 881
390 6.5 83338.43469230767 9708.758108815635 134180.368 34645.523 53749.30394282632 927
400 6.6 87995.14156060606 11141.540188394105 134180.368 34645.523 55688.10787298387 992
410 5.8 87288.8930172414 9118.219730489129 134180.368 34645.523 57703.480484877124 1058
420 7.1 86211.14098591545 13184.521279246539 134180.368 34645.523 59241.073609319 1116
430 13.5 84184.16427407412 15807.382591772206 141017.674 34645.523 60854.2789873631 1187
440 18.7 81802.71267914433 15436.144090384834 141017.674 34645.523 63236.68028366112 1322
450 21.6 79466.19277314816 16001.155797350288 150998.871 34645.523 65537.44109078859 1509
