0 8.1234375 8.1234375
10 42.76796875 50.89140625
20 84.1671875 135.05859375
30 112.20078125 247.259375
40 129.15703125 376.41640625
50 131.875 508.29140625
60 149.48515625 657.7765625
70 167.65078125 825.42734375
80 202.05078125 1027.478125
90 223.72421875 1251.20234375
100 233.91796875 1485.1203125
110 283.67109375 1768.79140625
120 304.2328125 2073.02421875
130 348.07578125 2421.1
140 347.4421875 2768.5421875
150 352.8421875 3121.384375
160 348.7390625 3470.1234375
170 361.13359375 3831.25703125
180 356.48984375 4187.746875
190 377.67265625 4565.41953125
200 411 4976.41953125
210 466.896875 5443.31640625
220 539.31796875 5982.634375
230 593.04375 6575.678125
240 649.6328125 7225.3109375
250 707.9890625 7933.3
260 797.41015625 8730.71015625
270 894.66171875 9625.371875
280 1049.28046875 10674.65234375
290 1110.14375 11784.79609375
300 1137.35 12922.14609375
310 1157.196875 14079.34296875
320 1198.8234375 15278.16640625
330 1141.16171875 16419.328125
340 1264.5640625 17683.8921875
350 1244.11171875 18928.00390625
360 1188.41171875 20116.415625
370 1239.5921875 21356.0078125
380 1247.828125 22603.8359375
390 1456.628125 24060.4640625
400 1784.90703125 25845.37109375
410 2102.64765625 27948.01875
420 2399.959375 30347.978125
430 2450.178125 32798.15625
440 2563.7265625 35361.8828125
450 2465.384375 37827.2671875
