0 179.5125 179.5125
10 456.753125 636.265625
20 891.93203125 1528.19765625
30 1088.8640625 2617.06171875
40 1171.159375 3788.22109375
50 1252.33671875 5040.5578125
60 1477.3921875 6517.95
70 1613.5859375 8131.5359375
80 1875.86015625 10007.39609375
90 2152.4234375 12159.81953125
100 2234.434375 14394.25390625
110 2508.81953125 16903.0734375
120 2943.70703125 19846.78046875
130 3139.021875 22985.80234375
140 3233.20078125 26219.003125
150 3251.590625 29470.59375
160 3125.38046875 32595.97421875
170 3349.296875 35945.27109375
180 3352.57421875 39297.8453125
190 3512.6828125 42810.528125
200 3819.6515625 46630.1796875
210 4488.3796875 51118.559375
220 5063.95390625 56182.51328125
230 5547.25625 61729.76953125
240 6100.084375 67829.85390625
250 6785.52890625 74615.3828125
260 7394.56875 82009.9515625
270 8496.77734375 90506.72890625
280 9572.1390625 100078.86796875
290 10330.02265625 110408.890625
300 10568.04375 120976.934375
310 10992.79140625 131969.72578125
320 10581.9234375 142551.64921875
330 10896.32890625 153447.978125
340 11484.6671875 164932.6453125
350 11408.634375 176341.2796875
360 11385.3390625 187726.61875
370 11335.27265625 199061.89140625
380 11066.22578125 210128.1171875
390 10963.5921875 221091.709375
400 11681.165625 232772.875
410 12568.6875 245341.5625
420 12907.08359375 258248.64609375
430 11781.2609375 270029.90703125
440 11636.38359375 281666.290625
450 11398.94375 293065.234375
