0 1.1 11
10 0.7 18
20 1 28
30 0.5 33
40 0.8 41
50 1.3 54
60 1.2 66
70 1.4 80
80 1.2 92
90 2.4 116
100 1.9 135
110 1.1 146
120 2.1 167
130 1.9 186
140 2.5 211
150 2.2 233
160 1.5 248
170 1.8 266
180 3.1 297
190 2.8 325
200 3.3 358
210 3.7 395
220 3.9 434
230 3.4 468
240 6.3 531
250 6.1 592
260 6 652
270 6.5 717
280 5.9 776
290 6.1 837
300 9.8 935
310 10.2 1037
320 8.1 1118
330 8.8 1206
340 9.8 1304
350 9.6 1400
360 13.6 1536
370 16.5 1701
380 17.8 1879
390 16.6 2045
400 14.8 2193
410 17.1 2364
420 18.2 2546
430 18.4 2730
440 16.7 2897
450 18.8 3085
