0 11 11
10 18 18
20 28 28
30 32 33
40 31 35
50 39 39
60 43 47
70 53 53
80 56 57
90 72 72
100 81 81
110 74 84
120 88 88
130 87 92
140 95 96
150 97 101
160 92 101
170 99 101
180 107 108
190 119 120
200 128 129
210 147 147
220 166 169
230 173 174
240 206 206
250 238 238
260 255 255
270 291 291
280 305 305
290 319 335
300 370 370
310 408 408
320 435 438
330 479 479
340 543 543
350 594 594
360 686 688
370 820 820
380 952 952
390 1053 1053
400 1135 1135
410 1248 1248
420 1359 1359
430 1408 1411
440 1388 1417
450 1360 1417
