0 1.4 14
10 4.8 62
20 8.8 150
30 13.2 282
40 17 452
50 16.1 613
60 14.2 755
70 9.8 853
80 9.3 946
90 12.4 1070
100 15.7 1227
110 18.2 1409
120 20.1 1610
130 20.8 1818
140 22.7 2045
150 26.7 2312
160 27 2582
170 28.3 2865
180 30 3165
190 31.9 3484
200 39.2 3876
210 46.3 4339
220 48.8 4827
230 50.1 5328
240 54 5868
250 54.2 6410
260 62.7 7037
270 66.4 7701
280 71.6 8417
290 73.5 9152
300 79.3 9945
310 85.5 10800
320 89.4 11694
330 84.3 12537
340 87.7 13414
350 87.9 14293
360 88.4 15177
370 91.9 16096
380 95.5 17051
390 87.5 17926
400 87.3 18799
410 85 19649
420 76.9 20418
430 85.4 21272
440 79.9 22071
450 80.7 22878
460 88.6 23764
470 84.3 24607
480 80.3 25410
490 81.9 26229
500 86.1 27090
510 77.8 27868
520 80 28668
530 80.1 29469
540 77.2 30241
550 74.3 30984
560 84.4 31828
570 81.7 32645
580 80.5 33450
590 78.5 34235
600 75.9 34994
610 77 35764
620 78.8 36552
630 81.7 37369
640 78.3 38152
650 75.7 38909
660 75.7 39666
670 81.3 40479
680 79.1 41270
690 81.4 42084
700 99.6 43080
710 112.2 44202
720 106.3 45265
730 81.2 46077
740 61.6 46693
750 60.9 47302
760 37.9 47681
770 20.8 47889
780 8.9 47978
790 3 48008
800 0.3 48011
803 0 48011
