0 0.1 1
10 2.2 23
20 7.4 97
30 14.9 246
40 22 466
50 21.9 685
60 15.9 844
70 9.2 936
80 8.2 1018
90 12.3 1141
100 19.6 1337
110 20.3 1540
120 21.7 1757
130 22.5 1982
140 24.7 2229
150 30.3 2532
160 32.6 2858
170 32.9 3187
180 30.6 3493
190 32.4 3817
200 42.5 4242
210 52.5 4767
220 58.1 5348
230 55.3 5901
240 54.7 6448
250 62.7 7075
260 71.8 7793
270 73.5 8528
280 78.9 9317
290 84.9 10166
300 86.9 11035
310 90.7 11942
320 91.3 12855
330 94.3 13798
340 95.5 14753
350 99.8 15751
360 89.1 16642
370 79.7 17439
380 78.3 18222
390 67.3 18895
400 64.6 19541
410 60.3 20144
420 53.9 20683
430 57.8 21261
440 51.7 21778
450 53.5 22313
460 52.7 22840
470 55.1 23391
480 52.2 23913
490 48.2 24395
500 49.8 24893
510 45.2 25345
520 41.7 25762
530 42.7 26189
540 38.2 26571
550 40.7 26978
560 43.2 27410
570 41.3 27823
580 39.5 28218
590 39.1 28609
600 33.6 28945
610 31.1 29256
620 33 29586
630 31.1 29897
640 32.1 30218
650 32.1 30539
660 30 30839
670 30.1 31140
680 34.7 31487
690 31.2 31799
700 30.6 32105
710 28.8 32393
720 17.8 32571
730 12.1 32692
740 8 32772
750 7 32842
760 6.2 32904
770 9.8 33002
780 6.6 33068
790 1.8 33086
800 0.4 33090
803 0 33090
