360 17.3 173
370 58.5 758
380 93.7 1695
390 152.4 3219
400 179.5 5014
410 186.1 6875
420 175.3 8628
430 167.5 10303
440 180.7 12110
450 200.5 14115
460 211.5 16230
470 236.9 18599
480 242.5 21024
490 246.9 23493
500 248.8 25981
510 277.7 28758
520 280.9 31567
530 301.4 34581
540 308 37661
550 313.4 40795
560 331 44105
570 363.9 47744
580 391.9 51663
590 404.9 55712
600 393.7 59649
610 440 64049
620 481.9 68868
630 521 74078
640 536.3 79441
650 528.7 84728
660 516.3 89891
670 508.2 94973
680 527.5 100248
690 522.2 105470
700 562.4 111094
710 573 116824
720 557.6 122400
730 509.9 127499
740 353.3 131032
750 235.1 133383
760 119.3 134576
770 47.4 135050
780 13 135180
790 2.8 135208
800 0.8 135216
803 0 135216
