360 4.5 45
370 12.8 173
380 21.4 387
390 30.8 695
400 36.9 1064
410 36.3 1427
420 37.8 1805
430 38.4 2189
440 38.9 2578
450 41.7 2995
460 43.7 3432
470 46.1 3893
480 44.8 4341
490 47.5 4816
500 45.9 5275
510 44.2 5717
520 46.8 6185
530 45.9 6644
540 45 7094
550 48.6 7580
560 47.8 8058
570 54.3 8601
580 56.8 9169
590 54.5 9714
600 50.6 10220
610 49.2 10712
620 56.8 11280
630 58 11860
640 61.4 12474
650 63 13104
660 69 13794
670 58.2 14376
680 61.2 14988
690 64.2 15630
700 88.6 16516
710 90.6 17422
720 100.8 18430
730 80 19230
740 78.1 20011
750 84.8 20859
760 69.6 21555
770 40.1 21956
780 11.6 22072
790 2.8 22100
800 0.6 22106
803 0.1 22107
