390 1 10
400 3.2 42
410 5.3 95
420 8.7 182
430 9.9 281
440 7.2 353
450 7.4 427
460 8.5 512
470 9.1 603
480 10.1 704
490 10 804
500 10.1 905
510 9.1 996
520 9.6 1092
530 10.8 1200
540 11.7 1317
550 12.8 1445
560 11.6 1561
570 10.9 1670
580 12.6 1796
590 13 1926
600 12.7 2053
610 13.4 2187
620 13.2 2319
630 13.2 2451
640 17 2621
650 17.5 2796
660 17.7 2973
670 16.5 3138
680 15.7 3295
690 15.3 3448
700 17.9 3627
710 21.5 3842
720 23.5 4077
730 28 4357
740 33.1 4688
750 43.8 5126
760 54 5666
770 32.2 5988
780 9.6 6084
790 2 6104
800 0.8 6112
803 0 6112
