360 21.1 211
370 48.9 700
380 66.8 1368
390 103.7 2405
400 110 3505
410 122.6 4731
420 112.8 5859
430 113.1 6990
440 126.4 8254
450 132.7 9581
460 129.5 10876
470 152.7 12403
480 166.8 14071
490 166.3 15734
500 175.2 17486
510 197.1 19457
520 191.6 21373
530 209.5 23468
540 233.5 25803
550 231.4 28117
560 245.4 30571
570 261.1 33182
580 280.6 35988
590 298.9 38977
600 301.3 41990
610 355.6 45546
620 368.3 49229
630 384.4 53073
640 402.6 57099
650 402 61119
660 397.4 65093
670 402.5 69118
680 410.1 73219
690 394.2 77161
700 369.7 80858
710 359.8 84456
720 306.9 87525
730 283 90355
740 170.6 92061
750 57.3 92634
760 0 92634
770 0 92634
780 0 92634
790 0 92634
800 0 92634
803 0 92634
