0 0.9 4.101555555555556 7.356620542237389 24.909 1.444 0 0
10 1.9 1.5542105263157895 0.5695558360823918 24.909 1.196 4.101555555555556 9
20 2 1.3995 0.10756370205603745 24.909 1.114 2.373 28
30 0.9 1.6065555555555557 0.276249529355501 24.909 1.114 1.9673749999999999 48
40 0.3 1.3563333333333334 0.047541794478355756 24.909 1.114 1.9104035087719298 57
50 0 0 0 24.909 1.114 1.8827 60
60 0.9 3.245888888888889 3.3511611733661133 24.909 1.114 1.8827 60
70 1.3 1.433076923076923 0.15913925277928112 24.909 1.114 2.0605072463768117 69
80 1.7 1.6018823529411765 0.5176082873180703 24.909 1.114 1.9610365853658538 82
90 2 1.4268500000000002 0.08822146847564936 24.909 1.114 1.8993636363636364 99
100 0.6 1.3765 0.08206653804484912 24.909 1.114 1.819949579831933 119
110 1.7 1.6709411764705884 0.4347831738976317 24.909 1.114 1.7986640000000003 125
120 2.2 2.523409090909091 4.538065964293709 24.909 1.114 1.78337323943662 142
130 1.9 2.2451052631578956 2.4336196540335995 24.909 1.114 1.8826463414634147 164
140 2 1.5519000000000003 0.30144964753669884 24.909 1.114 1.9202786885245904 183
150 2.1 1.4028571428571428 0.13550690922967573 24.909 1.102 1.8839852216748771 203
160 1.8 1.4352222222222222 0.22385748332255093 24.909 1.102 1.8388794642857145 224
170 1.7 1.5998823529411765 0.47911620625934376 24.909 1.102 1.8088553719008267 242
180 3.8 1.6648947368421056 1.4478465095566788 24.909 1.102 1.7951389961389963 259
190 4.4 1.3962045454545455 0.40389133211936723 24.909 1.057 1.7784747474747475 297
200 3.9 1.6239743589743592 1.1830936952119346 24.909 1.057 1.729149560117302 341
210 3.3 1.4727575757575755 0.506416347473166 24.909 1.057 1.7183552631578949 380
220 3.8 1.3695263157894733 0.16808765520940258 24.909 1.057 1.6987312348668282 413
230 4.5 1.398777777777778 0.13195923425881514 24.909 1.057 1.6709933481152994 451
240 6 1.4366833333333338 0.7313965976510663 24.909 1.057 1.646296370967742 496
250 4.4 1.350522727272727 0.11126861205625613 24.909 1.057 1.623676258992806 556
260 5.2 1.4910769230769227 0.8126411556948083 24.909 1.057 1.6036450000000002 600
270 5 1.5358800000000001 1.1770868046155305 24.909 1.057 1.5946671779141106 652
280 6.5 1.3924 0.1643130033713798 24.909 1.057 1.5904800569800575 702
290 5.6 1.415285714285714 0.14616926517442944 24.909 1.057 1.573693611473273 767
300 7.6 1.5201315789473682 0.9923350233043551 24.909 1.057 1.5629149453219933 823
310 9.7 1.332628865979382 0.18162078538047116 24.909 1.036 1.5592981090100115 899
320 11.8 1.4985338983050849 0.8236389973789774 24.909 1.036 1.5372228915662656 996
330 8.1 1.310024691358025 0.16438564829584573 24.909 1.036 1.5331247755834834 1114
340 10.5 1.3367142857142862 0.18588310275857908 24.909 1.036 1.5180025104602515 1195
350 10.2 1.4585686274509804 0.2800461274961093 24.909 1.036 1.5033600000000005 1300
360 25.8 1.4227364341085265 0.9928662097070189 24.909 0.964 1.5001012838801717 1402
370 68.5 1.5634642335766413 1.4115556994027492 24.909 0.825 1.4880771084337352 1660
380 105.2 1.8466150190114112 2.1932320424213447 24.909 0.77 1.5100985074626865 2345
390 157.9 2.0767017099430087 2.3687646024729134 24.909 0.77 1.6143126287901102 3397
400 193.8 2.3755412796697586 2.720300630202078 29.528 0.759 1.761039389067527 4976
410 198.8 2.974213279678072 3.606774619060763 29.528 0.759 1.9332847844952281 6914
420 193.4 2.7792430196483955 3.2532137377468335 29.528 0.759 2.1657455627948794 8902
430 190.6 2.4315115424973808 2.834997798860078 29.528 0.759 2.2752420634920645 10836
440 195.5 2.4951186700767227 2.9000894243614908 29.528 0.759 2.2986174854810875 12742
450 215.2 2.8815074349442424 3.658754345730014 34.583 0.759 2.3247561407089887 14697
460 231.8 2.8765030198446944 3.371340211809153 34.583 0.759 2.395865926761233 16849
470 251.5 3.5743041749502984 3.864931104157376 34.583 0.759 2.4539927479522103 19167
480 263.6 3.131399468892268 3.3578792389608565 34.583 0.759 2.583943086431142 21682
490 268.6 3.089555472822043 3.451580066438977 34.583 0.759 2.643285755407519 24318
500 273.7 3.434699671172815 3.682119555840593 34.583 0.759 2.6876747518886113 27004
510 290.8 3.2892524071526843 3.468444248813827 34.583 0.759 2.7564218419017537 29741
520 306.2 4.074094382756385 4.412111802272858 34.583 0.759 2.8038803026126393 32649
530 320.9 3.94263633530695 4.361528466730025 52.632 0.759 2.9127933969925266 35711
540 337.5 3.8048924444444534 4.059637442960104 52.632 0.759 2.9977051644398798 38920
550 341.7 3.6927705589698623 3.8402896818518744 52.632 0.759 3.0621160184418996 42295
560 358.4 4.15687276785711 4.077228405749585 52.632 0.759 3.1092578316415858 45712
570 386.6 4.484517589239529 4.299763188515856 52.632 0.75 3.185423279779293 49296
580 419.5 4.973006674612643 4.582483483829929 52.632 0.75 3.279894868515106 53162
590 434.1 5.249329647546628 4.7400700671733285 52.632 0.75 3.403726380389492 57357
600 425.7 5.417411557434834 4.761286373917182 52.632 0.75 3.5335808940322218 61698
610 474.8 5.593616048862685 4.86402806841706 52.632 0.75 3.655170874080814 65955
620 512.2 6.676467005076132 5.25956375450705 52.632 0.75 3.7853455157489795 70703
630 550 8.166732363636374 5.59729007626238 52.632 0.75 3.980641582591494 75825
640 573.5 8.914594420226699 5.938075228012422 52.632 0.75 4.263746400245928 81325
650 563.1 9.627567039602152 6.344147141809104 52.632 0.75 4.570116873420632 87060
660 561.6 8.568657407407402 5.772422026479866 52.632 0.75 4.877358157749943 92691
670 549.8 8.315821935249161 5.6969255145897755 52.632 0.75 5.088231611177229 98307
680 559.9 9.61973173781033 6.044850250000511 52.632 0.75 5.259179943162659 103805
690 558.9 11.19925657541598 6.6168814956258135 52.632 0.75 5.4823411575445125 109404
700 590.2 14.625557607590583 8.3692181410469 54.28 0.75 5.760200160009737 114993
710 603 17.719389718076297 9.126351968526457 54.28 0.75 6.193000024814916 120895
720 571.1 11.350580458763838 7.575764015320546 61.223 0.75 6.740600023636 126925
730 526.1 6.193511499714887 4.8328401060946184 61.223 0.75 6.939095140082629 132636
740 381.6 4.345480083857431 4.0682074471364755 61.223 0.75 6.9106498836087775 137897
750 258.4 3.4138506191950393 3.732547635740549 61.223 0.75 6.841575854014802 141713
760 137.5 2.3779418181818177 2.881729968214541 61.223 0.75 6.78019382939354 144297
770 58.2 1.4126580756013754 0.9906444906216586 61.223 0.75 6.73864091246087 145672
780 17.1 1.639333333333335 2.425301406481409 61.223 0.75 6.717446811711131 146254
790 3.4 1.4919999999999998 0.3273424183076941 61.223 0.75 6.71151642137613 146425
800 1.2 2.0031666666666665 1.0607162543405386 61.223 0.75 6.71030472692016 146459
803 0 0 0 61.223 0.75 6.7099190829583994 146471
