0 9 9
10 28 19
20 48 20
30 57 9
40 53 -4
50 46 -7
60 35 -11
70 35 0
80 43 8
90 60 17
100 62 2
110 70 8
120 79 9
130 83 4
140 90 7
150 98 8
160 101 3
170 99 -2
180 113 14
190 137 24
200 161 24
210 173 12
220 187 14
230 193 6
240 221 28
250 226 5
260 246 20
270 253 7
280 273 20
290 292 19
300 316 24
310 356 40
320 418 62
330 464 46
340 537 73
350 605 68
360 661 56
370 705 44
380 741 36
390 709 -32
400 725 16
410 706 -19
420 723 17
430 777 54
440 769 -8
450 753 -16
460 799 46
470 792 -7
480 809 17
490 828 19
500 870 42
510 804 -66
520 870 66
530 841 -29
540 909 68
550 941 32
560 991 50
570 974 -17
580 1013 39
590 1020 7
600 1065 45
610 1099 34
620 1101 2
630 1083 -18
640 1115 32
650 1095 -20
660 1168 73
670 1191 23
680 1161 -30
690 1170 9
700 1095 -75
710 1026 -69
720 757 -269
730 530 -227
740 442 -88
750 352 -90
760 222 -130
770 66 -156
780 24 -42
790 3 -21
800 1 -2
803 0 -1
