0 0.1 12.320037886760682 0 12.320037886760682 12.320037886760682 0 0
10 0.1 2.1 0.0 12.320037886760682 2.1 12.320037886760682 1
20 0.1 0.6024096385542169 0.0 12.320037886760682 0.6024096385542169 7.210018943380341 2
30 0.1 1.306532663316583 0.0 12.320037886760682 0.6024096385542169 5.0074825084383 3
40 0.1 1.9095477386934674 0.0 12.320037886760682 0.6024096385542169 4.082245047157871 4
50 0.1 2.217741935483871 0.0 12.320037886760682 0.6024096385542169 3.6477055854649905 5
60 0.1 2.1212121212121215 0.0 12.320037886760682 0.6024096385542169 3.409378310468137 6
70 0.1 1.7085427135678393 0.0 12.320037886760682 0.6024096385542169 3.2253545691458494 7
80 0.1 1.2048192771084338 0.0 12.320037886760682 0.6024096385542169 3.0357530871985983 8
90 0.1 1.104417670682731 0.0 12.320037886760682 0.6024096385542169 2.83231599718858 9
100 0.1 1.2121212121212122 0.0 12.320037886760682 0.6024096385542169 2.6595261645379953 10
110 0.1 2.112676056338028 0.0 12.320037886760682 0.6024096385542169 2.5279438961364695 11
120 0.1 2.320887991927346 0.0 12.320037886760682 0.6024096385542169 2.4933382428199327 12
130 0.1 1.8274111675126905 0.0 12.320037886760682 0.6024096385542169 2.480072838905118 13
140 0.1 2.525252525252525 0.0 12.320037886760682 0.6024096385542169 2.4334541480913736 14
150 0.1 2.5278058645096055 0.0 12.320037886760682 0.6024096385542169 2.439574039902117 15
160 0.1 2.8368794326241136 0.0 12.320037886760682 0.6024096385542169 2.4450885289400848 16
170 0.1 3.1313131313131315 0.0 12.320037886760682 0.6024096385542169 2.468135052686204 17
180 0.1 3.931451612903226 0.0 12.320037886760682 0.6024096385542169 2.5049782792765893 18
190 0.1 3.535353535353535 0.0 12.320037886760682 0.6024096385542169 2.5800558231516755 19
200 0.1 3.4482758620689653 0.0 12.320037886760682 0.6024096385542169 2.627820708761768 20
210 0.1 5.427135678391959 0.0 12.320037886760682 0.6024096385542169 2.666890001776397 21
220 0.1 5.295315682281059 0.0 12.320037886760682 0.6024096385542169 2.7923557143498314 22
230 0.1 5.7926829268292686 0.0 12.320037886760682 0.6024096385542169 2.901180060781624 23
240 0.1 5.90030518819939 0.0 12.320037886760682 0.6024096385542169 3.0216593468669424 24
250 0.1 5.930470347648262 0.0 12.320037886760682 0.6024096385542169 3.13680518052024 25
260 0.1 5.948717948717949 0.0 12.320037886760682 0.6024096385542169 3.244253840794395 26
270 0.1 6.960081883316274 0.0 12.320037886760682 0.6024096385542169 3.344419178124897 27
280 0.1 8.061224489795919 0.0 12.320037886760682 0.6024096385542169 3.473549989024589 28
290 0.1 8.307692307692308 0.0 12.320037886760682 0.6024096385542169 3.6317456614649797 29
300 0.1 8.811475409836065 0.0 12.320037886760682 0.6024096385542169 3.787610549672557 30
310 0.1 9.362139917695474 0.0 12.320037886760682 0.6024096385542169 3.949670706452025 31
320 0.1 9.558067831449128 0.0 12.320037886760682 0.6024096385542169 4.118810369303383 32
330 0.1 10.860655737704917 0.0 12.320037886760682 0.6024096385542169 4.28363635300477 33
340 0.1 9.12863070539419 0.0 12.320037886760682 0.6024096385542169 4.477078099613598 34
350 0.1 10.574948665297741 0.0 12.320037886760682 0.6024096385542169 4.6099796026359 35
360 0.1 10.894141829393627 0.0 12.320037886760682 0.6024096385542169 4.77567318770984 36
370 0.1 20.507614213197968 0.0 20.507614213197968 0.6024096385542169 4.941037205052645 37
380 0.1 31.39418254764293 0.0 31.39418254764293 0.6024096385542169 5.350683968424891 38
390 0.1 36.87374749498998 0.0 36.87374749498998 0.6024096385542169 6.018465983276635 39
400 0.1 41.41315014720314 0.0 41.41315014720314 0.6024096385542169 6.789848021069469 40
410 0.1 42.84332688588008 0.0 42.84332688588008 0.6024096385542169 7.634318804633705 41
420 0.1 43.051506316812436 0.0 43.051506316812436 0.6024096385542169 8.472628520853856 42
430 0.1 41.91033138401559 0.0 43.051506316812436 0.6024096385542169 9.27678846959708 43
440 0.1 41.52952565343659 0.0 43.051506316812436 0.6024096385542169 10.018459899470228 44
450 0.1 40.97560975609756 0.0 43.051506316812436 0.6024096385542169 10.718705805113926 45
460 0.1 43.34305150631681 0.0 43.34305150631681 0.6024096385542169 11.376464586657049 46
470 0.1 43.1237721021611 0.0 43.34305150631681 0.6024096385542169 12.056604733883852 47
480 0.1 44.830917874396135 0.0 44.830917874396135 0.6024096385542169 12.703837387389626 48
490 0.1 44.15204678362573 0.0 44.830917874396135 0.6024096385542169 13.359492091206086 49
500 0.1 44.51988360814743 0.0 44.830917874396135 0.6024096385542169 13.975343185054477 50
510 0.1 44.81086323957323 0.0 44.830917874396135 0.6024096385542169 14.574255742370026 51
520 0.1 44.45506692160612 0.0 44.830917874396135 0.6024096385542169 15.155728963470088 52
530 0.1 46.03330068560235 0.0 46.03330068560235 0.6024096385542169 15.708546660793408 53
540 0.1 45.85365853658537 0.0 46.03330068560235 0.6024096385542169 16.270116179771353 54
550 0.1 46.19826756496631 0.0 46.19826756496631 0.6024096385542169 16.807998768077063 55
560 0.1 45.877788554801164 0.0 46.19826756496631 0.6024096385542169 17.33282499659294 56
570 0.1 46.86595949855352 0.0 46.86595949855352 0.6024096385542169 17.83361383094747 57
580 0.1 47.235693501454904 0.0 47.235693501454904 0.6024096385542169 18.334171514871713 58
590 0.1 48.13725490196079 0.0 48.13725490196079 0.6024096385542169 18.824027819729057 59
600 0.1 48.14090019569471 0.0 48.14090019569471 0.6024096385542169 19.31258160443292 60
610 0.1 48.159203980099505 0.0 48.159203980099505 0.6024096385542169 19.785176991174918 61
620 0.1 48.90873015873016 0.0 48.90873015873016 0.6024096385542169 20.242822587770476 62
630 0.1 49.404761904761905 0.0 49.404761904761905 0.6024096385542169 20.697836993658726 63
640 0.1 49.308300395256914 0.0 49.404761904761905 0.6024096385542169 21.146382695394713 64
650 0.1 49.40239043824701 0.0 49.404761904761905 0.6024096385542169 21.579642967700288 65
660 0.1 49.30555555555556 0.0 49.404761904761905 0.6024096385542169 22.001199747557056 66
670 0.1 49.4059405940594 0.0 49.4059405940594 0.6024096385542169 22.4087274461839 67
680 0.1 49.45812807881773 0.0 49.45812807881773 0.6024096385542169 22.805745286593833 68
690 0.1 49.152542372881356 0.0 49.45812807881773 0.6024096385542169 23.19201170387244 69
700 0.1 49.25521350546177 0.0 49.45812807881773 0.6024096385542169 23.562876427715423 70
710 0.1 49.15924826904055 0.0 49.45812807881773 0.6024096385542169 23.924740330218892 71
720 0.1 49.26108374384236 0.0 49.45812807881773 0.6024096385542169 24.275219607146973 72
730 0.1 49.15422885572139 0.0 49.45812807881773 0.6024096385542169 24.61749171860855 73
740 0.1 49.20159680638723 0.0 49.45812807881773 0.6024096385542169 24.949069247488456 74
750 0.1 49.249249249249246 0.0 49.45812807881773 0.6024096385542169 25.272436281607106 75
760 0.1 49.3 0.0 49.45812807881773 0.6024096385542169 25.587920662760293 76
770 0.1 25.900000000000002 0.0 49.45812807881773 0.6024096385542169 25.895869745062107 77
780 0.1 13.247011952191235 0.0 49.45812807881773 0.6024096385542169 25.89592269704849 78
790 0.1 3.6108324974924777 0.0 49.45812807881773 0.6024096385542169 25.73580990280979 79
800 0.1 1.2987012987012987 0.0 49.45812807881773 0.6024096385542169 25.459247685243326 80
