0 0 0
10 0 0
20 0 0
30 0.1 1
40 0.6 7
50 0.7 14
60 2 34
70 1.3 47
80 0.9 56
90 0.3 59
100 0.4 63
110 0.9 72
120 1.3 85
130 1.5 100
140 1.4 114
150 1.2 126
160 1.5 141
170 1.9 160
180 2.4 184
190 2 204
200 1.5 219
210 2.2 241
220 2.3 264
230 3.9 303
240 3.5 338
250 3.7 375
260 3.3 408
270 4.1 449
280 4.8 497
290 3.8 535
300 5.2 587
310 5.5 642
320 5.4 696
330 3.7 733
340 3 763
350 3.2 795
360 3 825
370 5.7 882
380 7.9 961
390 8.5 1046
400 12.8 1174
410 14.5 1319
420 17.7 1496
430 17 1666
440 15.6 1822
450 16.1 1983
460 15.4 2137
470 15.3 2290
480 19.3 2483
490 19.6 2679
500 20.8 2887
510 19.5 3082
520 19.6 3278
530 22.5 3503
540 22.3 3726
550 24.7 3973
560 22.9 4202
570 23.8 4440
580 23.4 4674
590 28.1 4955
600 28.3 5238
610 31.3 5551
620 29.5 5846
630 31.6 6162
640 33.5 6497
650 36.8 6865
660 37.7 7242
670 38.8 7630
680 35.1 7981
690 37.2 8353
700 35.4 8707
710 36.3 9070
720 39.9 9469
730 38.9 9858
740 38.1 10239
750 32.1 10560
760 31.1 10871
770 25.4 11125
780 8.2 11207
790 2.5 11232
800 0.6 11238
803 0.1 11239
