0 0.1 3498.89453125 0 3498.89453125 3498.89453125 0 0
10 0.1 3502.92578125 0.0 3502.92578125 3498.89453125 3498.89453125 1
20 0.1 3495.28515625 0.0 3502.92578125 3495.28515625 3500.91015625 2
30 0.1 3485.8671875 0.0 3502.92578125 3485.8671875 3499.03515625 3
40 0.1 3473.1640625 0.0 3502.92578125 3473.1640625 3495.7431640625 4
50 0.1 3470.15234375 0.0 3502.92578125 3470.15234375 3491.22734375 5
60 0.1 3466.76953125 0.0 3502.92578125 3466.76953125 3487.71484375 6
70 0.1 3469.30078125 0.0 3502.92578125 3466.76953125 3484.72265625 7
80 0.1 3470.0546875 0.0 3502.92578125 3466.76953125 3482.794921875 8
90 0.1 3470.06640625 0.0 3502.92578125 3466.76953125 3481.379340277778 9
100 0.1 3468.2578125 0.0 3502.92578125 3466.76953125 3480.248046875 10
110 0.1 3467.5390625 0.0 3502.92578125 3466.76953125 3479.158025568182 11
120 0.1 3465.57421875 0.0 3502.92578125 3465.57421875 3478.1897786458335 12
130 0.1 3468.1640625 0.0 3502.92578125 3465.57421875 3477.2193509615386 13
140 0.1 3468.4140625 0.0 3502.92578125 3465.57421875 3476.5725446428573 14
150 0.1 3459.44140625 0.0 3502.92578125 3459.44140625 3476.0286458333335 15
160 0.1 3455.23828125 0.0 3502.92578125 3455.23828125 3474.991943359375 16
170 0.1 3454.640625 0.0 3502.92578125 3454.640625 3473.829963235294 17
180 0.1 3452.953125 0.0 3502.92578125 3452.953125 3472.7638888888887 18
190 0.1 3452.33984375 0.0 3502.92578125 3452.33984375 3471.7212171052633 19
200 0.1 3442.28515625 0.0 3502.92578125 3442.28515625 3470.7521484375 20
210 0.1 3430.4921875 0.0 3502.92578125 3430.4921875 3469.3965773809523 21
220 0.1 3404.109375 0.0 3502.92578125 3404.109375 3467.6281960227275 22
230 0.1 3401.16796875 0.0 3502.92578125 3401.16796875 3464.866508152174 23
240 0.1 3398.80859375 0.0 3502.92578125 3398.80859375 3462.21240234375 24
250 0.1 3401.39453125 0.0 3502.92578125 3398.80859375 3459.67625 25
260 0.1 3400.78515625 0.0 3502.92578125 3398.80859375 3457.4346454326924 26
270 0.1 3376.875 0.0 3502.92578125 3376.875 3455.336516203704 27
280 0.1 3374.8203125 0.0 3502.92578125 3374.8203125 3452.5343191964284 28
290 0.1 3360.12890625 0.0 3502.92578125 3360.12890625 3449.854525862069 29
300 0.1 3357.765625 0.0 3502.92578125 3357.765625 3446.863671875 30
310 0.1 3355.35546875 0.0 3502.92578125 3355.35546875 3443.9895413306454 31
320 0.1 3334.796875 0.0 3502.92578125 3334.796875 3441.2197265625 32
330 0.1 3316.31640625 0.0 3502.92578125 3316.31640625 3437.9947916666665 33
340 0.1 3295.8359375 0.0 3502.92578125 3295.8359375 3434.416015625 34
350 0.1 3248.9296875 0.0 3502.92578125 3248.9296875 3430.4565848214284 35
360 0.1 3210.15625 0.0 3502.92578125 3210.15625 3425.414171006944 36
370 0.1 3172.55078125 0.0 3502.92578125 3172.55078125 3419.596389358108 37
380 0.1 3152.53125 0.0 3502.92578125 3152.53125 3413.0951891447367 38
390 0.1 3118.55859375 0.0 3502.92578125 3118.55859375 3406.4140625 39
400 0.1 3115.9453125 0.0 3502.92578125 3115.9453125 3399.21767578125 40
410 0.1 3112.796875 0.0 3502.92578125 3112.796875 3392.30859375 41
420 0.1 3116.95703125 0.0 3502.92578125 3112.796875 3385.6535528273807 42
430 0.1 3119.57421875 0.0 3502.92578125 3112.796875 3379.404796511628 43
440 0.1 3120.01953125 0.0 3502.92578125 3112.796875 3373.4995561079545 44
450 0.1 3127.3203125 0.0 3502.92578125 3112.796875 3367.866666666667 45
460 0.1 3137.91796875 0.0 3502.92578125 3112.796875 3362.637398097826 46
470 0.1 3131.72265625 0.0 3502.92578125 3112.796875 3357.856133643617 47
480 0.1 3133.72265625 0.0 3502.92578125 3112.796875 3353.14501953125 48
490 0.1 3137.25 0.0 3502.92578125 3112.796875 3348.667012117347 49
500 0.1 3133.77734375 0.0 3502.92578125 3112.796875 3344.438671875 50
510 0.1 3133.12109375 0.0 3502.92578125 3112.796875 3340.3080575980393 51
520 0.1 3134.609375 0.0 3502.92578125 3112.796875 3336.323692908654 52
530 0.1 3132.50390625 0.0 3502.92578125 3112.796875 3332.5177623820755 53
540 0.1 3133.953125 0.0 3502.92578125 3112.796875 3328.8138020833335 54
550 0.1 3134.62109375 0.0 3502.92578125 3112.796875 3325.270880681818 55
560 0.1 3135.51953125 0.0 3502.92578125 3112.796875 3321.8664202008927 56
570 0.1 3131.87109375 0.0 3502.92578125 3112.796875 3318.597176535088 57
580 0.1 3136.984375 0.0 3502.92578125 3112.796875 3315.3777613146553 58
590 0.1 3133.61328125 0.0 3502.92578125 3112.796875 3312.3541445974574 59
600 0.1 3115.6015625 0.0 3502.92578125 3112.796875 3309.3751302083333 60
610 0.1 3112.04296875 0.0 3502.92578125 3112.04296875 3306.198514344262 61
620 0.1 3099.23046875 0.0 3502.92578125 3099.23046875 3303.0669732862902 62
630 0.1 3097.7265625 0.0 3502.92578125 3097.7265625 3299.831473214286 63
640 0.1 3097.66796875 0.0 3502.92578125 3097.66796875 3296.673583984375 64
650 0.1 3082.41015625 0.0 3502.92578125 3082.41015625 3293.6119591346155 65
660 0.1 3082.859375 0.0 3502.92578125 3082.41015625 3290.411931818182 66
670 0.1 3084.0859375 0.0 3502.92578125 3082.41015625 3287.3141324626868 67
680 0.1 3057.54296875 0.0 3502.92578125 3057.54296875 3284.325482536765 68
690 0.1 3057.671875 0.0 3502.92578125 3057.54296875 3281.038779438406 69
700 0.1 3057.40234375 0.0 3502.92578125 3057.40234375 3277.8478236607143 70
710 0.1 2994.2265625 0.0 3502.92578125 2994.2265625 3274.742957746479 71
720 0.1 2986.921875 0.0 3502.92578125 2986.921875 3270.8468967013887 72
730 0.1 2987.23046875 0.0 3502.92578125 2986.921875 3266.957512842466 73
740 0.1 2997.18359375 0.0 3502.92578125 2986.921875 3263.177417652027 74
750 0.1 3006.13671875 0.0 3502.92578125 2986.921875 3259.630833333333 75
760 0.1 3021.984375 0.0 3502.92578125 2986.921875 3256.2953844572367 76
770 0.1 3087.22265625 0.0 3502.92578125 2986.921875 3253.2523843344156 77
780 0.1 3131.1171875 0.0 3502.92578125 2986.921875 3251.123798076923 78
790 0.1 3216.30078125 0.0 3502.92578125 2986.921875 3249.6047270569616 79
800 0.1 3250.43359375 0.0 3502.92578125 2986.921875 3249.1884277343747 80
