0 0.1 0.0 0 0.0 0.0 0 0
10 0.1 0.0703125 0.0 0.0703125 0.0 0.0 1
20 0.1 0.05859375 0.0 0.0703125 0.0 0.03515625 2
30 0.1 0.05078125 0.0 0.0703125 0.0 0.04296875 3
40 0.1 0.0390625 0.0 0.0703125 0.0 0.044921875 4
50 0.1 0.0390625 0.0 0.0703125 0.0 0.04375 5
60 0.1 0.03125 0.0 0.0703125 0.0 0.04296875 6
70 0.1 0.01953125 0.0 0.0703125 0.0 0.041294642857142856 7
80 0.1 0.01953125 0.0 0.0703125 0.0 0.03857421875 8
90 0.1 0.01953125 0.0 0.0703125 0.0 0.036458333333333336 9
100 0.1 0.01171875 0.0 0.0703125 0.0 0.034765625 10
110 0.1 0.01171875 0.0 0.0703125 0.0 0.032670454545454544 11
120 0.1 0.01171875 0.0 0.0703125 0.0 0.030924479166666668 12
130 0.1 0.01171875 0.0 0.0703125 0.0 0.029447115384615384 13
140 0.1 0.01171875 0.0 0.0703125 0.0 0.028180803571428572 14
150 0.1 0.0 0.0 0.0703125 0.0 0.027083333333333334 15
160 0.1 0.0 0.0 0.0703125 0.0 0.025390625 16
170 0.1 0.0 0.0 0.0703125 0.0 0.02389705882352941 17
180 0.1 0.0 0.0 0.0703125 0.0 0.022569444444444444 18
190 0.1 0.0 0.0 0.0703125 0.0 0.02138157894736842 19
200 0.1 0.0 0.0 0.0703125 0.0 0.0203125 20
210 0.1 0.0 0.0 0.0703125 0.0 0.019345238095238096 21
220 0.1 0.0 0.0 0.0703125 0.0 0.018465909090909092 22
230 0.1 0.0 0.0 0.0703125 0.0 0.017663043478260868 23
240 0.1 0.0 0.0 0.0703125 0.0 0.016927083333333332 24
250 0.1 0.0 0.0 0.0703125 0.0 0.01625 25
260 0.1 0.0 0.0 0.0703125 0.0 0.015625 26
270 0.1 0.0 0.0 0.0703125 0.0 0.015046296296296295 27
280 0.1 0.0 0.0 0.0703125 0.0 0.014508928571428572 28
290 0.1 0.0 0.0 0.0703125 0.0 0.014008620689655173 29
300 0.1 0.0 0.0 0.0703125 0.0 0.013541666666666667 30
310 0.1 0.0 0.0 0.0703125 0.0 0.01310483870967742 31
320 0.1 0.0 0.0 0.0703125 0.0 0.0126953125 32
330 0.1 0.0 0.0 0.0703125 0.0 0.01231060606060606 33
340 0.1 0.0 0.0 0.0703125 0.0 0.011948529411764705 34
350 0.1 0.0 0.0 0.0703125 0.0 0.011607142857142858 35
360 0.1 0.0 0.0 0.0703125 0.0 0.011284722222222222 36
370 0.1 0.1484375 0.0 0.1484375 0.0 0.01097972972972973 37
380 0.1 0.12109375 0.0 0.1484375 0.0 0.01459703947368421 38
390 0.1 0.328125 0.0 0.328125 0.0 0.01732772435897436 39
400 0.1 0.26953125 0.0 0.328125 0.0 0.02509765625 40
410 0.1 0.390625 0.0 0.390625 0.0 0.031059451219512195 41
420 0.1 0.48046875 0.0 0.48046875 0.0 0.03962053571428571 42
430 0.1 0.3984375 0.0 0.48046875 0.0 0.04987281976744186 43
440 0.1 0.6484375 0.0 0.6484375 0.0 0.057794744318181816 44
450 0.1 0.859375 0.0 0.859375 0.0 0.07092013888888889 45
460 0.1 0.73046875 0.0 0.859375 0.0 0.08806046195652174 46
470 0.1 0.76171875 0.0 0.859375 0.0 0.10172872340425532 47
480 0.1 0.80859375 0.0 0.859375 0.0 0.115478515625 48
490 0.1 0.75 0.0 0.859375 0.0 0.12962372448979592 49
500 0.1 1.01953125 0.0 1.01953125 0.0 0.14203125 50
510 0.1 0.94140625 0.0 1.01953125 0.0 0.15923713235294118 51
520 0.1 1.1015625 0.0 1.1015625 0.0 0.17427884615384615 52
530 0.1 1.25 0.0 1.25 0.0 0.19177476415094338 53
540 0.1 1.19921875 0.0 1.25 0.0 0.2113715277777778 54
550 0.1 1.23828125 0.0 1.25 0.0 0.22933238636363637 55
560 0.1 1.28125 0.0 1.28125 0.0 0.24734933035714285 56
570 0.1 1.3203125 0.0 1.3203125 0.0 0.2654879385964912 57
580 0.1 1.3515625 0.0 1.3515625 0.0 0.28367456896551724 58
590 0.1 1.2890625 0.0 1.3515625 0.0 0.3017743644067797 59
600 0.1 1.41015625 0.0 1.41015625 0.0 0.3182291666666667 60
610 0.1 1.421875 0.0 1.421875 0.0 0.3361296106557377 61
620 0.1 1.3515625 0.0 1.421875 0.0 0.3536416330645161 62
630 0.1 1.30078125 0.0 1.421875 0.0 0.3694816468253968 63
640 0.1 1.328125 0.0 1.421875 0.0 0.384033203125 64
650 0.1 1.28125 0.0 1.421875 0.0 0.39855769230769234 65
660 0.1 1.23046875 0.0 1.421875 0.0 0.4119318181818182 66
670 0.1 1.19921875 0.0 1.421875 0.0 0.42414878731343286 67
680 0.1 1.171875 0.0 1.421875 0.0 0.435546875 68
690 0.1 1.28125 0.0 1.421875 0.0 0.4462182971014493 69
700 0.1 1.23046875 0.0 1.421875 0.0 0.45814732142857145 70
710 0.1 1.19921875 0.0 1.421875 0.0 0.469025088028169 71
720 0.1 1.171875 0.0 1.421875 0.0 0.4791666666666667 72
730 0.1 1.140625 0.0 1.421875 0.0 0.4886558219178082 73
740 0.1 1.12109375 0.0 1.421875 0.0 0.49746621621621623 74
750 0.1 1.26171875 0.0 1.421875 0.0 0.50578125 75
760 0.1 1.30078125 0.0 1.421875 0.0 0.5157277960526315 76
770 0.1 1.1015625 0.0 1.421875 0.0 0.5259232954545454 77
780 0.1 0.9296875 0.0 1.421875 0.0 0.5333032852564102 78
790 0.1 0.7890625 0.0 1.421875 0.0 0.5383208069620253 79
800 0.1 0.66015625 0.0 1.421875 0.0 0.541455078125 80
