0 1.4 22.473857142857145 47.11243507649264 190.921 6.628 0 0
10 5.3 42.46524528301887 53.511032858832785 201.783 6.628 22.473857142857145 14
20 11.1 44.593981981982004 43.65392134125116 201.783 6.304 38.287940298507465 67
30 17.6 67.22909659090921 58.33773461273887 299.922 6.304 42.22035955056182 178
40 24.3 64.10668724279839 49.57805352763887 299.922 6.304 54.65408192090402 354
50 24.5 62.08305714285712 46.38449294565271 343.639 6.304 58.501624790619815 597
60 21.2 45.927438679245284 38.50024680760162 343.639 6.304 59.543728028503594 842
70 13.7 41.37344525547446 33.871379143015744 343.639 6.304 56.804967741935506 1054
80 12.7 44.17330708661415 41.35307335302108 343.639 6.304 55.02988916876576 1191
90 16.2 59.122919753086414 59.3756334365149 356.052 6.304 53.98376934749622 1318
100 22.3 58.44587892376683 44.876830682607086 356.052 6.304 54.54629797297299 1480
110 25.6 52.11832031250004 39.959053022952766 356.052 6.092 55.056930123311815 1703
120 28.5 50.344070175438624 43.236717207476374 356.052 6.092 54.672915773353765 1959
130 28.7 53.257522648083594 41.860586403197 356.052 6.092 54.123129233511605 2244
140 31.7 58.089154574132515 58.23111421269947 502.129 6.092 54.02497471355197 2531
150 37.3 66.1342841823056 59.326547162142965 502.129 6.092 54.47734304775283 2848
160 39.3 53.11314758269723 37.7705327811053 502.129 6.092 55.82724650729588 3221
170 40.4 57.110398514851546 42.60329507485014 502.129 6.092 55.53210514665192 3614
180 42.1 53.890593824228006 45.80625057067359 502.129 6.092 55.690798656047804 4018
190 43.6 56.87375688073395 49.55971080332071 502.129 6.036 55.52006510475334 4439
200 54 56.621535185185195 48.014285437201494 502.129 6.036 55.641133743589755 4875
210 63.7 71.0098430141288 68.62978388385 502.129 6.036 55.7389023084026 5415
220 70.5 57.10912198581563 43.48220959357666 502.129 6.036 57.346236946463996 6052
230 71.4 58.261715686274485 47.09329286001943 502.129 6.036 57.32149726209858 6757
240 73.6 68.77229619565215 62.21914626388153 502.129 5.682 57.411353500200796 7471
250 77 65.39169610389597 52.98168880803822 502.129 5.682 58.43019763616426 8207
260 88.6 75.44893115124155 65.27795396377064 502.129 5.682 59.02731848056143 8977
270 93.7 78.37815901814285 63.26972763218028 502.129 5.682 60.50248311872656 9863
280 100.4 99.17587948207176 96.58136291051092 770.944 5.257 62.05336351851851 10800
290 103.9 116.28348989412885 113.73557024543602 770.944 5.257 65.2108530159268 11804
300 111 186.63894414414438 177.0131306548656 859.375 5.257 69.34263450907108 12843
310 119.9 170.25804670558813 172.90150140891114 1033.05 5.257 78.67388253422205 13953
320 121.6 407.8323453947369 346.63318050582143 1594.934 5.257 85.92107187170012 15152
330 115.7 859.9941477960231 550.6435075972895 2017.34 5.257 109.83627889784948 16368
340 120.3 1186.6741122194526 639.9365812397645 2594.996 5.257 159.36167999999992 17525
350 121.1 1824.3880561519422 826.3082742508428 3150.2 5.257 225.3514736757796 18728
360 147.3 1666.0538024439888 1131.2668943055512 3718.775 0.764 322.46934826219984 19939
370 194.3 1316.2106937725182 1286.0075263542947 4148.111 0.762 414.89882243601716 21412
380 236.1 1093.9173070732745 1217.20786198673 4148.111 0.762 489.8827216441876 23355
390 289.4 889.8539060124403 1217.041023771042 4162.153 0.742 545.3394667133304 25716
400 317.9 816.5170949984266 1175.4497868567414 4219.158 0.742 580.1882883607133 28610
410 327.9 761.213176578221 1158.3565694393656 4498.842 0.742 603.8219124539937 31789
420 311.7 806.8989326275278 1220.241884881925 5157.24 0.742 618.5386329702291 35068
430 318.9 800.6722038256536 1171.0190442026883 5157.24 0.742 633.9142792719654 38185
440 325.6 787.3484883292377 1246.4472817698395 5157.24 0.742 646.7675451249579 41374
450 342.8 748.5495172111996 1192.2770668477938 5218.321 0.742 657.0236856374637 44630
460 355.6 733.0511189538811 1188.7318638581746 5218.321 0.742 663.5522667401889 48058
470 386.2 675.3347545313308 1129.5039099760552 5218.321 0.742 668.3404621614291 51614
480 397.9 634.9485991455143 1102.9201615661202 5218.321 0.742 668.8273746484966 55476
490 400.9 657.1693584435002 1153.8112705840933 5331.866 0.742 666.5600523421075 59455
500 413.1 624.8976381021532 1106.5421267770946 5331.866 0.741 665.9668452981216 63464
510 431.9 589.7237564250985 1122.940907357441 5899.651 0.741 663.4569422738366 67595
520 433 579.9843348729796 1127.0993240246296 5899.651 0.741 659.0286858887001 71914
530 458.3 562.9634163211884 1117.250583890328 6587.372 0.741 654.5396501626356 76244
540 479.8 537.9597440600264 1111.1673531116282 6587.372 0.741 649.3471540945475 80827
550 483.2 540.9172876655607 1131.3645668665774 6587.372 0.741 643.1055565080292 85625
560 509 516.1894333988213 1080.4972696699697 6587.372 0.741 637.646899742419 90457
570 539.4 480.5541744530966 1042.3580806032028 6587.372 0.741 631.1765918971814 95547
580 571.4 464.3518076653845 1019.4495011464389 6587.372 0.741 623.1277582251017 100941
590 591 439.9375720812181 1006.043926866273 6587.372 0.741 614.6213986404763 106655
600 581 427.503808950087 990.6813395776304 6587.372 0.741 605.449973997246 112565
610 648.6 409.8766689793395 1015.6745716739731 7170.903 0.741 596.7161432143612 118375
620 684.3 384.0668554727479 952.786759836913 7199.148 0.741 587.0106240379303 124861
630 720.1 366.6057280933209 936.2406589172102 8033.617 0.741 576.4661894855132 131704
640 747.5 363.88478341137136 945.2053715538882 8033.617 0.741 565.5867741837949 138905
650 743.8 361.29419306265015 900.689815657273 8033.617 0.741 555.2867169285423 146380
660 742.6 357.80712752491235 894.8938171842361 8033.617 0.741 545.9060437139998 153818
670 737 367.1565926729988 933.6774253794667 8033.617 0.741 537.2432559413064 161244
680 749.5 352.5644158772525 890.8290239873929 8033.617 0.741 529.8088868599286 168614
690 737.5 365.54581654237455 902.9157611370621 8033.617 0.741 522.2655624982256 176109
700 771.5 356.7754202203515 807.7013770308662 8033.617 0.741 515.9663313585927 183484
710 783.8 353.6895865016579 742.8934080445517 8033.617 0.741 509.54287789162095 191199
720 731.9 367.63615425604195 775.4148977697525 8033.617 0.741 503.4054356174985 199037
730 651.3 403.28417871948255 875.1439930108551 8033.617 0.741 498.5899935160597 206356
740 474.3 516.2136812144205 1058.4727429522006 9230.2 0.741 495.67398990928695 212869
750 335.8 745.0243564621792 1159.7309269519362 9230.2 0.741 496.12166630516697 217612
760 212.5 864.127113882353 1278.205533120744 9230.2 0.741 499.904149146943 220970
770 117.2 574.5462704778149 1232.866103522553 9230.2 0.741 503.3734057419485 223095
780 38.7 42.31050645994833 67.2064681398017 9230.2 0.741 503.745348994725 224267
790 10 50.626679999999986 72.42777040802513 9230.2 0.741 502.9504587009356 224654
800 2.5 32.76708000000001 48.346939232112724 9230.2 0.741 502.7492058739777 224754
803 0.1 4.926 0.0 9230.2 0.741 502.6969342954635 224779
