10 0.1 464 0 464 464 0 0
20 0.1 729.0 0.0 729 464 464.0 1
30 0.1 1.5e3 0.0 1500 464 596.5 2
40 0.1 2129.0 0.0 2129 464 897.6666666666666 3
50 0.1 2768.0 0.0 2768 464 1205.5 4
60 0.1 2602.0 0.0 2768 464 1518.0 5
70 0.1 1793.0 0.0 2768 464 1698.6666666666667 6
80 0.1 1336.0 0.0 2768 464 1712.142857142857 7
90 0.1 1349.0 0.0 2768 464 1665.125 8
100 0.1 1891.0 0.0 2768 464 1630.0 9
110 0.1 2542.0 0.0 2768 464 1656.1 10
120 0.1 2822.0 0.0 2822 464 1736.6363636363637 11
130 0.1 2961.0 0.0 2961 464 1827.0833333333333 12
140 0.1 3130.0 0.0 3130 464 1914.3076923076924 13
150 0.1 3456.0 0.0 3456 464 2001.142857142857 14
160 0.1 4035.0 0.0 4035 464 2098.133333333333 15
170 0.1 4120.0 0.0 4120 464 2219.1875 16
180 0.1 4205.0 0.0 4205 464 2331.0 17
190 0.1 4512.0 0.0 4512 464 2435.1111111111113 18
200 0.1 4755.0 0.0 4755 464 2544.4210526315787 19
210 0.1 6021.0 0.0 6021 464 2654.95 20
220 0.1 7119.0 0.0 7119 464 2815.2380952380954 21
230 0.1 7633.0 0.0 7633 464 3010.8636363636365 22
240 0.1 7668.0 0.0 7668 464 3211.8260869565215 23
250 0.1 8283.0 0.0 8283 464 3397.5 24
260 0.1 8647.0 0.0 8647 464 3592.92 25
270 0.1 9462.0 0.0 9462 464 3787.3076923076924 26
280 0.1 10406.0 0.0 10406 464 3997.4814814814813 27
290 0.1 11043.0 0.0 11043 464 4226.357142857143 28
300 0.1 11758.0 0.0 11758 464 4461.413793103448 29
310 0.1 12595.0 0.0 12595 464 4704.633333333333 30
320 0.1 13039.0 0.0 13039 464 4959.1612903225805 31
330 0.1 13829.0 0.0 13829 464 5211.65625 32
340 0.1 13810.0 0.0 13829 464 5472.787878787879 33
350 0.1 13950.0 0.0 13950 464 5718.0 34
360 0.1 14407.0 0.0 14407 464 5953.2 35
370 0.1 15859.0 0.0 15859 464 6188.027777777777 36
380 0.1 18925.0 0.0 18925 464 6449.405405405405 37
390 0.1 21818.0 0.0 21818 464 6777.710526315789 38
400 0.1 24346.0 0.0 24346 464 7163.358974358975 39
410 0.1 26241.0 0.0 26241 464 7592.925 40
420 0.1 26210.0 0.0 26241 464 8047.756097560976 41
430 0.1 25401.0 0.0 26241 464 8480.190476190477 42
440 0.1 25581.0 0.0 26241 464 8873.697674418607 43
450 0.1 25519.0 0.0 26241 464 9253.409090909094 44
460 0.1 25934.0 0.0 26241 464 9614.866666666669 45
470 0.1 28435.0 0.0 28435 464 9969.630434782612 46
480 0.1 29352.0 0.0 29352 464 10362.510638297876 47
490 0.1 29153.0 0.0 29352 464 10758.125000000004 48
500 0.1 29846.0 0.0 29846 464 11133.530612244902 49
510 0.1 30430.0 0.0 30430 464 11507.780000000004 50
520 0.1 30688.0 0.0 30688 464 11878.803921568631 51
530 0.1 32359.0 0.0 32359 464 12240.519230769236 52
540 0.1 32665.0 0.0 32665 464 12620.113207547174 53
550 0.1 32031.0 0.0 32665 464 12991.31481481482 54
560 0.1 33245.0 0.0 33245 464 13337.490909090913 55
570 0.1 35710.0 0.0 35710 464 13692.982142857147 56
580 0.1 37010.0 0.0 37010 464 14079.245614035091 57
590 0.1 38283.0 0.0 38283 464 14474.603448275866 58
600 0.1 38783.0 0.0 38783 464 14878.135593220342 59
610 0.1 39546.0 0.0 39546 464 15276.550000000005 60
620 0.1 40966.0 0.0 40966 464 15674.409836065577 61
630 0.1 43744.0 0.0 43744 464 16082.338709677422 62
640 0.1 46379.0 0.0 46379 464 16521.412698412703 63
650 0.1 47908.0 0.0 47908 464 16987.937500000007 64
660 0.1 45885.0 0.0 47908 464 17463.630769230775 65
670 0.1 45684.0 0.0 47908 464 17894.257575757583 66
680 0.1 46679.0 0.0 47908 464 18309.029850746276 67
690 0.1 46813.0 0.0 47908 464 18726.235294117654 68
700 0.1 49082.0 0.0 49082 464 19133.28985507247 69
710 0.1 52425.0 0.0 52425 464 19561.128571428577 70
720 0.1 52758.0 0.0 52758 464 20024.000000000007 71
730 0.1 47834.0 0.0 52758 464 20478.638888888894 72
740 0.1 40752.0 0.0 52758 464 20853.369863013704 73
750 0.1 31308.0 0.0 52758 464 21122.270270270277 74
760 0.1 21284.0 0.0 52758 464 21258.080000000005 75
770 0.1 11944.0 0.0 52758 464 21258.421052631584 76
780 0.1 5650.0 0.0 52758 464 21137.45454545455 77
790 0.1 1552.0 0.0 52758 464 20938.89743589744 78
800 0.1 363.0 0.0 52758 363 20693.49367088608 79
