0 1.5 20.961000000000002 29.97589591210467 105.118 6.628 0 0
10 7 32.11432857142857 30.813880681890023 143.398 6.628 20.961000000000002 15
20 16.2 30.511598765432094 25.14806536737423 143.398 6.304 30.14609411764706 85
30 28.1 42.10009608540926 37.416551927886985 278.475 6.304 30.385817813765176 247
40 39 40.1442076923077 35.106673658648056 278.475 6.212 36.62012121212121 528
50 38 39.71900789473679 34.15028414249427 331.612 5.787 38.11728213507625 918
60 30.1 32.28147508305649 28.258057738511216 331.612 5.787 38.58620030816639 1298
70 19 29.795536842105264 21.909287728368355 331.612 5.787 37.399382113821126 1599
80 17.5 32.01872571428571 23.9461569460481 331.612 5.787 36.591818893236436 1789
90 24.7 38.73053036437246 37.420341318632104 331.612 5.787 36.18433859470468 1964
100 35.3 36.92186685552406 28.492117442830395 331.612 5.787 36.4687842605156 2211
110 38.5 34.569314285714306 26.934980450185474 331.612 5.787 36.53116263650546 2564
120 41.8 34.28249999999997 27.8159615621677 331.612 5.787 36.27503797897592 2949
130 43.3 35.25521247113167 27.930699443867827 331.612 5.787 36.0276721116721 3367
140 47.3 38.92826849894293 42.3732799645898 502.129 5.787 35.93965236842105 3800
150 57.1 43.129166374781086 39.1677959780471 502.129 5.787 36.270477416335126 4273
160 59.6 34.98229026845637 25.646121625648505 502.129 5.787 37.078964492155244 4844
170 61.2 37.71853921568627 28.769898859781488 502.129 5.787 36.84925533088235 5440
180 60.6 37.34139768976896 30.815108029288076 502.129 5.787 36.93716044282882 6052
190 64.3 38.66624105754277 32.93894941861263 502.129 5.787 36.97395343947131 6658
200 81.7 37.3816217870257 32.367416404052946 502.129 5.787 37.12299342555814 7301
210 98.8 45.68153947368419 46.93656288473468 502.129 5.787 37.1490219265829 8118
220 106.9 37.620411599625925 30.14219373674884 502.129 5.787 38.07479914342191 9106
230 105.4 39.51420777988616 33.44670142481408 502.129 5.787 38.02706054054054 10175
240 108.7 46.43548850045987 43.712220758785215 502.129 5.682 38.16665028052364 11229
250 116.8 43.13962585616424 37.84353869796669 502.129 5.682 38.89645112049365 12316
260 134.6 49.60391604754826 45.02793589781862 502.129 5.682 39.26399992583801 13484
270 139.9 52.45626447462462 46.50066501522163 502.129 5.682 40.20247107215102 14830
280 150.5 66.18764584717614 68.73044047112104 557.703 5.257 41.25879351777679 16229
290 158.4 77.29212373737346 79.74022082198222 585.174 5.257 43.37438632006313 17734
300 166.2 123.7429073405536 122.15494738151055 772.735 5.257 46.15550735065737 19318
310 176.2 116.66984052213388 118.98640541300004 772.735 5.257 52.301849523355536 20980
320 180.7 277.12647592695043 213.91643024386724 1113.292 5.257 57.28893949520706 22742
330 178.6 579.242211086224 286.3685647538994 1449.386 5.257 73.47071587437364 24549
340 183.2 795.1296812227071 284.05690089277095 1691.927 5.257 107.77137622935236 26335
350 187.7 1194.4941923281863 267.8132751908271 1823.18 5.257 152.47760744843234 28167
360 220.4 1129.4950880217732 600.673135610931 2633.75 0.687 217.57763174011447 30044
370 291.8 876.018133995887 742.7547502702381 2633.75 0.687 279.90292551476017 32248
380 355.7 718.0349415237575 721.7857310462974 2633.75 0.68 329.3672995791385 35166
390 442.7 582.7004648746315 753.9942455714308 2633.75 0.669 365.0693578493399 38723
400 481.5 536.8023021806912 735.1667942993813 2775.464 0.669 387.39735114716063 43150
410 495.6 507.9344794188844 728.8619857456226 2775.464 0.669 402.39547142708244 47965
420 465.4 534.7052241082916 772.0322589556454 2949.03 0.669 412.27909652122975 52921
430 472.1 545.9847203982229 750.7859315981689 2949.03 0.669 422.1752528006945 57575
440 484.7 526.9147947183872 795.7015481088449 3023.502 0.669 431.5579498683703 62296
450 516.5 499.60214946757117 766.8725522252034 3091.509 0.669 438.44168498577693 67143
460 534.6 487.229305274974 750.9185130504064 3091.509 0.669 442.81041042484964 72308
470 584.2 439.7580234508736 708.7151115588986 3091.509 0.669 445.86837797151514 77654
480 596.7 428.554319255907 721.4201752379581 3091.509 0.669 445.44085220848956 83496
490 600.8 436.39650532623097 751.721281076139 3325.479 0.669 444.3145548327246 89463
500 615.8 418.1863062682678 714.6706549971948 3325.479 0.669 443.81627115040203 95471
510 651.2 394.15337868550205 745.8046888222818 3325.479 0.669 442.26327620069105 101629
520 650.6 380.99878419920174 721.9953060541661 3325.479 0.669 439.3662098464044 108141
530 690.4 374.7087840382369 731.7840756548313 3831.293 0.669 436.05396904410946 114647
540 713.6 360.38471552690476 739.1947360728706 3831.293 0.669 432.569611389458 121551
550 721.2 365.8301336661116 748.3442830152194 3831.293 0.669 428.5667873522578 128687
560 763.4 343.0462207230805 697.3284639759414 3831.293 0.669 425.23742697150084 135899
570 813.2 316.8319547466794 678.0218860909754 3831.293 0.669 420.86597463301115 143533
580 861.9 303.6331363267207 674.6642326731196 3831.293 0.669 415.28786069956806 151665
590 888.9 294.51793306333843 670.1219020260023 3841.695 0.669 409.28381744278903 160284
600 867.8 284.9779074671577 673.9162785427316 3841.695 0.669 403.2535765281695 169173
610 966.3 275.43378267618834 702.3458622139935 4161.062 0.669 397.48247456016554 177851
620 1031.8 254.19097034309206 655.4366544476837 4288.629 0.669 391.1930427861387 187514
630 1089.4 240.35228621259404 637.521632477416 4666.363 0.669 384.04764980892895 197832
640 1127.9 240.6944990690659 647.0118180072508 4666.363 0.669 376.5477825618276 208726
650 1118.9 235.82963026186442 619.9528970208066 4666.363 0.669 369.5829900138634 220005
660 1105.7 240.53698625305296 630.76790513401 4666.363 0.669 363.10978421152805 231194
670 1096.9 245.2938973470689 650.5541064403888 4666.363 0.669 357.51522556356844 242251
680 1128.6 234.23450664540127 616.5506294340491 4666.363 0.669 352.654014959324 253220
690 1108.4 238.32023917358353 624.4075317623509 4666.363 0.669 347.60126541552944 264506
700 1167.8 232.43875492378922 558.1008149675113 4666.363 0.669 343.206073663776 275590
710 1187.1 227.47292351107762 524.2731983860909 4666.363 0.669 338.7031678467496 287268
720 1112.6 238.37408017256712 567.4298857519664 4666.363 0.669 334.2891187575009 299139
730 994.4 263.24418262268705 662.0053093829146 5303.388 0.669 330.84963728425714 310265
740 704.7 346.7985680431394 813.2278278779831 5956.002 0.669 328.7501689958747 320209
750 489 511.729487116566 924.5259744306511 5956.002 0.669 329.13881601254076 327256
760 287 632.3822306620219 1050.1490794202803 5956.002 0.669 331.82699645637774 332146
770 150.3 429.5845508982022 967.7376504129709 5956.002 0.669 334.4017795179933 335016
780 49.7 32.89420925553319 58.53537476608922 5956.002 0.669 334.82689579786 336519
790 12.4 40.791024193548395 67.2211762835415 5956.002 0.669 334.38163342096533 337016
800 2.9 28.215310344827586 46.20873491921977 5956.002 0.669 334.27365087500755 337140
803 0.1 4.926 0.0 5956.002 0.669 334.24732671153055 337169
