10 0.1 339 0 339 339 0 0
20 0.1 459.0 0.0 459 339 339.0 1
30 0.1 890.0 0.0 890 339 399.0 2
40 0.1 1162.0 0.0 1162 339 562.6666666666666 3
50 0.1 1558.0 0.0 1558 339 712.5 4
60 0.1 1425.0 0.0 1558 339 881.6 5
70 0.1 1149.0 0.0 1558 339 972.1666666666666 6
80 0.1 864.0 0.0 1558 339 997.4285714285714 7
90 0.1 847.0 0.0 1558 339 980.75 8
100 0.1 1102.0 0.0 1558 339 965.8888888888889 9
110 0.1 1438.0 0.0 1558 339 979.5 10
120 0.1 1630.0 0.0 1630 339 1021.1818181818181 11
130 0.1 1808.0 0.0 1808 339 1071.9166666666667 12
140 0.1 1804.0 0.0 1808 339 1128.5384615384614 13
150 0.1 2015.0 0.0 2015 339 1176.7857142857142 14
160 0.1 2312.0 0.0 2312 339 1232.6666666666667 15
170 0.1 2404.0 0.0 2404 339 1300.125 16
180 0.1 2409.0 0.0 2409 339 1365.0588235294117 17
190 0.1 2723.0 0.0 2723 339 1423.0555555555557 18
200 0.1 2882.0 0.0 2882 339 1491.4736842105262 19
210 0.1 3502.0 0.0 3502 339 1561.0 20
220 0.1 3931.0 0.0 3931 339 1653.4285714285713 21
230 0.1 4382.0 0.0 4382 339 1756.9545454545455 22
240 0.1 4436.0 0.0 4436 339 1871.0869565217392 23
250 0.1 4949.0 0.0 4949 339 1977.9583333333333 24
260 0.1 5118.0 0.0 5118 339 2096.8 25
270 0.1 5444.0 0.0 5444 339 2213.0000000000005 26
280 0.1 5964.0 0.0 5964 339 2332.6666666666674 27
290 0.1 6158.0 0.0 6158 339 2462.357142857144 28
300 0.1 6336.0 0.0 6336 339 2589.7931034482767 29
310 0.1 6964.0 0.0 6964 339 2714.6666666666674 30
320 0.1 7338.0 0.0 7338 339 2851.741935483872 31
330 0.1 7670.0 0.0 7670 339 2991.937500000001 32
340 0.1 7585.0 0.0 7670 339 3133.6969696969704 33
350 0.1 7702.0 0.0 7702 339 3264.6176470588243 34
360 0.1 7742.0 0.0 7742 339 3391.400000000001 35
370 0.1 9229.0 0.0 9229 339 3512.250000000001 36
380 0.1 12122.0 0.0 12122 339 3666.7567567567576 37
390 0.1 14596.0 0.0 14596 339 3889.2631578947376 38
400 0.1 17442.0 0.0 17442 339 4163.794871794873 39
410 0.1 19102.0 0.0 19102 339 4495.750000000002 40
420 0.1 19052.0 0.0 19102 339 4852.000000000002 41
430 0.1 18921.0 0.0 19102 339 5190.09523809524 42
440 0.1 18623.0 0.0 19102 339 5509.418604651165 43
450 0.1 19050.0 0.0 19102 339 5807.454545454548 44
460 0.1 19692.0 0.0 19692 339 6101.733333333336 45
470 0.1 21241.0 0.0 21241 339 6397.173913043481 46
480 0.1 22221.0 0.0 22221 339 6713.000000000003 47
490 0.1 22689.0 0.0 22689 339 7036.083333333336 48
500 0.1 22921.0 0.0 22921 339 7355.5306122449 49
510 0.1 23548.0 0.0 23548 339 7666.840000000002 50
520 0.1 24474.0 0.0 24474 339 7978.23529411765 51
530 0.1 25758.0 0.0 25758 339 8295.46153846154 52
540 0.1 25987.0 0.0 25987 339 8624.943396226417 53
550 0.1 26430.0 0.0 26430 339 8946.462962962965 54
560 0.1 27070.0 0.0 27070 339 9264.345454545457 55
570 0.1 28556.0 0.0 28556 339 9582.303571428574 56
580 0.1 30228.0 0.0 30228 339 9915.175438596494 57
590 0.1 31996.0 0.0 31996 339 10265.39655172414 58
600 0.1 32460.0 0.0 32460 339 10633.711864406781 59
610 0.1 33693.0 0.0 33693 339 10997.483333333335 60
620 0.1 35174.0 0.0 35174 339 11369.54098360656 61
630 0.1 38089.0 0.0 38089 339 11753.483870967744 62
640 0.1 40561.0 0.0 40561 339 12171.507936507938 63
650 0.1 41160.0 0.0 41160 339 12615.093750000002 64
660 0.1 40519.0 0.0 41160 339 13054.246153846156 65
670 0.1 40372.0 0.0 41160 339 13470.37878787879 66
680 0.1 40465.0 0.0 41160 339 13871.895522388062 67
690 0.1 41080.0 0.0 41160 339 14262.970588235296 68
700 0.1 42483.0 0.0 42483 339 14651.623188405798 69
710 0.1 43581.0 0.0 43581 339 15049.214285714286 70
720 0.1 44292.0 0.0 44292 339 15451.070422535211 71
730 0.1 40272.0 0.0 44292 339 15851.638888888889 72
740 0.1 34964.0 0.0 44292 339 16186.164383561643 73
750 0.1 25541.0 0.0 44292 339 16439.91891891892 74
760 0.1 16597.0 0.0 44292 339 16561.266666666666 75
770 0.1 9803.0 0.0 44292 339 16561.736842105263 76
780 0.1 4673.0 0.0 44292 339 16473.96103896104 77
790 0.1 1262.0 0.0 44292 339 16322.666666666666 78
800 0.1 309.0 0.0 44292 309 16132.025316455696 79
