30 0.1 31627.199 0 31627.199 31627.199 0 0
40 0.6 39125.016833333335 2342.1287546683143 43207.904 31627.199 31627.199 1
50 0.7 46617.36914285715 5034.568223294014 54213.962 31627.199 38053.90000000001 7
60 2 45227.267850000004 4068.8456849117692 54213.962 31627.199 42335.63457142858 14
70 1.3 50506.125538461536 8621.318951682453 68488.247 31627.199 44036.595323529415 34
80 0.9 55604.624111111116 8245.397671198903 68808.368 31627.199 45826.03985106383 47
90 0.3 58547.21133333333 4234.0743205554245 68808.368 31627.199 47397.59803571429 56
100 0.4 50968.787500000006 15651.062729607544 77622.618 31627.199 47964.527525423735 59
110 0.9 46495.23344444444 3331.807287375931 77622.618 31627.199 48155.27419047619 63
120 1.3 45040.278076923074 5501.519946695114 77622.618 31627.199 47947.76909722222 72
130 1.5 47337.34586666666 6935.796984058859 77622.618 31627.199 47503.094000000005 85
140 1.4 51141.19121428572 9549.923773107257 77622.618 31627.199 47478.23178 100
150 1.2 51684.187750000005 14807.396698530552 94893.114 31627.199 47928.06890350878 114
160 1.5 48257.16793333334 9584.809930103109 94893.114 31627.199 48285.794507936516 126
170 1.9 54570.82499999999 15399.815366482511 94893.114 31627.199 48282.74912765958 141
180 2.4 50904.34725 10287.422696114221 94893.114 31627.199 49029.458137500005 160
190 2 49617.06675 7259.84833479747 94893.114 31627.199 49274.00889130436 184
200 1.5 47919.16766666666 8664.612207900293 94893.114 31627.199 49307.64201470589 204
210 2.2 54722.93595454544 13166.486604292131 96110.993 31627.199 49212.541031963476 219
220 2.3 47393.55878260871 9331.455486545103 96110.993 31627.199 49715.564634854774 241
230 3.9 45813.81858974359 7747.714071228204 96110.993 31627.199 49513.26867045455 264
240 3.5 49918.236628571445 10102.04425689477 96110.993 31627.199 49037.101828382845 303
250 3.7 51332.08302702702 9305.937923360323 96110.993 31627.199 49128.343597633146 338
260 3.3 53818.17075757577 10774.519352352092 96110.993 31627.199 49345.779221333345 375
270 4.1 49811.10826829269 7829.739067250422 96110.993 31627.199 49707.516772058836 408
280 4.8 50265.07079166668 8756.1795493563 96110.993 31627.199 49716.97612917596 449
290 3.8 49748.11857894738 6689.058021716584 96110.993 31627.199 49769.910824949715 497
300 5.2 51109.37244230772 8756.812252789641 96110.993 31627.199 49768.362964486 535
310 5.5 53354.55416363636 10675.824572377313 96110.993 31627.199 49887.157671209556 587
320 5.4 51509.43583333334 9862.987904829699 96110.993 31627.199 50184.20877258568 642
330 3.7 52780.23408108109 9979.317263421102 96110.993 31627.199 50287.02811350576 696
340 3 58867.93716666668 10621.381465908564 96110.993 31627.199 50412.87889222375 733
350 3.2 64286.984437499996 12537.34621466905 102738.126 31627.199 50745.31892922675 763
360 3 64150.00563333333 7541.122124468317 102738.126 31627.199 51290.39225786164 795
370 5.7 69991.13163157893 10887.788451794282 107533.131 31627.199 51758.01456242425 825
380 7.9 71648.09208860758 7848.341091121303 107533.131 31627.199 52936.34525736962 882
390 8.5 73680.65801176471 10796.809082644895 139136.203 31627.199 54474.56377939646 961
400 12.8 72673.09214843757 14978.662722568892 139136.203 31627.199 56035.2884541109 1046
410 14.5 68945.44674482755 14329.01906130004 139136.203 31627.199 57849.29090119251 1174
420 17.7 64889.14433898305 14840.79412087982 139136.203 31627.199 59069.11091432904 1319
430 17 61330.78797058824 12302.461367201087 139136.203 31627.199 59757.71112566846 1496
440 15.6 64747.3125 12521.676242740637 139136.203 31627.199 59918.22917106844 1666
450 16.1 65411.94668944099 14487.97313279981 139136.203 31627.199 60331.69623984633 1822
460 15.4 64565.71889610388 13062.418670165585 139136.203 31627.199 60744.16236308624 1983
470 15.3 63344.594555555595 13755.97116662945 139136.203 31627.199 61019.5576396818 2137
480 19.3 63830.0673212435 15657.491386633656 139136.203 31627.199 61174.89853406114 2290
490 19.6 62264.231076530596 13701.639171722643 139136.203 31627.199 61381.28096496174 2483
500 20.8 61489.47508173072 14056.60260399691 139136.203 31627.199 61445.87903210153 2679
510 19.5 61820.237897435894 13349.082128492451 139136.203 31627.199 61449.02000138553 2887
520 19.6 62222.66565816328 14741.467115877022 139136.203 31627.199 61472.507181700195 3082
530 22.5 62307.89004000002 13748.007961090343 139136.203 31627.199 61517.3610747407 3278
540 22.3 59445.31443946189 12730.96945804166 139136.203 31627.199 61568.137271481595 3503
550 24.7 60480.214469635626 13689.978723472836 139136.203 31627.199 61441.08695169083 3726
560 22.9 60387.160393013095 13940.062439699086 139136.203 31627.199 61381.34985049082 3973
570 23.8 60671.17301680666 14743.574672090572 139136.203 31627.199 61327.168654450266 4202
580 23.4 58918.638423076925 12068.523018403173 139136.203 31627.199 61292.00492432433 4440
590 28.1 58017.87520640567 12858.397483301245 139136.203 31627.199 61173.18426508344 4674
600 28.3 58228.29799646646 13243.823183840592 139136.203 31627.199 60994.24544661957 4955
610 31.3 58132.18024281148 12448.281731901596 139136.203 31627.199 60844.8061323024 5238
620 29.5 59486.630101694886 13939.36066929456 139136.203 31627.199 60691.85136678076 5551
630 31.6 58625.27255379747 14388.195040768416 139136.203 31627.199 60631.03366695176 5846
640 33.5 57196.0051223881 12108.466350789768 139136.203 31627.199 60528.17412268743 6162
650 36.8 55405.65647554348 11388.529293515694 139136.203 31627.199 60356.35995998153 6497
660 37.7 55497.34018037134 12021.529299038126 139136.203 31627.199 60090.976291769846 6865
670 38.8 56879.56702319584 12755.53514765049 140955.249 31627.199 59851.84334313725 7242
680 35.1 57005.89231623932 11835.613066527214 140955.249 31627.199 59700.69744377457 7630
690 37.2 57374.23890860217 12227.647328198098 140955.249 31627.199 59582.181393183804 7981
700 35.4 55254.808822033934 10991.828115721224 140955.249 31627.199 59483.8509006345 8353
710 36.3 57254.80869972454 12996.126973217699 140955.249 31627.199 59311.91097921212 8707
720 39.9 55691.09570927326 10483.414481642203 140955.249 31627.199 59229.58152745314 9070
730 38.9 56809.38314138811 11742.527959398103 140955.249 31627.199 59080.47857661845 9469
740 38.1 57375.93762729665 11201.836664628254 140955.249 31627.199 58990.86038587949 9858
750 32.1 58197.33504984429 10908.66395018734 140955.249 31627.199 58930.768035941015 10239
760 31.1 59787.50791318318 10818.687062920902 140955.249 31627.199 58908.47334005682 10560
770 25.4 65484.50714960628 15012.014541855651 141002.28 31627.199 58933.62095777758 10871
780 8.2 74898.21641463414 16942.260294503125 141002.28 31627.199 59083.18725824719 11125
790 2.5 88682.67004000001 19748.970222049 141002.28 31627.199 59198.903541893465 11207
800 0.6 109108.10566666666 20178.430651958148 141946.558 31627.199 59264.528022168815 11232
803 0.1 112299.471 0.0 141946.558 31627.199 59291.13964931483 11238
