0 4.725 4.725
10 34.1765625 38.9015625
20 91.79921875 130.70078125
30 173.02890625 303.7296875
40 242.228125 545.9578125
50 236.51484375 782.47265625
60 183.90859375 966.38125
70 112.02109375 1078.40234375
80 102.46015625 1180.8625
90 145.29375 1326.15625
100 218.93984375 1545.09609375
110 231.16796875 1776.2640625
120 252.4875 2028.7515625
130 261.29609375 2290.04765625
140 290.21015625 2580.2578125
150 348.09375 2928.3515625
160 365.60703125 3293.95859375
170 376.88125 3670.83984375
180 361.86015625 4032.7
190 382.63984375 4415.33984375
200 497.0734375 4912.41328125
210 602.653125 5515.06640625
220 655.58046875 6170.646875
230 639.48359375 6810.13046875
240 650.28671875 7460.4171875
250 717.12890625 8177.54609375
260 821.525 8999.07109375
270 858.8578125 9857.92890625
280 907.3734375 10765.30234375
290 991.003125 11756.30546875
300 993.415625 12749.72109375
310 1065.25 13814.97109375
320 1106.909375 14921.88046875
330 1136.2359375 16058.11640625
340 1145.58515625 17203.7015625
350 1161.10078125 18364.80234375
360 1237.55390625 19602.35625
370 1501.3984375 21103.7546875
380 1760.1625 22863.9171875
390 2056.7484375 24920.665625
400 2178.26171875 27098.92734375
410 2239.64609375 29338.5734375
420 2089.08359375 31427.65703125
430 2122.7453125 33550.40234375
440 2155.06875 35705.47109375
450 2274.50859375 37979.9796875
460 2322.13828125 40302.11796875
470 2548.540625 42850.65859375
480 2559.54765625 45410.20625
490 2559.74921875 47969.95546875
500 2633.61328125 50603.56875
510 2750.74453125 53354.31328125
520 2707.76171875 56062.075
530 2874.64296875 58936.71796875
540 2943.01953125 61879.7375
550 2962.34375 64842.08125
560 3108.50234375 67950.58359375
570 3312.64375 71263.22734375
580 3463.07734375 74726.3046875
590 3539.9578125 78266.2625
600 3450.06875 81716.33125
610 3800.21640625 85516.54765625
620 4016.13828125 89532.6859375
630 4217.5203125 93750.20625
640 4343.36640625 98093.57265625
650 4356.5671875 102450.13984375
660 4276.940625 106727.08046875
670 4220.76484375 110947.8453125
680 4364.6046875 115312.45
690 4295.1078125 119607.5578125
700 4538.82109375 124146.37890625
710 4647.796875 128794.17578125
720 4414.85703125 133209.0328125
730 3972.04609375 137181.07890625
740 2857.13203125 140038.2109375
750 2029.46328125 142067.67421875
760 1202.7890625 143270.46328125
770 681.97421875 143952.4375
780 253.68515625 144206.12265625
790 64.865625 144270.98828125
800 15.08046875 144286.06875
803 0.7546875 144286.8234375
