0 136.325 136.325
10 529.48046875 665.80546875
20 1020.265625 1686.07109375
30 1710.08125 3396.15234375
40 2280.671875 5676.82421875
50 2078.8875 7755.71171875
60 1615.89375 9371.60546875
70 1083.790625 10455.39609375
80 1015.740625 11471.13671875
90 1520.7671875 12991.90390625
100 2009.13359375 15001.0375
110 2260.03828125 17261.07578125
120 2349.4390625 19610.51484375
130 2527.7109375 22138.22578125
140 2677.51640625 24815.7421875
150 3333.19609375 28148.93828125
160 3300.4546875 31449.39296875
170 3444.30625 34893.69921875
180 3456.10625 38349.80546875
190 3788.7484375 42138.55390625
200 4733.12109375 46871.675
210 5829.85390625 52701.52890625
220 5987.9390625 58689.46796875
230 5978.59921875 64668.0671875
240 6329.3765625 70997.44375
250 6623.48828125 77620.93203125
260 7690.67890625 85311.6109375
270 7985.7828125 93297.39375
280 8658.546875 101955.940625
290 8886.18671875 110842.12734375
300 9605.75390625 120447.88125
310 10099.48125 130547.3625
320 10598.05703125 141145.41953125
330 10293.0375 151438.45703125
340 10738.578125 162177.03515625
350 10912.6578125 173089.69296875
360 10849.90546875 183939.5984375
370 11556.775 195496.3734375
380 12079.25625 207575.6296875
390 11534.91953125 219110.54921875
400 11407.66484375 230518.2140625
410 11418.26640625 241936.48046875
420 10502.928125 252439.40859375
430 11212.46015625 263651.86875
440 10753.8421875 274405.7109375
450 10543.38203125 284949.09296875
460 11813.33984375 296762.4328125
470 11719.6375 308482.0703125
480 10891.6796875 319373.75
490 11133.13046875 330506.88046875
500 11611.97734375 342118.8578125
510 10677.67265625 352796.53046875
520 11021.6953125 363818.22578125
530 10884.84375 374703.06953125
540 10721.27265625 385424.3421875
550 10458.97421875 395883.31640625
560 11807.64296875 407690.959375
570 11762.896875 419453.85625
580 11426.28828125 430880.14453125
590 11299.39765625 442179.5421875
600 10606.70078125 452786.24296875
610 10812.55078125 463598.79375
620 11343.15546875 474941.94921875
630 11975.95234375 486917.9015625
640 12010.68828125 498928.58984375
650 11720.69765625 510649.2875
660 11381.971875 522031.259375
670 11801.19609375 533832.45546875
680 11750.46875 545582.92421875
690 11796.065625 557378.98984375
700 14038.51484375 571417.5046875
710 14788.69921875 586206.20390625
720 14089.115625 600295.31953125
730 11205.32265625 611500.6421875
740 9063.0109375 620563.653125
750 8652.89375 629216.546875
760 5956.60390625 635173.15078125
770 3389.60234375 638562.753125
780 1286.0421875 639848.7953125
790 350.703125 640199.4984375
800 45.909375 640245.4078125
803 1.53125 640246.9390625
