0 1.1 11
10 1.9 30
20 1.9 49
30 0.9 58
40 0.2 60
50 0 60
60 0.9 69
70 1.4 83
80 1.8 101
90 1.8 119
100 0.7 126
110 1.6 142
120 2.4 166
130 1.8 184
140 1.9 203
150 2.1 224
160 1.8 242
170 1.7 259
180 3.8 297
190 4.4 341
200 3.9 380
210 3.3 413
220 3.8 451
230 4.5 496
240 6.2 558
250 4.5 603
260 5 653
270 5.1 704
280 6.4 768
290 5.9 827
300 7.4 901
310 9.7 998
320 11.5 1113
330 8.5 1198
340 10.5 1303
350 10.2 1405
360 14.7 1552
370 18.4 1736
380 16.2 1898
390 16.7 2065
400 15.3 2218
410 14.8 2366
420 16.6 2532
430 19.1 2723
440 20.9 2932
450 18.5 3117
460 20.4 3321
470 20.6 3527
480 21.2 3739
490 23.5 3974
500 23.4 4208
510 22.5 4433
520 24.3 4676
530 23.3 4909
540 29.8 5207
550 28.9 5496
560 31.6 5812
570 27.3 6085
580 32.4 6409
590 30.6 6715
600 37.1 7086
610 40.2 7488
620 39.8 7886
630 34.3 8229
640 35.6 8585
650 33.6 8921
660 41.6 9337
670 42.5 9762
680 39 10152
690 37.2 10524
700 33.9 10863
710 29.5 11158
720 8.1 11239
730 0 11239
740 0 11239
750 0 11239
760 0 11239
770 0 11239
780 0 11239
790 0 11239
800 0 11239
803 0 11239
