0 11 11
10 30 30
20 49 49
30 57 58
40 53 58
50 46 58
60 35 58
70 36 58
80 45 58
90 60 60
100 63 63
110 70 70
120 81 81
130 84 85
140 89 92
150 98 101
160 101 103
170 99 104
180 113 113
190 137 139
200 161 161
210 172 174
220 187 187
230 193 194
240 220 222
250 228 228
260 245 249
270 255 260
280 271 273
290 292 293
300 314 317
310 356 358
320 417 418
330 465 466
340 540 541
350 610 610
360 727 727
370 854 854
380 937 937
390 1019 1019
400 1044 1051
410 1047 1054
420 1036 1056
430 1057 1058
440 1110 1116
450 1134 1137
460 1184 1192
470 1237 1238
480 1256 1260
490 1295 1295
500 1321 1335
510 1351 1356
520 1398 1403
530 1406 1423
540 1481 1481
550 1523 1523
560 1610 1612
570 1645 1653
580 1735 1735
590 1760 1765
600 1848 1848
610 1937 1938
620 2040 2040
630 2067 2075
640 2088 2098
650 2056 2098
660 2095 2098
670 2132 2135
680 2171 2171
690 2171 2198
700 2156 2198
710 2088 2198
720 1770 2198
730 1381 2198
740 1000 2198
750 679 2198
760 368 2198
770 114 2198
780 32 2198
790 7 2198
800 1 2198
803 0 2198
