0 1.4 14
10 1.4 28
20 3.2 60
30 4 100
40 5.6 156
50 5.2 208
60 6.7 275
70 6.7 342
80 8.3 425
90 10 525
100 12.4 649
110 14.1 790
120 13.7 927
130 14.9 1076
140 14 1216
150 16 1376
160 18.2 1558
170 17.9 1737
180 19.4 1931
190 22.4 2155
200 22.3 2378
210 26.7 2645
220 28 2925
230 28.3 3208
240 33 3538
250 34.2 3880
260 41.7 4297
270 44 4737
280 50.7 5244
290 52.5 5769
300 57.3 6342
310 59.2 6934
320 58.9 7523
330 68.4 8207
340 66.7 8874
350 69.7 9571
360 71.5 10286
370 77 11056
380 68.5 11741
390 73.7 12478
400 68.7 13165
410 75.8 13923
420 78.9 14712
430 86.8 15580
440 81.4 16394
450 87.7 17271
460 93.3 18204
470 101.2 19216
480 101.8 20234
490 120.5 21439
500 111.8 22557
510 127.7 23834
520 132.8 25162
530 133.8 26500
540 133.4 27834
550 130.4 29138
560 125 30388
570 142.4 31812
580 156.2 33374
590 154.5 34919
600 150.8 36427
610 162.9 38056
620 146.7 39523
630 149.7 41020
640 154.9 42569
650 156.8 44137
660 140.6 45543
670 137.2 46915
680 122.9 48144
690 122.3 49367
700 123.1 50598
710 155 52148
720 124.3 53391
730 119.4 54585
740 130.7 55892
750 147.9 57371
760 133 58701
770 92 59621
780 30.4 59925
790 4.5 59970
