10 0.7 7
20 1.7 24
30 2.3 47
40 4.1 88
50 3.9 127
60 3.8 165
70 2.8 193
80 5.1 244
90 5.5 299
100 8.7 386
110 10.3 489
120 8.1 570
130 9.3 663
140 9.1 754
150 10.9 863
160 11.4 977
170 12.3 1100
180 12.1 1221
190 13 1351
200 14.9 1500
210 16.4 1664
220 18.7 1851
230 17.9 2030
240 20.6 2236
250 21.2 2448
260 25.1 2699
270 28.5 2984
280 35.4 3338
290 35.5 3693
300 34.5 4038
310 36 4398
320 37.6 4774
330 41.7 5191
340 42.7 5618
350 47 6088
360 46 6548
370 45.1 6999
380 40.6 7405
390 41.5 7820
400 40.7 8227
410 42.5 8652
420 40.1 9053
430 41.8 9471
440 39.3 9864
450 35.7 10221
460 38.9 10610
470 39 11000
480 35.4 11354
490 37.2 11726
500 33.1 12057
510 31.6 12373
520 32.2 12695
530 29.2 12987
540 26.7 13254
550 28.6 13540
560 25.4 13794
570 26.1 14055
580 26.4 14319
590 24.8 14567
600 23.8 14805
610 22.8 15033
620 20.1 15234
630 20.7 15441
640 22.6 15667
650 21.2 15879
660 21.3 16092
670 22.1 16313
680 24.6 16559
690 25.3 16812
700 25.3 17065
710 33.8 17403
720 39.2 17795
730 45 18245
740 59.9 18844
750 66.6 19510
760 68.4 20194
770 52.5 20719
780 21.8 20937
790 4.7 20984
