10 0.8 8
20 2.6 34
30 4.3 77
40 7 147
50 7.2 219
60 5.7 276
70 5 326
80 6.8 394
90 11.1 505
100 14.7 652
110 16.7 819
120 15.6 975
130 12.6 1101
140 15.7 1258
150 18.1 1439
160 19.5 1634
170 21.4 1848
180 19.8 2046
190 21.5 2261
200 24.2 2503
210 29.3 2796
220 30.7 3103
230 30.2 3405
240 33 3735
250 37 4105
260 37.6 4481
270 50.2 4983
280 59 5573
290 62 6193
300 57.9 6772
310 58.6 7358
320 61.4 7972
330 67.3 8645
340 74.1 9386
350 76.7 10153
360 76.7 10920
370 78.8 11708
380 86.1 12569
390 115.9 13728
400 143.7 15165
410 184.7 17012
420 213.1 19143
430 217.1 21314
440 220.5 23519
450 228.2 25801
460 226.2 28063
470 234.1 30404
480 238.4 32788
490 256.1 35349
500 284.8 38197
510 304.9 41246
520 306.6 44312
530 316.8 47480
540 320.5 50685
550 321.7 53902
560 336.5 57267
570 383.4 61101
580 435 65451
590 451 69961
600 464.1 74602
610 458.7 79189
620 458.1 83770
630 437.1 88141
640 475.5 92896
650 490.2 97798
660 506.1 102859
670 510.6 107965
680 502.9 112994
690 504.1 118035
700 492.3 122958
710 472.8 127686
720 488.7 132573
730 469.4 137267
740 377.4 141041
750 287.4 143915
760 192.5 145840
770 94.7 146787
780 20.7 146994
790 3.2 147026
