10 0.5 5
20 1.3 18
30 2.3 41
40 3.6 77
50 3.6 113
60 2.6 139
70 2.6 165
80 3.4 199
90 5.7 256
100 7.6 332
110 8.5 417
120 7.4 491
130 6.6 557
140 7.6 633
150 9.5 728
160 9.5 823
170 10.8 931
180 10.3 1034
190 10.6 1140
200 11.8 1258
210 14.8 1406
220 15.7 1563
230 15.5 1718
240 16.2 1880
250 18.7 2067
260 18.3 2250
270 26.4 2514
280 30 2814
290 30.5 3119
300 28.8 3407
310 29.6 3703
320 30 4003
330 35.6 4359
340 35.6 4715
350 39.4 5109
360 35.2 5461
370 39 5851
380 34.7 6198
390 41.1 6609
400 41.5 7024
410 51 7534
420 57.1 8105
430 57.8 8683
440 57.1 9254
450 58.3 9837
460 61.9 10456
470 61.3 11069
480 65.5 11724
490 74.9 12473
500 75.4 13227
510 81.2 14039
520 82.2 14861
530 86.4 15725
540 83.7 16562
550 77.7 17339
560 78.5 18124
570 89.1 19015
580 102.7 20042
590 102.2 21064
600 103.2 22096
610 103.2 23128
620 93 24058
630 99.4 25052
640 104.9 26101
650 102.5 27126
660 95.9 28085
670 97.6 29061
680 83.2 29893
690 85.9 30752
700 80.5 31557
710 105.4 32611
720 99.4 33605
730 105.2 34657
740 118.4 35841
750 118 37021
760 84.1 37862
770 42.5 38287
780 9 38377
790 1.6 38393
