400 0.3 3
410 0.4 7
420 1.4 21
430 4.1 62
440 6.4 126
450 5.9 185
460 7.7 262
470 8.3 345
480 9.2 437
490 10.6 543
500 10.2 645
510 14.9 794
520 16.8 962
530 16.3 1125
540 18.9 1314
550 20.2 1516
560 17.4 1690
570 16.2 1852
580 19.7 2049
590 21.1 2260
600 22.1 2481
610 26.9 2750
620 26.9 3019
630 22.8 3247
640 24.6 3493
650 24 3733
660 18.5 3918
670 20.7 4125
680 22.6 4351
690 19.1 4542
700 19 4732
710 24.1 4973
720 21.1 5184
730 23.6 5420
740 33.1 5751
750 40.6 6157
760 41.7 6574
770 21.6 6790
780 2.8 6818
790 0.4 6822
