350 0.1 1
360 5.6 57
370 1.8 75
380 23.2 307
390 36.7 674
400 62.1 1295
410 80 2095
420 97.2 3067
430 96.4 4031
440 108.5 5116
450 107.4 6190
460 95 7140
470 94.4 8084
480 87.2 8956
490 79.4 9750
500 112.1 10871
510 100.8 11879
520 94.1 12820
530 94.5 13765
540 120 14965
550 126.3 16228
560 147.8 17706
570 151.4 19220
580 167.6 20896
590 183.8 22734
600 197.4 24708
610 191.2 26620
620 215 28770
630 184.5 30615
640 208.7 32702
650 225.2 34954
660 259.8 37552
670 270 40252
680 304.3 43295
690 305.8 46353
700 294.4 49297
710 215.1 51448
720 242.9 53877
730 211.9 55996
740 93.1 56927
750 10.9 57036
760 0 57036
770 0 57036
780 0 57036
790 0 57036
