0 1 2.2407 3.0437171369889153 11.361 1.046 0 0
10 0.8 1.2058750000000003 0.1877920641960144 11.361 0.954 2.2407 10
20 3.3 1.2088484848484848 0.28276664768525805 11.361 0.686 1.7807777777777778 18
30 4.3 1.1264186046511628 0.23198628994756215 11.361 0.686 1.410705882352941 51
40 7.1 1.0676478873239441 0.3131205545001256 11.361 0.686 1.280659574468085 94
50 7.7 1.109038961038961 0.3707204443144278 11.361 0.686 1.1890000000000003 165
60 8 1.1984374999999994 1.0512594214054634 11.361 0.686 1.1635578512396698 242
70 5.7 1.214456140350877 0.8596338892312982 11.361 0.686 1.172223602484472 322
80 8.6 1.1392906976744177 0.26923361802764806 11.361 0.668 1.178575197889182 379
90 11.9 1.0987142857142858 0.2711644402598995 11.361 0.668 1.1713096774193545 465
100 15.6 1.0749935897435903 0.7513459418389663 11.361 0.64 1.1565171232876712 584
110 17.9 1.0804078212290495 0.6014158212970675 11.361 0.633 1.139331081081081 740
120 18.1 1.2434530386740332 1.8782979788942935 24.277 0.632 1.1278541893362348 919
130 15.1 1.082576158940398 0.6005754352879736 24.277 0.632 1.1468754545454545 1100
140 17.1 1.02619298245614 0.2338128735416316 24.277 0.632 1.1391143085531574 1251
150 19.6 1.0748010204081617 0.46270285810325174 24.277 0.624 1.1255351617440226 1422
160 21.5 0.9653860465116283 0.22088291077042702 24.277 0.6 1.119389369592089 1618
170 22.7 1.0200925110132157 0.5411066123150332 24.277 0.6 1.1013256955810147 1833
180 22.8 1.229631578947369 1.5094704849607634 24.277 0.6 1.09237427184466 2060
190 25.5 1.0331490196078423 0.493502362420612 24.277 0.468 1.1060520104895104 2288
200 26.2 1.0446526717557258 0.429284667706612 24.277 0.468 1.0987416437278805 2543
210 32.8 1.0733201219512196 1.0549181412399062 24.277 0.468 1.0936894830659538 2805
220 34.2 0.9928801169590643 0.6395733365920739 24.277 0.468 1.091556974146186 3133
230 32.9 1.0951063829787229 0.9785276224162498 24.277 0.468 1.0818454676258995 3475
240 38.4 1.0776953124999995 0.9843826737155429 24.277 0.462 1.0829923764458467 3804
250 41.4 1.0011183574879232 0.6132833454749246 24.277 0.462 1.0825066857688634 4188
260 46.5 4.960350537634408 25.53949067518949 300.433 0.462 1.075184919600174 4602
270 51.3 1.3234269005847972 1.1508817532477524 300.433 0.462 1.4317276494967437 5067
280 63.1 1.3781109350237706 1.465543039196664 300.433 0.462 1.4217709677419357 5580
290 68.2 1.4733885630498536 1.8826610176493608 300.433 0.462 1.417335372725809 6211
300 66.8 1.5148293413173655 2.131336191663241 300.433 0.462 1.4228813288843756 6893
310 67.7 1.0611565731166923 0.7886885562152832 300.433 0.438 1.4310047612749637 7561
320 72 1.279295833333335 1.4431035353956867 300.433 0.438 1.4006105850934694 8238
330 74.3 1.1867254374158818 1.2131662476901652 300.433 0.438 1.3908599017637868 8958
340 82.7 1.2801378476420802 1.6700763503698066 300.433 0.438 1.3752252345119063 9701
350 88.9 1.3101946006749163 1.5691850447088065 300.433 0.438 1.3677558890577513 10528
360 91.8 1.2715152505446643 1.377320121104153 300.433 0.438 1.3632738022247533 11417
370 91.8 1.301106753812636 1.5994973514434616 300.433 0.385 1.3564449128496157 12335
380 98.4 1.3696565040650373 1.5678662264242331 300.433 0.385 1.3526117860107154 13253
390 125.3 1.5427677573822813 2.193147382024211 300.433 0.383 1.3537898433658784 14237
400 153.8 1.8378719115734743 2.569359551152622 300.433 0.383 1.369076436410588 15490
410 193.1 2.034718280683579 2.6194653668749335 300.433 0.377 1.411418898285178 17028
420 224.4 2.2906158645276333 2.9762959397360227 300.433 0.377 1.4749027902315526 18959
430 237.8 2.4995504625735885 3.2168926240922056 300.433 0.377 1.56123303306136 21203
440 235.9 2.52155023314963 3.1330028886645493 300.433 0.377 1.6558566218565796 23581
450 248 2.620424193548385 3.182180184862383 300.433 0.355 1.7345833461834996 25940
460 245.8 2.5538230268511004 3.208796960940434 300.433 0.355 1.8118840253342707 28420
470 251.9 2.714483525208423 3.3072414622079624 300.433 0.355 1.8709450417773166 30878
480 256.2 3.040759953161597 3.5878414942102146 300.433 0.355 1.934569721831302 33397
490 277.3 5.766106022358473 9.83884050342294 300.433 0.352 2.013383353263439 35959
500 300.8 3.329680518617008 3.6038721861402627 300.433 0.352 2.2820578333161223 38732
510 326.7 3.923599020508119 4.398923114340147 300.433 0.352 2.3575549353138476 41740
520 327.1 4.012161112809548 4.485048085061233 300.433 0.352 2.4712320527917884 45007
530 340.8 3.862360622065738 4.149869383224888 300.433 0.352 2.5756352790090733 48278
540 350.3 4.153628033114457 4.730119439041816 300.433 0.352 2.6604775954804025 51686
550 347.4 4.161979562464023 4.851253687936513 300.433 0.352 2.7552520248600274 55189
560 364.3 4.9066870710952735 5.098218078018005 300.433 0.352 2.838557881458501 58663
570 406.8 5.07977581120944 4.8166386886516355 300.433 0.352 2.9594803389721718 62306
580 460.4 7.109423544743692 5.713314131551658 300.433 0.352 3.0894312532015564 66374
590 478.9 8.756419711839593 16.159524233368227 1032.07 0.352 3.3501887345374635 70978
600 495.1 9.097643304382927 6.9093279674831765 1032.07 0.352 3.6919000356355656 75767
610 497.3 8.976641664990947 6.4664700426334365 1032.07 0.352 4.023472112787727 80718
620 490.2 8.284313953488397 6.378578501618581 1032.07 0.352 4.310924846249895 85691
630 469.6 8.541466567291318 6.040212060101435 1032.07 0.352 4.525925490931969 90593
640 505.1 9.429459512967718 6.686378073362782 1032.07 0.352 4.723818016770035 95289
650 523.5 10.656016618911146 6.626458833547087 1032.07 0.352 4.9606945883994396 100340
660 538.5 10.883142804085377 7.157745709885746 1032.07 0.352 5.24310056358039 105575
670 546.5 11.1886817932297 7.168879147713241 1032.07 0.352 5.5168174657534195 110960
680 543.1 10.20412704842571 6.845051114905339 1032.07 0.352 5.7830552888125375 116425
690 542.1 9.99252684006646 6.6425903259354735 1032.07 0.352 5.980098033744746 121856
700 527.2 11.062280728376317 6.713362867293828 1032.07 0.352 6.150995969421027 127277
710 517.7 11.330085957118062 7.434632565445638 1032.07 0.352 6.346337263955216 132549
720 497.1 10.115307181653591 7.522596193671871 1032.07 0.352 6.533672022711762 137726
730 479.5 8.01908988529715 6.222256949786599 1032.07 0.352 6.65844204853641 142697
740 394.8 6.445596251266467 5.685343770018571 1032.07 0.352 6.702677033330621 147492
750 301.8 4.266368787276335 4.120275781275326 1032.07 0.352 6.695975006603276 151440
760 214.4 3.681424440298505 3.771700484237608 1032.07 0.352 6.648502220668402 154458
770 114.3 2.402275590551179 3.170082320646482 1032.07 0.352 6.6078806784076844 156602
780 27.4 1.2246824817518251 1.5721417668100373 1032.07 0.352 6.577407404355132 157745
790 4.3 1.1608837209302323 0.2506675004493074 1032.07 0.352 6.568125946879807 158019
