0 10 10
10 10 0
20 17 7
30 17 0
40 13 -4
50 14 1
60 29 15
70 29 0
80 42 13
90 47 5
100 51 4
110 46 -5
120 58 12
130 64 6
140 62 -2
150 66 4
160 70 4
170 62 -8
180 74 12
190 93 19
200 90 -3
210 106 16
220 118 12
230 118 0
240 135 17
250 149 14
260 209 60
270 183 -26
280 179 -4
290 195 16
300 219 24
310 243 24
320 301 58
330 326 25
340 366 40
350 438 72
360 521 83
370 596 75
380 656 60
390 688 32
400 712 24
410 712 0
420 708 -4
430 768 60
440 738 -30
450 786 48
460 795 9
470 789 -6
480 812 23
490 844 32
500 821 -23
510 842 21
520 829 -13
530 865 36
540 932 67
550 952 20
560 995 43
570 1012 17
580 1032 20
590 1032 0
600 1031 -1
610 1103 72
620 1080 -23
630 1122 42
640 1100 -22
650 1104 4
660 1109 5
670 1135 26
680 1159 24
690 1194 35
700 1190 -4
710 1340 150
720 1088 -252
730 857 -231
740 692 -165
750 526 -166
760 345 -181
770 156 -189
780 33 -123
790 5 -28
