0 0.1 2.6387546451156916 0 2.6387546451156916 2.6387546451156916 0 0
10 0.1 6.406406406406406 0.0 6.406406406406406 2.6387546451156916 2.6387546451156916 1
20 0.1 4.577114427860696 0.0 6.406406406406406 2.6387546451156916 4.5225805257610485 2
30 0.1 1.5984015984015985 0.0 6.406406406406406 1.5984015984015985 4.540758493127598 3
40 0.1 2.1999999999999997 0.0 6.406406406406406 1.5984015984015985 3.8051692694460977 4
50 0.1 3.48605577689243 0.0 6.406406406406406 1.5984015984015985 3.484135415556878 5
60 0.1 3.090727816550349 0.0 6.406406406406406 1.5984015984015985 3.4844554757794697 6
70 0.1 3.386454183266932 0.0 6.406406406406406 1.5984015984015985 3.4282086673181666 7
80 0.1 2.404809619238477 0.0 6.406406406406406 1.5984015984015985 3.422989356811762 8
90 0.1 4.287138584247258 0.0 6.406406406406406 1.5984015984015985 3.309858274859175 9
100 0.1 5.6716417910447765 0.0 6.406406406406406 1.5984015984015985 3.407586305797983 10
110 0.1 7.128712871287128 0.0 7.128712871287128 1.5984015984015985 3.6134095317295096 11
120 0.1 7.730426164519326 0.0 7.730426164519326 1.5984015984015985 3.906351476692645 12
130 0.1 7.206317867719644 0.0 7.730426164519326 1.5984015984015985 4.2005110680639275 13
140 0.1 6.380857427716849 0.0 7.730426164519326 1.5984015984015985 4.415211553753622 14
150 0.1 6.865671641791045 0.0 7.730426164519326 1.5984015984015985 4.546254612017837 15
160 0.1 9.467455621301776 0.0 9.467455621301776 1.5984015984015985 4.691218176378662 16
170 0.1 10.068426197458455 0.0 10.068426197458455 1.5984015984015985 4.972173320197669 17
180 0.1 10.088148873653282 0.0 10.088148873653282 1.5984015984015985 5.25529848004549 18
190 0.1 9.433962264150944 0.0 10.088148873653282 1.5984015984015985 5.509659027077479 19
200 0.1 10.893032384690873 0.0 10.893032384690873 1.5984015984015985 5.705874188931153 20
210 0.1 12.183235867446394 0.0 12.183235867446394 1.5984015984015985 5.9528817220625685 21
220 0.1 13.111545988258316 0.0 13.111545988258316 1.5984015984015985 6.236079637761833 22
230 0.1 14.577259475218659 0.0 14.577259475218659 1.5984015984015985 6.535012957348636 23
240 0.1 14.912280701754385 0.0 14.912280701754385 1.5984015984015985 6.870106562259887 24
250 0.1 15.758754863813229 0.0 15.758754863813229 1.5984015984015985 7.191793527839667 25
260 0.1 16.666666666666664 0.0 16.666666666666664 1.5984015984015985 7.521292040761727 26
270 0.1 19.019607843137255 0.0 19.019607843137255 1.5984015984015985 7.860009619498947 27
280 0.1 21.97265625 0.0 21.97265625 1.5984015984015985 8.258566698914601 28
290 0.1 24.951267056530213 0.0 24.951267056530213 1.5984015984015985 8.731466338607202 29
300 0.1 26.838586437440306 0.0 26.838586437440306 1.5984015984015985 9.272126362537968 30
310 0.1 26.049618320610683 0.0 26.838586437440306 1.5984015984015985 9.838786364954172 31
320 0.1 27.29857819905213 0.0 27.29857819905213 1.5984015984015985 10.34537486356844 32
330 0.1 28.74762808349146 0.0 28.74762808349146 1.5984015984015985 10.859108297977036 33
340 0.1 30.70342205323194 0.0 30.70342205323194 1.5984015984015985 11.385241232845107 34
350 0.1 31.69811320754717 0.0 31.69811320754717 1.5984015984015985 11.93718925628473 35
360 0.1 32.82732447817837 0.0 32.82732447817837 1.5984015984015985 12.486103810486465 36
370 0.1 31.66351606805293 0.0 32.82732447817837 1.5984015984015985 13.035866531234895 37
380 0.1 33.80547686496695 0.0 33.80547686496695 1.5984015984015985 13.52606783483537 38
390 0.1 35.444234404536864 0.0 35.444234404536864 1.5984015984015985 14.046052681761822 39
400 0.1 38.80037488284911 0.0 38.80037488284911 1.5984015984015985 14.581007224831197 40
410 0.1 42.69870609981516 0.0 42.69870609981516 1.5984015984015985 15.171723509173098 41
420 0.1 44.8051948051948 0.0 44.8051948051948 1.5984015984015985 15.827127856569337 42
430 0.1 45.588235294117645 0.0 45.588235294117645 1.5984015984015985 16.5010363902583 43
440 0.1 46.01113172541744 0.0 46.01113172541744 1.5984015984015985 17.16210909261874 44
450 0.1 45.2513966480447 0.0 46.01113172541744 1.5984015984015985 17.803198484458708 45
460 0.1 45.74861367837338 0.0 46.01113172541744 1.5984015984015985 18.399898444536664 46
470 0.1 46.52455977757183 0.0 46.52455977757183 1.5984015984015985 18.981786002703405 47
480 0.1 45.84870848708487 0.0 46.52455977757183 1.5984015984015985 19.555593789679833 48
490 0.1 46.91812327506899 0.0 46.91812327506899 1.5984015984015985 20.092187967177896 49
500 0.1 46.666666666666664 0.0 46.91812327506899 1.5984015984015985 20.628706673335717 50
510 0.1 47.06439393939394 0.0 47.06439393939394 1.5984015984015985 21.139254908499073 51
520 0.1 47.32824427480916 0.0 47.32824427480916 1.5984015984015985 21.63781527447782 52
530 0.1 47.483380816714146 0.0 47.483380816714146 1.5984015984015985 22.12254034995577 53
540 0.1 47.821969696969695 0.0 47.821969696969695 1.5984015984015985 22.592185543784627 54
550 0.1 48.13039309683605 0.0 48.13039309683605 1.5984015984015985 23.050908892024356 55
560 0.1 47.89674952198853 0.0 48.13039309683605 1.5984015984015985 23.49875682425314 56
570 0.1 47.66990291262136 0.0 48.13039309683605 1.5984015984015985 23.92679178386253 57
580 0.1 48.574237954768925 0.0 48.574237954768925 1.5984015984015985 24.33615576884113 58
590 0.1 49.2063492063492 0.0 49.2063492063492 1.5984015984015985 24.746970721144994 59
600 0.1 49.25373134328358 0.0 49.25373134328358 1.5984015984015985 25.15462702923173 60
610 0.1 49.4059405940594 0.0 49.4059405940594 1.5984015984015985 25.549694313068645 61
620 0.1 49.30555555555556 0.0 49.4059405940594 1.5984015984015985 25.934472478891074 62
630 0.1 49.162561576354676 0.0 49.4059405940594 1.5984015984015985 26.305442051536545 63
640 0.1 49.25668979187314 0.0 49.4059405940594 1.5984015984015985 26.662584544111827 64
650 0.1 49.3583415597236 0.0 49.4059405940594 1.5984015984015985 27.010186163308155 65
660 0.1 49.311023622047244 0.0 49.4059405940594 1.5984015984015985 27.34879457840536 66
670 0.1 49.35960591133005 0.0 49.4059405940594 1.5984015984015985 27.6765890417433 67
680 0.1 49.369544131910764 0.0 49.4059405940594 1.5984015984015985 27.995456936884278 68
690 0.1 49.35579781962339 0.0 49.4059405940594 1.5984015984015985 28.305226316522344 69
700 0.1 49.30139720558882 0.0 49.4059405940594 1.5984015984015985 28.605948766566645 70
710 0.1 49.2639842983317 0.0 49.4059405940594 1.5984015984015985 28.897433955848644 71
720 0.1 49.306930693069305 0.0 49.4059405940594 1.5984015984015985 29.180302710605353 72
730 0.1 49.20318725099602 0.0 49.4059405940594 1.5984015984015985 29.456009943241845 73
740 0.1 49.298597194388776 0.0 49.4059405940594 1.5984015984015985 29.72286369064393 74
750 0.1 49.30417495029821 0.0 49.4059405940594 1.5984015984015985 29.983873470693858 75
760 0.1 49.249249249249246 0.0 49.4059405940594 1.5984015984015985 30.238087963846546 76
770 0.1 49.30139720558882 0.0 49.4059405940594 1.5984015984015985 30.48498616235827 77
780 0.1 26.843657817109147 0.0 49.4059405940594 1.5984015984015985 30.726222201374046 78
790 0.1 5.1 0.0 49.4059405940594 1.5984015984015985 30.677075816763097 79
