0 0 0
10 0 0
20 0 0
30 0 0
40 0.5 5
50 0.4 9
60 0.8 17
70 0.7 24
80 0.5 29
90 0.3 32
100 0.5 37
110 1.7 54
120 1.3 67
130 1.9 86
140 1.5 101
150 1.1 112
160 1.8 130
170 2 150
180 1.7 167
190 2.1 188
200 2.3 211
210 1.9 230
220 2.3 253
230 2.9 282
240 3.5 317
250 3 347
260 3.1 378
270 3.4 412
280 4.5 457
290 4.7 504
300 6.6 570
310 6.4 634
320 4.8 682
330 4.6 728
340 4.5 773
350 5 823
360 6.6 889
370 5.6 945
380 6.2 1007
390 6.3 1070
400 7.7 1147
410 8.8 1235
420 11.8 1353
430 14.8 1501
440 18 1681
450 15.1 1832
460 18.3 2015
470 18.4 2199
480 16.8 2367
490 17.4 2541
500 18 2721
510 19.6 2917
520 21.3 3130
530 20.5 3335
540 22.7 3562
550 23.7 3799
560 24.4 4043
570 21.7 4260
580 23.3 4493
590 27.4 4767
600 30.8 5075
610 31.8 5393
620 33.5 5728
630 29.7 6025
640 32.1 6346
650 31.9 6665
660 31.9 6984
670 33.1 7315
680 37.3 7688
690 34.3 8031
700 36.4 8395
710 29 8685
720 33.7 9022
730 32.8 9350
740 33.4 9684
750 30.8 9992
760 42 10412
770 37.1 10783
780 18.5 10968
790 3.4 11002
