0 0.1 3506.171875 0 3506.171875 3506.171875 0 0
10 0.1 3505.734375 0.0 3506.171875 3505.734375 3506.171875 1
20 0.1 3504.36328125 0.0 3506.171875 3504.36328125 3505.953125 2
30 0.1 3503.17578125 0.0 3506.171875 3503.17578125 3505.4231770833335 3
40 0.1 3500.41796875 0.0 3506.171875 3500.41796875 3504.861328125 4
50 0.1 3498.51953125 0.0 3506.171875 3498.51953125 3503.97265625 5
60 0.1 3497.4453125 0.0 3506.171875 3497.4453125 3503.0638020833335 6
70 0.1 3496.70703125 0.0 3506.171875 3496.70703125 3502.261160714286 7
80 0.1 3496.484375 0.0 3506.171875 3496.484375 3501.56689453125 8
90 0.1 3491.16015625 0.0 3506.171875 3491.16015625 3501.0021701388887 9
100 0.1 3486.4296875 0.0 3506.171875 3486.4296875 3500.01796875 10
110 0.1 3481.44140625 0.0 3506.171875 3481.44140625 3498.7826704545455 11
120 0.1 3475.359375 0.0 3506.171875 3475.359375 3497.3375651041665 12
130 0.1 3475.4453125 0.0 3506.171875 3475.359375 3495.646935096154 13
140 0.1 3472.1796875 0.0 3506.171875 3472.1796875 3494.2039620535716 14
150 0.1 3476.76171875 0.0 3506.171875 3472.1796875 3492.7356770833335 15
160 0.1 3476.51953125 0.0 3506.171875 3472.1796875 3491.7373046875 16
170 0.1 3472.1640625 0.0 3506.171875 3472.1640625 3490.8421415441176 17
180 0.1 3471.421875 0.0 3506.171875 3471.421875 3489.8044704861113 18
190 0.1 3467.82421875 0.0 3506.171875 3467.82421875 3488.8369654605262 19
200 0.1 3463.3203125 0.0 3506.171875 3463.3203125 3487.786328125 20
210 0.1 3462.73828125 0.0 3506.171875 3462.73828125 3486.6212797619046 21
220 0.1 3462.6015625 0.0 3506.171875 3462.6015625 3485.5356889204545 22
230 0.1 3451.59375 0.0 3506.171875 3451.59375 3484.5385529891305 23
240 0.1 3442.765625 0.0 3506.171875 3442.765625 3483.1658528645835 24
250 0.1 3439.48828125 0.0 3506.171875 3439.48828125 3481.54984375 25
260 0.1 3439.11328125 0.0 3506.171875 3439.11328125 3479.932091346154 26
270 0.1 3422.20703125 0.0 3506.171875 3422.20703125 3478.420283564815 27
280 0.1 3403.90625 0.0 3506.171875 3403.90625 3476.412667410714 28
290 0.1 3404.6015625 0.0 3506.171875 3403.90625 3473.9124461206898 29
300 0.1 3400.828125 0.0 3506.171875 3400.828125 3471.602083333333 30
310 0.1 3399.5078125 0.0 3506.171875 3399.5078125 3469.3190524193546 31
320 0.1 3388.75390625 0.0 3506.171875 3388.75390625 3467.137451171875 32
330 0.1 3371.265625 0.0 3506.171875 3371.265625 3464.7621922348485 33
340 0.1 3354.51953125 0.0 3506.171875 3354.51953125 3462.0122931985293 34
350 0.1 3332.828125 0.0 3506.171875 3332.828125 3458.9410714285714 35
360 0.1 3331.0078125 0.0 3506.171875 3331.0078125 3455.437934027778 36
370 0.1 3293.98046875 0.0 3506.171875 3293.98046875 3452.0749577702704 37
380 0.1 3289.11328125 0.0 3506.171875 3289.11328125 3447.9145764802633 38
390 0.1 3261.05078125 0.0 3506.171875 3261.05078125 3443.842748397436 39
400 0.1 3238.28125 0.0 3506.171875 3238.28125 3439.27294921875 40
410 0.1 3215.234375 0.0 3506.171875 3215.234375 3434.370712652439 41
420 0.1 3207.4140625 0.0 3506.171875 3207.4140625 3429.1531808035716 42
430 0.1 3188.3515625 0.0 3506.171875 3188.3515625 3423.996457122093 43
440 0.1 3181.50390625 0.0 3506.171875 3181.50390625 3418.6408913352275 44
450 0.1 3181.72265625 0.0 3506.171875 3181.50390625 3413.3711805555554 45
460 0.1 3188.81640625 0.0 3506.171875 3181.50390625 3408.335343070652 46
470 0.1 3180.5390625 0.0 3506.171875 3180.5390625 3403.664727393617 47
480 0.1 3177.81640625 0.0 3506.171875 3177.81640625 3399.0162760416665 48
490 0.1 3143.37890625 0.0 3506.171875 3143.37890625 3394.501992984694 49
500 0.1 3132.57421875 0.0 3506.171875 3132.57421875 3389.47953125 50
510 0.1 3126.40234375 0.0 3506.171875 3126.40234375 3384.4421721813724 51
520 0.1 3118.75 0.0 3506.171875 3118.75 3379.4798677884614 52
530 0.1 3116.25390625 0.0 3506.171875 3116.25390625 3374.560436320755 53
540 0.1 3098.77734375 0.0 3506.171875 3098.77734375 3369.776982060185 54
550 0.1 3093.97265625 0.0 3506.171875 3093.97265625 3364.8497159090907 55
560 0.1 3093.93359375 0.0 3506.171875 3093.93359375 3360.012625558036 56
570 0.1 3082.078125 0.0 3506.171875 3082.078125 3355.3445723684213 57
580 0.1 3063.26953125 0.0 3506.171875 3063.26953125 3350.6330818965516 58
590 0.1 3047.3984375 0.0 3506.171875 3047.3984375 3345.7625132415255 59
600 0.1 3037.796875 0.0 3506.171875 3037.796875 3340.7897786458334 60
610 0.1 3017.0703125 0.0 3506.171875 3017.0703125 3335.822681864754 61
620 0.1 3017.87890625 0.0 3506.171875 3017.0703125 3330.6815146169356 62
630 0.1 3020.15625 0.0 3506.171875 3017.0703125 3325.7163938492063 63
640 0.1 3012.6484375 0.0 3506.171875 3012.6484375 3320.9420166015625 64
650 0.1 2996.08984375 0.0 3506.171875 2996.08984375 3316.1990384615383 65
660 0.1 2993.8125 0.0 3506.171875 2993.8125 3311.3488991477275 66
670 0.1 3004.68359375 0.0 3506.171875 2993.8125 3306.6095499067164 67
680 0.1 3007.32421875 0.0 3506.171875 2993.8125 3302.1694623161766 68
690 0.1 3011.6171875 0.0 3506.171875 2993.8125 3297.896342844203 69
700 0.1 3009.40234375 0.0 3506.171875 2993.8125 3293.806640625 70
710 0.1 2997.91015625 0.0 3506.171875 2993.8125 3289.800946302817 71
720 0.1 2977.85546875 0.0 3506.171875 2977.85546875 3285.7469075520835 72
730 0.1 2978.48828125 0.0 3506.171875 2977.85546875 3281.529216609589 73
740 0.1 2987.91015625 0.0 3506.171875 2977.85546875 3277.4340688344596 74
750 0.1 3006.109375 0.0 3506.171875 2977.85546875 3273.57375 75
760 0.1 3040.7265625 0.0 3506.171875 2977.85546875 3270.0544819078946 76
770 0.1 3092.51171875 0.0 3506.171875 2977.85546875 3267.0761972402597 77
780 0.1 3149.89453125 0.0 3506.171875 2977.85546875 3264.838191105769 78
790 0.1 3187.46484375 0.0 3506.171875 2977.85546875 3263.38320806962 79
