0 0.1 0.0 0 0.0 0.0 0 0
10 0.1 0.0 0.0 0.0 0.0 0.0 1
20 0.1 0.0 0.0 0.0 0.0 0.0 2
30 0.1 0.0 0.0 0.0 0.0 0.0 3
40 0.1 0.16015625 0.0 0.16015625 0.0 0.0 4
50 0.1 0.12890625 0.0 0.16015625 0.0 0.03203125 5
60 0.1 0.26953125 0.0 0.26953125 0.0 0.048177083333333336 6
70 0.1 0.23046875 0.0 0.26953125 0.0 0.07979910714285714 7
80 0.1 0.19921875 0.0 0.26953125 0.0 0.0986328125 8
90 0.1 0.16015625 0.0 0.26953125 0.0 0.10980902777777778 9
100 0.1 0.2109375 0.0 0.26953125 0.0 0.11484375 10
110 0.1 0.1796875 0.0 0.26953125 0.0 0.12357954545454546 11
120 0.1 0.1484375 0.0 0.26953125 0.0 0.12825520833333334 12
130 0.1 0.12890625 0.0 0.26953125 0.0 0.12980769230769232 13
140 0.1 0.109375 0.0 0.26953125 0.0 0.12974330357142858 14
150 0.1 0.171875 0.0 0.26953125 0.0 0.12838541666666667 15
160 0.1 0.140625 0.0 0.26953125 0.0 0.131103515625 16
170 0.1 0.28125 0.0 0.28125 0.0 0.13166360294117646 17
180 0.1 0.23046875 0.0 0.28125 0.0 0.13997395833333334 18
190 0.1 0.19921875 0.0 0.28125 0.0 0.14473684210526316 19
200 0.1 0.171875 0.0 0.28125 0.0 0.1474609375 20
210 0.1 0.140625 0.0 0.28125 0.0 0.14862351190476192 21
220 0.1 0.26953125 0.0 0.28125 0.0 0.1482599431818182 22
230 0.1 0.21875 0.0 0.28125 0.0 0.1535326086956522 23
240 0.1 0.19140625 0.0 0.28125 0.0 0.15625000000000003 24
250 0.1 0.16015625 0.0 0.28125 0.0 0.15765625000000003 25
260 0.1 0.12890625 0.0 0.28125 0.0 0.15775240384615385 26
270 0.1 0.109375 0.0 0.28125 0.0 0.1566840277777778 27
280 0.1 0.1015625 0.0 0.28125 0.0 0.15499441964285715 28
290 0.1 0.078125 0.0 0.28125 0.0 0.1531519396551724 29
300 0.1 0.30078125 0.0 0.30078125 0.0 0.15065104166666668 30
310 0.1 0.3984375 0.0 0.3984375 0.0 0.15549395161290322 31
320 0.1 0.48046875 0.0 0.48046875 0.0 0.1630859375 32
330 0.1 0.55859375 0.0 0.55859375 0.0 0.17270359848484848 33
340 0.1 0.46875 0.0 0.55859375 0.0 0.1840533088235294 34
350 0.1 0.55859375 0.0 0.55859375 0.0 0.1921875 35
360 0.1 0.55078125 0.0 0.55859375 0.0 0.2023654513888889 36
370 0.1 0.5390625 0.0 0.55859375 0.0 0.2117820945945946 37
380 0.1 0.609375 0.0 0.609375 0.0 0.22039473684210525 38
390 0.1 0.51953125 0.0 0.609375 0.0 0.23036858974358973 39
400 0.1 0.51171875 0.0 0.609375 0.0 0.23759765625 40
410 0.1 0.66015625 0.0 0.66015625 0.0 0.24428353658536586 41
420 0.1 0.7109375 0.0 0.7109375 0.0 0.25418526785714285 42
430 0.1 0.98828125 0.0 0.98828125 0.0 0.2648074127906977 43
440 0.1 1.140625 0.0 1.140625 0.0 0.28125 44
450 0.1 1.19921875 0.0 1.19921875 0.0 0.3003472222222222 45
460 0.1 1.1796875 0.0 1.19921875 0.0 0.3198879076086957 46
470 0.1 1.390625 0.0 1.390625 0.0 0.33818151595744683 47
480 0.1 1.48046875 0.0 1.48046875 0.0 0.360107421875 48
490 0.1 1.41015625 0.0 1.48046875 0.0 0.3829719387755102 49
500 0.1 1.4296875 0.0 1.48046875 0.0 0.403515625 50
510 0.1 1.44140625 0.0 1.48046875 0.0 0.42363664215686275 51
520 0.1 1.44921875 0.0 1.48046875 0.0 0.44320913461538464 52
530 0.1 1.23046875 0.0 1.48046875 0.0 0.46219044811320753 53
540 0.1 1.33984375 0.0 1.48046875 0.0 0.47641782407407407 54
550 0.1 1.37109375 0.0 1.48046875 0.0 0.4921164772727273 55
560 0.1 1.46875 0.0 1.48046875 0.0 0.5078125 56
570 0.1 1.390625 0.0 1.48046875 0.0 0.524671052631579 57
580 0.1 1.328125 0.0 1.48046875 0.0 0.5396012931034483 58
590 0.1 1.28125 0.0 1.48046875 0.0 0.5529661016949152 59
600 0.1 1.30859375 0.0 1.48046875 0.0 0.5651041666666666 60
610 0.1 1.26171875 0.0 1.48046875 0.0 0.5772925204918032 61
620 0.1 1.21875 0.0 1.48046875 0.0 0.5883316532258065 62
630 0.1 1.19140625 0.0 1.48046875 0.0 0.5983382936507936 63
640 0.1 1.23046875 0.0 1.48046875 0.0 0.60760498046875 64
650 0.1 1.19921875 0.0 1.48046875 0.0 0.6171875 65
660 0.1 1.23828125 0.0 1.48046875 0.0 0.6260061553030303 66
670 0.1 1.28125 0.0 1.48046875 0.0 0.6351445895522388 67
680 0.1 1.21875 0.0 1.48046875 0.0 0.6446461397058824 68
690 0.1 1.26171875 0.0 1.48046875 0.0 0.6529664855072463 69
700 0.1 1.37109375 0.0 1.48046875 0.0 0.6616629464285714 70
710 0.1 1.4609375 0.0 1.48046875 0.0 0.6716549295774646 71
720 0.1 1.46875 0.0 1.48046875 0.0 0.6826171874999999 72
730 0.1 1.390625 0.0 1.48046875 0.0 0.6933861301369862 73
740 0.1 1.328125 0.0 1.48046875 0.0 0.702808277027027 74
750 0.1 1.51171875 0.0 1.51171875 0.0 0.7111458333333333 75
760 0.1 1.51171875 0.0 1.51171875 0.0 0.7216796874999999 76
770 0.1 1.51171875 0.0 1.51171875 0.0 0.7319399350649349 77
780 0.1 1.4296875 0.0 1.51171875 0.0 0.7419370993589742 78
790 0.1 1.2109375 0.0 1.51171875 0.0 0.7506428006329113 79
