0 1.4 9.857785714285713 3.012513311851357 18.061 7.032 0 0
10 2.2 115.80409090909092 250.971405758778 966.677 1.595 9.857785714285713 14
20 5.8 28.674637931034468 43.48341150794066 966.677 1.251 74.60275 36
30 8.3 29.998072289156624 47.98044917797327 966.677 1.088 46.26412765957446 94
40 13.1 26.384625954198473 37.07401917030634 966.677 1.088 38.63654237288135 177
50 12.8 21.257234375000007 28.737640660400753 966.677 1.088 33.42549999999999 308
60 13.2 24.672189393939387 67.18136175908494 966.677 1.042 29.853165137614678 436
70 12.4 20.089959677419355 31.26367420500606 966.677 1.042 28.64913556338028 568
80 15.6 31.54121153846153 44.225477125024 966.677 1.042 27.115410404624274 692
90 21.4 35.48260747663554 84.78990717801938 966.677 1.042 27.92959080188679 848
100 27.6 32.61722463768114 59.83900836986411 966.677 1.038 29.451573446327686 1062
110 32.5 32.05758153846154 53.19794470249303 966.677 1.02 30.104577727952165 1338
120 30.6 22.687790849673227 32.59960826695422 966.677 0.998 30.486253156945278 1663
130 29.4 31.079462585034005 44.36042715481268 966.677 0.998 29.274303199593703 1969
140 31.2 25.506153846153847 37.97968915473684 966.677 0.991 29.50882235969951 2263
150 35.2 30.469178977272726 43.48733977889049 966.677 0.991 29.023838834951455 2575
160 39.3 27.132213740458017 40.95974578564354 966.677 0.943 29.197654936795352 2927
170 41.4 29.732809178743942 58.00570434425608 966.677 0.943 28.95316144578313 3320
180 41 36.030453658536544 66.90431921635516 966.677 0.943 29.039603374397426 3734
190 46 29.16098260869564 46.16429388513098 966.677 0.845 29.731265685328175 4144
200 48.8 35.75191803278694 53.026922562488956 966.677 0.845 29.674286924413543 4604
210 57.9 33.356364421416224 49.88914040786595 966.677 0.845 30.2567464650432 5092
220 61 37.20697213114751 57.248782242249796 966.677 0.845 30.573212484570618 5671
230 61.2 40.70567973856214 62.42914880998507 966.677 0.845 31.21747189937907 6281
240 69.7 38.547507890961256 56.893580401015235 966.677 0.824 32.05988930799361 6893
250 74 37.232440540540544 58.32388953633377 966.677 0.824 32.6556561264822 7590
260 82.3 174.7013888213849 349.0775932357875 1797.7 0.824 33.06223721488595 8330
270 97.8 72.86982617586915 108.51402512309457 1797.7 0.824 45.79784540587782 9153
280 114.2 79.34646147110342 137.36877596204874 1797.7 0.824 48.41124953114201 10131
290 119.1 72.12245843828724 108.94113462296255 1797.7 0.824 51.54511026346135 11273
300 121.7 69.2205817584224 109.86985352243813 1797.7 0.824 53.51138286264441 12464
310 124.4 80.51081752411585 122.37848861499717 1797.7 0.824 54.90880228053505 13681
320 125.1 227.3976187050359 361.6830275186406 2030.601 0.824 57.0427323953099 14925
330 140.2 445.0552403708976 571.2245853359552 2245.51 0.824 70.21743335806133 16176
340 145.4 633.8597228335632 753.8707156473911 3047.651 0.808 100.11404306519503 17578
350 151.5 728.0882792079195 873.4291588435536 3849.038 0.808 140.89095659941148 19032
360 157.5 1144.897646349208 1314.072930987231 5064.218 0.808 184.18700681364666 20547
370 161.6 1368.8697370049515 1200.013126350174 5064.218 0.808 252.58585218334693 22122
380 170 1743.5080688235307 1658.8462181605835 5626.163 0.808 328.5785540904879 23738
390 204.8 1530.6876640625003 1608.8802022738507 5626.163 0.771 423.1370954477555 25438
400 234.6 1313.4186888320576 1564.7565458412475 5626.163 0.771 505.66141926799116 27486
410 283.1 1121.414313670085 1416.8594721940956 5626.163 0.759 569.1837628720841 29832
420 321.8 1009.3783502175291 1345.336900894407 5626.163 0.732 617.0472380369232 32663
430 336.1 972.1940119012213 1239.1509207478516 5626.163 0.732 652.2335906747312 35881
440 341.7 920.3347521217453 1209.648767622935 5626.163 0.732 679.6375704857049 39242
450 349.6 933.6506052631577 1232.6099198720526 5626.163 0.732 698.917494291944 42659
460 350.2 904.4286213592226 1127.101459857221 5626.163 0.732 716.6973005091547 46155
470 360 910.3831941666685 1109.0154849664946 5626.163 0.732 729.9368253619838 49657
480 359 863.050311977717 1036.8590864997527 5626.163 0.732 742.1344130536837 53257
490 386.1 821.2912978502986 922.086942422938 5626.163 0.732 749.7704901929748 56847
500 414.9 774.3105283200772 953.6406333390676 5626.163 0.732 754.3191796303624 60708
510 440.6 744.5177235587842 886.4387830272364 5626.163 0.732 755.5980563239133 64857
520 440.1 715.2803746875733 810.313497591982 5626.163 0.732 754.8932074700786 69263
530 450 717.6324159999979 836.3762423466784 5626.163 0.732 752.5265687174206 73664
540 474.3 679.6553733923674 821.7762519615396 5626.163 0.732 750.5176683639535 78164
550 473.3 667.6590614832022 818.524720565851 5626.163 0.732 746.463730034859 82907
560 488 627.9782911885237 811.7022214749436 5626.163 0.732 742.2078822911919 87640
570 536.7 612.6150447177192 788.8568668796947 5626.163 0.732 736.1828022589716 92520
580 598.1 552.9992966059166 700.7179907206379 5626.163 0.732 729.40776415663 97887
590 621.8 532.4968259890638 678.9827016995363 5626.163 0.732 719.2496880945049 103868
600 638.4 516.306914943609 666.9347709356011 5626.163 0.732 708.70130504333 110086
610 648.2 505.44430592409753 638.0786914645953 5626.163 0.732 698.1557071520566 116470
620 643.1 510.641599129217 692.2920858433445 5626.163 0.732 687.9960082227212 122952
630 607.6 520.6424624753159 675.6133408494302 5626.163 0.732 679.1805826654199 129383
640 659.4 495.7113941461937 644.2065756413743 5626.163 0.732 672.0693710200137 135459
650 679.8 488.9546604883798 657.5831947723472 5626.163 0.732 663.8829582057404 142053
660 689.9 480.8597862008992 698.9234248727548 5626.163 0.732 655.8940124285361 148851
670 705.7 478.13503840158677 708.1981079926417 5626.163 0.732 648.140810972713 155750
680 708.9 459.1101873324884 729.6823400991311 5626.163 0.732 640.7717744015923 162807
690 710 471.383335774649 763.7940963914654 5626.163 0.732 633.1918490900318 169896
700 691 459.73896931982574 723.2140381279197 5626.163 0.732 626.7010784255015 176996
710 669.4 671.6851006871816 912.9901658828854 5626.163 0.732 620.4277204387026 183906
720 664.5 721.6528729872093 1065.6907635704874 5762.285 0.732 622.2279140556141 190600
730 634.4 787.0436688209334 1131.7529911276565 5810.369 0.732 625.5774481482423 197245
740 528.9 913.6586339572721 1069.9394193669978 5810.369 0.732 630.608867841583 203589
750 448.6 910.1120733392777 908.1670001787194 5810.369 0.732 637.775971188924 208878
760 367.7 442.89837013870084 596.044200746794 5810.369 0.732 643.50186568962 213364
770 228.9 83.99978505897758 205.78332309241634 5810.369 0.732 640.103341663557 217041
780 70.2 21.17443162393163 35.471552826944674 5810.369 0.732 634.2996620890898 219330
790 11.8 15.424898305084747 13.28913564506917 5810.369 0.732 632.343519747128 220032
