10 0.1 1212 0 1212 1212 0 0
20 0.1 767.0 0.0 1212 767 1212.0 1
30 0.1 713.0 0.0 1212 713 989.5 2
40 0.1 1011.0 0.0 1212 713 897.3333333333334 3
50 0.1 1534.0 0.0 1534 713 925.75 4
60 0.1 1347.0 0.0 1534 713 1047.4 5
70 0.1 1456.0 0.0 1534 713 1097.3333333333333 6
80 0.1 1202.0 0.0 1534 713 1148.5714285714287 7
90 0.1 1885.0 0.0 1885 713 1155.25 8
100 0.1 2576.0 0.0 2576 713 1236.3333333333333 9
110 0.1 3332.0 0.0 3332 713 1370.3 10
120 0.1 3440.0 0.0 3440 713 1548.6363636363637 11
130 0.1 3334.0 0.0 3440 713 1706.25 12
140 0.1 3213.0 0.0 3440 713 1831.4615384615386 13
150 0.1 3388.0 0.0 3440 713 1930.142857142857 14
160 0.1 4109.0 0.0 4109 713 2027.3333333333333 15
170 0.1 4251.0 0.0 4251 713 2157.4375 16
180 0.1 4517.0 0.0 4517 713 2280.5882352941176 17
190 0.1 4640.0 0.0 4640 713 2404.8333333333335 18
200 0.1 4972.0 0.0 4972 713 2522.4736842105262 19
210 0.1 5577.0 0.0 5577 713 2644.95 20
220 0.1 6535.0 0.0 6535 713 2784.5714285714284 21
230 0.1 6854.0 0.0 6854 713 2955.0454545454545 22
240 0.1 7185.0 0.0 7185 713 3124.5652173913045 23
250 0.1 7829.0 0.0 7829 713 3293.75 24
260 0.1 8319.0 0.0 8319 713 3475.16 25
270 0.1 9841.0 0.0 9841 713 3661.4615384615386 26
280 0.1 11336.0 0.0 11336 713 3890.3333333333335 27
290 0.1 13163.0 0.0 13163 713 4156.25 28
300 0.1 13313.0 0.0 13313 713 4466.827586206897 29
310 0.1 13634.0 0.0 13634 713 4761.7 30
320 0.1 14109.0 0.0 14109 713 5047.903225806452 31
330 0.1 14447.0 0.0 14447 713 5331.0625 32
340 0.1 16718.0 0.0 16718 713 5607.30303030303 33
350 0.1 17315.0 0.0 17315 713 5934.088235294118 34
360 0.1 17962.0 0.0 17962 713 6259.257142857143 35
370 0.1 17927.0 0.0 17962 713 6584.333333333333 36
380 0.1 18598.0 0.0 18598 713 6890.891891891892 37
390 0.1 18305.0 0.0 18598 713 7198.973684210527 38
400 0.1 20753.0 0.0 20753 713 7483.74358974359 39
410 0.1 23246.0 0.0 23246 713 7815.475 40
420 0.1 25470.0 0.0 25470 713 8191.829268292683 41
430 0.1 27852.0 0.0 27852 713 8603.214285714286 42
440 0.1 28468.0 0.0 28468 713 9050.860465116279 43
450 0.1 28687.0 0.0 28687 713 9492.15909090909 44
460 0.1 28611.0 0.0 28687 713 9918.71111111111 45
470 0.1 30256.0 0.0 30256 713 10325.065217391302 46
480 0.1 30948.0 0.0 30948 713 10749.127659574466 47
490 0.1 33388.0 0.0 33388 713 11169.937499999998 48
500 0.1 35477.0 0.0 35477 713 11623.367346938772 49
510 0.1 35230.0 0.0 35477 713 12100.439999999997 50
520 0.1 38678.0 0.0 38678 713 12553.960784313724 51
530 0.1 38547.0 0.0 38678 713 13056.346153846152 52
540 0.1 38977.0 0.0 38977 713 13537.301886792451 53
550 0.1 39401.0 0.0 39401 713 14008.407407407405 54
560 0.1 39612.0 0.0 39612 713 14470.090909090906 55
570 0.1 41979.0 0.0 41979 713 14919.053571428569 56
580 0.1 44801.0 0.0 44801 713 15393.789473684208 57
590 0.1 49015.0 0.0 49015 713 15900.810344827583 58
600 0.1 49816.0 0.0 49816 713 16462.06779661017 59
610 0.1 50668.0 0.0 50668 713 17017.966666666664 60
620 0.1 50578.0 0.0 50668 713 17569.606557377047 61
630 0.1 49854.0 0.0 50668 713 18101.999999999996 62
640 0.1 51007.0 0.0 51007 713 18605.999999999996 63
650 0.1 52245.0 0.0 52245 713 19112.265624999996 64
660 0.1 52094.0 0.0 52245 713 19621.999999999996 65
670 0.1 52634.0 0.0 52634 713 20113.999999999996 66
680 0.1 52792.0 0.0 52792 713 20599.373134328354 67
690 0.1 49858.0 0.0 52792 713 21072.794117647056 68
700 0.1 50271.0 0.0 52792 713 21489.97101449275 69
710 0.1 52482.0 0.0 52792 713 21901.128571428566 70
720 0.1 51771.0 0.0 52792 713 22331.84507042253 71
730 0.1 48988.0 0.0 52792 713 22740.722222222215 72
740 0.1 47947.0 0.0 52792 713 23100.273972602732 73
750 0.1 45423.0 0.0 52792 713 23436.040540540533 74
760 0.1 42011.0 0.0 52792 713 23729.199999999993 75
770 0.1 29104.0 0.0 52792 713 23969.749999999993 76
780 0.1 11422.0 0.0 52792 713 24036.428571428565 77
790 0.1 2396.0 0.0 52792 713 23874.70512820512 78
