0 1.4 9.857785714285713 3.012513311851357 18.061 7.032 0 0
10 3.4 74.86567647058823 191.7092507922779 966.677 0.279 9.857785714285713 14
20 8.8 18.84176136363637 27.461755753143777 966.677 0.275 55.905041666666655 48
30 12.9 19.241131782945736 33.401629025023155 966.677 0.275 31.92291911764706 136
40 20.3 16.973714285714294 24.63805803610115 966.677 0.275 25.74952075471698 265
50 19.9 13.661301507537692 19.264403310878023 966.677 0.266 21.94292094017094 468
60 18.8 17.230505319148936 54.614660688423896 966.677 0.266 19.47209295352324 667
70 17.1 14.524561403508777 20.25220642691829 966.677 0.266 18.979205847953217 855
80 23.6 20.795080508474584 27.246843577375323 966.677 0.266 18.236765107212477 1026
90 32.3 23.450538699690412 66.23729370589274 966.677 0.266 18.7151822503962 1262
100 43.4 20.70832718894011 43.38921160362552 966.677 0.266 19.680179179810732 1585
110 49.6 20.935693548387075 39.101843859652405 966.677 0.257 19.901187716691442 2019
120 44.8 15.449863839285731 23.032043103551867 966.677 0.257 20.105209542743545 2515
130 43.4 21.006635944700452 29.220229713944192 966.677 0.257 19.40133007087412 2963
140 46.4 17.100247844827592 25.302120723033667 966.677 0.257 19.606423609066827 3397
150 54.5 19.638036697247703 28.811847269376575 966.677 0.257 19.305241129241132 3861
160 58.6 18.135883959044346 27.40889540335889 966.677 0.257 19.3464062641852 4406
170 62.4 19.674456730769208 43.37886501520922 966.677 0.257 19.20430568910256 4992
180 61.6 23.93081980519481 51.411980691359894 966.677 0.257 19.256544693732188 5616
190 67.5 19.824743703703742 31.216673447579733 966.677 0.257 19.718571887034653 6232
200 73.2 23.77835928961752 36.270330010817204 966.677 0.257 19.72894773418271 6907
210 87.2 22.09588417431192 34.07763728096285 966.677 0.257 20.116978793035738 7639
220 93.1 24.484992481203022 38.14652628950513 966.677 0.257 20.319728821525086 8511
230 91.9 27.012044613710607 41.19284719197584 966.677 0.257 20.730432111840713 9442
240 102.8 25.965835603112858 38.93332068363154 966.677 0.257 21.287598590869614 10361
250 111 24.76473333333335 42.065821550302104 966.677 0.257 21.70986811835983 11389
260 122.8 117.87212133550493 220.31644613693632 1373.919 0.257 21.98116185294824 12499
270 149 47.06627785234895 74.78966705699357 1373.919 0.257 30.55944539957748 13727
280 175.2 51.839948059360815 101.57751352474067 1637.464 0.257 32.1757416705001 15217
290 180.5 47.43899667590026 75.90643718304665 1637.464 0.257 34.20601390771408 16969
300 178.5 46.98862352941173 76.34614586513152 1637.464 0.257 35.478280547565795 18774
310 183.3 55.84769503546101 88.00546198008178 1637.464 0.257 36.47764638357898 20559
320 187.9 164.28473709419924 247.40031575266084 1637.464 0.255 38.063270677027525 22392
330 213.1 287.7208948850302 348.9923919936244 1637.464 0.255 47.835020312306895 24271
340 219.1 419.7773710634413 461.8627655267264 1737.275 0.255 67.19706859328838 26402
350 232.9 491.9519141262336 624.3012811716294 2338.615 0.255 94.21429108523064 28593
360 235 779.6286072340426 890.0270566377059 2982.789 0.255 124.17130952072951 30922
370 241.7 935.3463752585845 767.2478795258364 2982.789 0.255 170.46623166626588 33272
380 253.1 1202.1460035559078 1095.3138296503505 3116.095 0.255 222.26693516209465 35689
390 308.9 993.4745736484322 1018.0679335546689 3116.095 0.255 287.15636274201984 38220
400 357 864.2466865546238 1038.0917640589173 3307.469 0.255 339.9733506499795 41309
410 434.2 729.2721340396143 937.1836036430425 3307.469 0.255 381.67784070500704 44879
420 488 660.5322430327856 899.136197271879 3307.469 0.255 412.34065579732265 49221
430 504 648.7935553571441 857.5809826750339 3307.469 0.255 434.7279489288555 54101
440 513.2 618.004562159007 856.404726457441 3307.469 0.255 452.97063431460435 59141
450 523.2 615.9064690366956 859.9589034879288 3307.469 0.255 466.1480823518436 64273
460 523 603.2605428298288 786.5791590211799 3307.469 0.255 477.42116887993717 69505
470 538.3 608.207691250232 794.8097298111098 3307.469 0.255 486.22748353515806 74735
480 537.5 570.6373666976751 734.9621082790123 3307.469 0.255 494.42313817119793 80118
490 578.7 549.3876236391906 672.2668115032146 3307.469 0.255 499.2147758296005 85493
500 627.4 512.1720954733834 699.0862702627111 3307.469 0.255 502.39565083260334 91280
510 661.1 492.2078125850844 647.778567181084 3307.469 0.255 503.0244042786563 97554
520 664.7 475.79805476154627 612.8314360677542 3307.469 0.255 502.33791181298926 104165
530 677 473.10600103397366 618.9625297755766 3307.469 0.255 500.7459323358483 110812
540 703.2 456.9565632821382 620.4569291858123 3307.469 0.255 499.15451243387616 117582
550 704.8 449.54887585130433 622.1716106336793 3307.469 0.255 496.7732713338792 124614
560 730.6 420.22105228579363 616.5875634259374 3307.469 0.255 494.2453016891739 131662
570 808.6 403.95247959436176 590.9159870525856 3307.469 0.255 490.3536060028209 138968
580 907.6 362.15515502424046 532.6866601071313 3307.469 0.255 485.60270151781 147054
590 937.3 352.3249084604709 528.8814827317535 3307.469 0.255 478.4265666816117 156130
600 961.4 341.62013532348925 524.5165662533652 3307.469 0.255 471.2849992024316 165503
610 965.9 336.9695452945452 498.1483677626947 3307.469 0.255 464.16634138318983 175117
620 959.8 339.69396342987994 541.6646608522236 3307.469 0.255 457.51724272632845 184776
630 914.1 345.25521704408783 525.2941061959268 3307.469 0.255 451.69924322697506 194374
640 991.1 330.10876157804455 509.06183276244155 3307.469 0.255 446.9182450531905 203515
650 1020 322.42772225490216 509.44595767070933 3307.469 0.255 441.4938881766986 213426
660 1042 318.0850670825336 544.6937502009445 3307.469 0.255 436.0630577169027 223626
670 1058.4 315.37491269841297 540.0023380389144 3307.469 0.255 430.8105404236777 234046
680 1060.4 307.5924271972852 561.21725294746 3307.469 0.255 425.81617880063806 244630
690 1062.6 311.62227686805835 569.2358813118036 3307.469 0.255 420.90443247373037 255234
700 1034.6 306.5453894258647 554.0208449852573 3307.469 0.255 416.53659908222403 265860
710 1006.1 450.65755859258684 692.9788920363081 3307.469 0.255 412.41659786898214 276206
720 1015.7 473.3425079255685 785.7765395896491 3307.469 0.255 413.7605959750865 286267
730 974.5 509.7915673678842 807.3332227592991 3356.514 0.255 415.8021765477832 296424
740 812.7 596.2512662729208 736.1790217444772 3356.514 0.254 418.7937485669683 306169
750 671.3 591.0140521376462 600.3659668518444 3356.514 0.254 423.3824078130175 314296
760 519.8 304.38172239322836 451.20775388337063 3356.514 0.254 426.8879519826552 321009
770 303.3 61.58131091328695 156.88530874946517 3356.514 0.254 424.9358559779531 326207
780 84.7 17.52093034238487 31.960997433779962 3356.514 0.254 421.5885885281258 329240
790 14.4 12.60763194444445 11.123411197251773 3356.514 0.254 420.55175488583353 330087
