10 0.1 988 0 988 988 0 0
20 0.1 675.0 0.0 988 675 988.0 1
30 0.1 448.0 0.0 988 448 831.5 2
40 0.1 647.0 0.0 988 448 703.6666666666666 3
50 0.1 986.0 0.0 988 448 689.5 4
60 0.1 895.0 0.0 988 448 748.8 5
70 0.1 1002.0 0.0 1002 448 773.1666666666666 6
80 0.1 833.0 0.0 1002 448 805.8571428571429 7
90 0.1 1192.0 0.0 1192 448 809.25 8
100 0.1 1674.0 0.0 1674 448 851.7777777777778 9
110 0.1 2135.0 0.0 2135 448 934.0 10
120 0.1 2262.0 0.0 2262 448 1043.1818181818182 11
130 0.1 2250.0 0.0 2262 448 1144.75 12
140 0.1 2117.0 0.0 2262 448 1229.7692307692307 13
150 0.1 2272.0 0.0 2272 448 1293.142857142857 14
160 0.1 2611.0 0.0 2611 448 1358.4 15
170 0.1 2837.0 0.0 2837 448 1436.6875 16
180 0.1 2983.0 0.0 2983 448 1519.0588235294117 17
190 0.1 3105.0 0.0 3105 448 1600.388888888889 18
200 0.1 3369.0 0.0 3369 448 1679.578947368421 19
210 0.1 3540.0 0.0 3540 448 1764.05 20
220 0.1 4217.0 0.0 4217 448 1848.6190476190477 21
230 0.1 4416.0 0.0 4416 448 1956.2727272727273 22
240 0.1 4739.0 0.0 4739 448 2063.217391304348 23
250 0.1 5093.0 0.0 5093 448 2174.7083333333335 24
260 0.1 5363.0 0.0 5363 448 2291.44 25
270 0.1 6097.0 0.0 6097 448 2409.576923076923 26
280 0.1 7179.0 0.0 7179 448 2546.1481481481483 27
290 0.1 8139.0 0.0 8139 448 2711.6071428571427 28
300 0.1 8492.0 0.0 8492 448 2898.7586206896553 29
310 0.1 8691.0 0.0 8691 448 3085.2 30
320 0.1 9020.0 0.0 9020 448 3266.032258064516 31
330 0.1 9203.0 0.0 9203 448 3445.84375 32
340 0.1 10156.0 0.0 10156 448 3620.3030303030305 33
350 0.1 10596.0 0.0 10596 448 3812.529411764706 34
360 0.1 11095.0 0.0 11095 448 4006.342857142857 35
370 0.1 11270.0 0.0 11270 448 4203.25 36
380 0.1 11775.0 0.0 11775 448 4394.243243243243 37
390 0.1 12044.0 0.0 12044 448 4588.473684210527 38
400 0.1 14197.0 0.0 14197 448 4779.641025641025 39
410 0.1 16626.0 0.0 16626 448 5015.075 40
420 0.1 18661.0 0.0 18661 448 5298.268292682927 41
430 0.1 20381.0 0.0 20381 448 5616.428571428572 42
440 0.1 21197.0 0.0 21197 448 5959.790697674419 43
450 0.1 21663.0 0.0 21663 448 6306.090909090909 44
460 0.1 21878.0 0.0 21878 448 6647.355555555556 45
470 0.1 22435.0 0.0 22435 448 6978.45652173913 46
480 0.1 22917.0 0.0 22917 448 7307.31914893617 47
490 0.1 24356.0 0.0 24356 448 7632.520833333333 48
500 0.1 25906.0 0.0 25906 448 7973.816326530612 49
510 0.1 26259.0 0.0 26259 448 8332.46 50
520 0.1 28306.0 0.0 28306 448 8683.960784313724 51
530 0.1 28197.0 0.0 28306 448 9061.30769230769 52
540 0.1 28788.0 0.0 28788 448 9422.358490566035 53
550 0.1 29512.0 0.0 29512 448 9780.98148148148 54
560 0.1 29843.0 0.0 29843 448 10139.72727272727 55
570 0.1 31667.0 0.0 31667 448 10491.571428571426 56
580 0.1 33848.0 0.0 33848 448 10863.070175438594 57
590 0.1 36724.0 0.0 36724 448 11259.362068965514 58
600 0.1 38175.0 0.0 38175 448 11690.966101694914 59
610 0.1 38799.0 0.0 38799 448 12132.366666666665 60
620 0.1 38945.0 0.0 38945 448 12569.524590163932 61
630 0.1 39040.0 0.0 39040 448 12994.935483870966 62
640 0.1 38942.0 0.0 39040 448 13408.349206349205 63
650 0.1 40615.0 0.0 40615 448 13807.312499999998 64
660 0.1 40775.0 0.0 40775 448 14219.73846153846 65
670 0.1 42011.0 0.0 42011 448 14622.090909090908 66
680 0.1 42441.0 0.0 42441 448 15030.880597014924 67
690 0.1 40588.0 0.0 42441 448 15433.970588235294 68
700 0.1 41263.0 0.0 42441 448 15798.521739130434 69
710 0.1 41483.0 0.0 42441 448 16162.3 70
720 0.1 40107.0 0.0 42441 448 16518.929577464787 71
730 0.1 38381.0 0.0 42441 448 16846.541666666668 72
740 0.1 35929.0 0.0 42441 448 17141.534246575342 73
750 0.1 30443.0 0.0 42441 448 17395.41891891892 74
760 0.1 26772.0 0.0 42441 448 17569.386666666665 75
770 0.1 18985.0 0.0 42441 448 17690.473684210527 76
780 0.1 9043.0 0.0 42441 448 17707.285714285714 77
790 0.1 2090.0 0.0 42441 448 17596.20512820513 78
