40 0.5 42293.59299999999 1066.938511524448 43618.449 40699.027 0 0
50 0.4 45385.1435 6178.538758510967 52496.159 37375.891 42293.59299999999 5
60 0.8 52349.60725 7955.478070696501 65196.562 37375.891 43667.61544444444 9
70 0.7 44879.03742857143 3020.130725298249 65196.562 37375.891 47753.25864705882 17
80 0.5 48487.7436 6810.822593175502 65196.562 37375.891 46914.944125 24
90 0.3 47390.586 5938.336015351607 65196.562 37375.891 47186.116448275854 29
100 0.5 47858.945400000004 5731.390057868079 65196.562 37212.651 47205.28546874999 32
110 1.7 48715.44652941177 7535.189270177014 74475.771 37212.651 47293.61789189188 37
120 1.3 47960.29253846154 6469.079595707099 74475.771 37212.651 47741.2306111111 54
130 1.9 47423.36994736842 5269.043345820472 74475.771 37212.651 47783.735164179096 67
140 1.5 48598.867399999996 6536.373868676331 74475.771 37212.651 47704.11959302325 86
150 1.1 51235.793818181824 7551.001649526031 74475.771 37212.651 47837.002930693074 101
160 1.8 49271.08744444445 9152.133162294303 74475.771 36147.625 48170.81275 112
170 2 50254.679449999996 11772.55282673689 92390.327 35888.213 48323.158476923076 130
180 1.7 51465.175235294126 14360.634651560145 101182.699 35888.213 48580.694606666664 150
190 2.1 49104.06580952382 8579.126437686813 101182.699 35888.213 48874.324371257484 167
200 2.3 53408.71165217392 10053.319114738388 101182.699 35888.213 48899.98697872341 188
210 1.9 50108.585473684216 13148.262860783232 101182.699 35888.213 49391.4593364929 211
220 2.3 46605.15908695652 8035.12716183049 101182.699 35489.148 49450.70019130436 230
230 2.9 48125.179862068966 9750.45069183582 101182.699 35489.148 49192.014636363645 253
240 3.5 48032.57325714285 7712.81241061287 101182.699 35489.148 49082.30467730497 282
250 3 50653.516033333326 9646.291382867123 101182.699 35489.148 48966.4037318612 317
260 3.1 51119.54332258064 10281.968514568844 101182.699 35489.148 49112.263585014414 347
270 3.4 48812.39105882353 7297.359814762947 101182.699 33514.446 49276.881764550264 378
280 4.5 50949.79757777778 9316.744067231144 101182.699 33514.446 49238.550007281556 412
290 4.7 52626.806744680856 12964.90903262766 104615.612 33514.446 49407.05359737418 457
300 6.6 49498.76007575759 9984.798405277807 104615.612 33514.446 49707.308355158726 504
310 6.4 50771.845062500004 9733.119034298285 104615.612 33514.446 49683.16065964912 570
320 4.8 48984.67129166663 8575.578870114221 104615.612 33514.446 49793.05940063091 634
330 4.6 53048.66421739133 7627.295322393493 104615.612 33514.446 49736.16404985336 682
340 4.5 53384.64577777776 9944.223182476288 104615.612 33514.446 49945.47037912087 728
350 5 56693.84213999999 13127.126755232917 124986.633 33514.446 50145.68110737386 773
360 6.6 58562.458893939394 8474.901680130994 124986.633 33514.446 50543.50377035236 823
370 5.6 59347.72248214284 5433.5568875398 124986.633 33514.446 51138.836771653536 889
380 6.2 65935.67240322579 9231.214095268937 124986.633 33514.446 51625.289258201046 945
390 6.3 69474.05376190475 8388.41420428489 124986.633 33514.446 52506.36547964249 1007
400 7.7 74242.27114285716 11463.740062810562 124986.633 33514.446 53505.397593457936 1070
410 8.8 73951.82218181825 11202.348087176293 137211.469 33514.446 54897.498084568426 1147
420 11.8 73733.81349152548 10501.398744852713 137211.469 33514.446 56255.215105263145 1235
430 14.8 70856.67097972971 10679.321542148442 137211.469 33514.446 57779.58658314855 1353
440 18 70200.87516111114 11584.376016553972 137211.469 33514.446 59068.99930179879 1501
450 15.1 69428.01583443707 10042.677713744111 137211.469 33514.446 60260.99076799523 1681
460 18.3 68220.06279781424 11469.55793901735 137211.469 33514.446 61016.56979912663 1832
470 18.4 68547.51604891302 12484.194029108752 137211.469 33514.446 61670.782810918114 2015
480 16.8 66267.87283333333 11736.746334730064 137211.469 33514.446 62246.189321055026 2199
490 17.4 66781.07679310357 11204.929435767304 137211.469 33514.446 62531.63200380228 2367
500 18 64359.93273333333 10206.029574814811 137211.469 33514.446 62822.62113931524 2541
510 19.6 65023.53646938779 11293.055867799145 137211.469 33514.446 62924.31760639472 2721
520 21.3 64833.74250704226 11141.65145780603 137211.469 33514.446 63065.36899382928 2917
530 20.5 64448.99626829271 13007.362688553441 137211.469 33514.446 63185.7087888179 3130
540 22.7 63772.50937444929 12075.273057160988 137211.469 33514.446 63263.36214212895 3335
550 23.7 64033.22381434598 12158.918695336168 137211.469 33514.446 63295.8092004492 3562
560 24.4 62015.86163524591 10926.170515025204 137211.469 33514.446 63341.812691761 3799
570 21.7 61839.67088940094 10846.735805918934 137211.469 33514.446 63261.78992208757 4043
580 23.3 62221.826064377696 11738.297003388478 137211.469 33514.446 63189.34864741785 4260
590 27.4 61201.641605839424 12036.223257102387 137211.469 33514.446 63139.174429334525 4493
600 30.8 59764.33348376627 10965.701321582179 137211.469 33514.446 63027.80795280051 4767
610 31.8 58864.28005660377 10579.764035363842 137211.469 33514.446 62829.748812610844 5075
620 33.5 59233.8296268657 10110.864038484628 137211.469 33514.446 62595.92365696274 5393
630 29.7 59555.18445117843 10940.034928839475 137211.469 33514.446 62399.29280848465 5728
640 32.1 59565.523785046746 10630.037412665528 137211.469 33514.446 62259.0936081328 6025
650 31.9 58792.428291536075 10227.748257415102 137211.469 33514.446 62122.84464607628 6346
660 31.9 58687.182313479636 11931.338624089076 137211.469 33514.446 61963.44437344337 6665
670 33.1 59358.479876132915 11093.856116986926 137211.469 33514.446 61813.79838301834 6984
680 37.3 59473.79729490614 11358.432451038818 137211.469 33514.446 61702.69647928914 7315
690 34.3 58753.896139941644 11294.803423772413 137211.469 33514.446 61594.556599505726 7688
700 36.4 60221.27194505491 12196.142894598344 137211.469 33514.446 61473.23340966256 8031
710 29 58854.555072413845 10590.66569480774 137211.469 33514.446 61418.94943430613 8395
720 33.7 59660.07803560832 10784.627945827264 137211.469 33514.446 61333.321988716176 8685
730 32.8 60154.382405487806 10362.586439489081 137211.469 33514.446 61270.82107847484 9022
740 33.4 61656.432197604765 10601.036939217953 137211.469 33514.446 61231.656171016046 9350
750 30.8 64195.870188311696 12158.204199211139 140930.899 33514.446 61246.3066452912 9684
760 42 63247.33002142851 10332.042837817913 140930.899 33514.446 61337.22593785028 9992
770 37.1 66004.76835579507 10753.23651701877 140930.899 33514.446 61414.275852862076 10412
780 18.5 70802.00413513505 9570.866594869938 140930.899 33514.446 61572.216381340986 10783
790 3.4 84067.12258823527 13274.229629225338 140930.899 33514.446 61727.89752051421 10968
