0 126.8328125 126.8328125
10 196.8265625 323.659375
20 472.31640625 795.97578125
30 607.853125 1403.82890625
40 901.546875 2305.37578125
50 842.81875 3148.19453125
60 922.92890625 4071.1234375
70 778.51328125 4849.63671875
80 1244.55859375 6094.1953125
90 1467.98515625 7562.18046875
100 2005.8109375 9567.99140625
110 2200.86328125 11768.8546875
120 1948.27578125 13717.13046875
130 2083.9859375 15801.11640625
140 2060.33125 17861.44765625
150 2496.88671875 20358.334375
160 2642.6828125 23001.0171875
170 2689.6390625 25690.65625
180 2859.471875 28550.128125
190 3135.41796875 31685.54609375
200 3327.95390625 35013.5
210 3948.26328125 38961.76328125
220 4239.4859375 43201.24921875
230 4171.57109375 47372.8203125
240 4722.1078125 52094.928125
250 5047.1359375 57142.0640625
260 5935.56796875 63077.63203125
270 6705.96875 69783.60078125
280 7892.14140625 77675.7421875
290 7988.04609375 85663.78828125
300 8114.62265625 93778.4109375
310 8256.8796875 102035.290625
320 8505.58125 110540.871875
330 10202.94453125 120743.81640625
340 10084.73125 130828.54765625
350 10407.48359375 141236.03125
360 10471.45234375 151707.48359375
370 10873.07890625 162580.5625
380 9705.9953125 172286.5578125
390 10623.225 182909.7828125
400 9875.25234375 192785.03515625
410 10923.93359375 203708.96875
420 11415.1765625 215124.1453125
430 11995.64296875 227119.78828125
440 11209.35703125 238329.1453125
450 11608.56953125 249937.71484375
460 12394.94765625 262332.6625
470 12981.5875 275314.25
480 13162.5796875 288476.8296875
490 14876.703125 303353.5328125
500 13961.52265625 317315.05546875
510 15624.1078125 332939.16328125
520 16128.2765625 349067.43984375
530 16277.103125 365344.54296875
540 15926.825 381271.36796875
550 15496.6546875 396768.02265625
560 14992.66875 411760.69140625
570 16948.2390625 428708.93046875
580 18456.0171875 447164.94765625
590 18112.1078125 465277.05546875
600 17998.4359375 483275.49140625
610 18992.33203125 502267.8234375
620 17266.36328125 519534.18671875
630 17587.76953125 537121.95625
640 18356.140625 555478.096875
650 18521.1375 573999.234375
660 16905.85390625 590905.08828125
670 17015.43359375 607920.521875
680 15463.78515625 623384.30703125
690 15591.421875 638975.72890625
700 15283.2296875 654258.95859375
710 19162.4625 673421.42109375
720 16645.96796875 690067.3890625
730 16884.125 706951.5140625
740 19350.6671875 726302.18125
750 21901.74140625 748203.92265625
760 18370.4171875 766574.33984375
770 11137.8125 777712.15234375
780 2871.8109375 780583.96328125
790 458.38671875 781042.35
