0 3.6296875 3.6296875
10 17.21484375 20.84453125
20 40.6046875 61.44921875
30 60.80703125 122.25625
40 97.84765625 220.10390625
50 94.4671875 314.57109375
60 87.7765625 402.34765625
70 81.58125 483.92890625
80 113.109375 597.03828125
90 149.296875 746.33515625
100 207.484375 953.81953125
110 239.1984375 1193.01796875
120 208.77578125 1401.79375
130 213.5015625 1615.2953125
140 222.7734375 1838.06875
150 260.996875 2099.065625
160 281.57421875 2380.63984375
170 301.55859375 2682.1984375
180 291.990625 2974.1890625
190 321.5734375 3295.7625
200 353.40625 3649.16875
210 416.55703125 4065.72578125
220 444.2734375 4509.99921875
230 440.6484375 4950.64765625
240 494.9609375 5445.60859375
250 526.203125 5971.81171875
260 593.30234375 6565.1140625
270 717.89296875 7283.00703125
280 834.93203125 8117.9390625
290 864.23828125 8982.17734375
300 853.19375 9835.37109375
310 893.11484375 10728.4859375
320 927.0453125 11655.53125
330 1004.76640625 12660.29765625
340 1068.49453125 13728.7921875
350 1162.57109375 14891.36328125
360 1138.15390625 16029.5171875
370 1177.9140625 17207.43125
380 1198.99609375 18406.42734375
390 1411.72734375 19818.1546875
400 1599.95859375 21418.11328125
410 1916.31953125 23334.4328125
420 2129.92734375 25464.36015625
430 2184.43828125 27648.7984375
440 2226.33984375 29875.13828125
450 2257.31328125 32132.4515625
460 2269.97578125 34402.42734375
470 2345.75234375 36748.1796875
480 2307.90546875 39056.08515625
490 2489.18671875 41545.271875
500 2667.8328125 44213.1046875
510 2806.95625 47020.0609375
520 2834.2234375 49854.284375
530 2871.7171875 52726.0015625
540 2982.140625 55708.1421875
550 2974.790625 58682.9328125
560 3057.32578125 61740.25859375
570 3364.68984375 65104.9484375
580 3776.33125 68881.2796875
590 3897.88203125 72779.16171875
600 3972.49140625 76751.653125
610 4008.00546875 80759.65859375
620 3992.3046875 84751.96328125
630 3767.51484375 88519.478125
640 4087.01484375 92606.49296875
650 4216.5578125 96823.05078125
660 4282.3703125 101105.42109375
670 4324.23671875 105429.6578125
680 4362.50859375 109792.16640625
690 4326.990625 114119.15703125
700 4192.4703125 118311.62734375
710 4207.3609375 122518.98828125
720 4294.3078125 126813.29609375
730 4179.59140625 130992.8875
740 3543.1734375 134536.0609375
750 2934.77265625 137470.83359375
760 2396.27109375 139867.1046875
770 1513.53671875 141380.64140625
780 471.1671875 141851.80859375
790 83.009375 141934.81796875
