0 1 10
10 0.4 14
20 0.8 22
30 0.5 27
40 0.6 33
50 0.4 37
60 1.6 53
70 1.2 65
80 1.8 83
90 2 103
100 1.3 116
110 1.2 128
120 2.3 151
130 2.1 172
140 1.8 190
150 2.1 211
160 1.7 228
170 1.7 245
180 3.5 280
190 3.8 318
200 2.6 344
210 4.2 386
220 3.9 425
230 3.6 461
240 5 511
250 5.6 567
260 6.8 635
270 6.1 696
280 5.1 747
290 5.5 802
300 8.6 888
310 10 988
320 9.8 1086
330 9.9 1185
340 9.8 1283
350 10 1383
360 15 1533
370 13.8 1671
380 16 1831
390 15.7 1988
400 16.3 2151
410 15.2 2303
420 16.7 2470
430 18 2650
440 18.2 2832
450 19.6 3028
460 19.9 3227
470 19 3417
480 22.9 3646
490 20.4 3850
500 23.2 4082
510 24.2 4324
520 22.3 4547
530 22.5 4772
540 29.5 5067
550 29.3 5360
560 34.6 5706
570 31.3 6019
580 31.5 6334
590 28.9 6623
600 34.2 6965
610 35.4 7319
620 34.5 7664
630 33.6 8000
640 34.9 8349
650 32.6 8675
660 35.8 9033
670 36.2 9395
680 37.1 9766
690 40 10166
700 38.3 10549
710 36.5 10914
720 9.7 11011
730 0 11011
740 0 11011
750 0 11011
760 0 11011
770 0 11011
780 0 11011
790 0 11011
