0 10 10
10 14 14
20 22 22
30 27 27
40 28 31
50 28 31
60 36 37
70 41 42
80 54 54
90 71 71
100 79 79
110 74 82
120 84 84
130 86 86
140 89 90
150 99 99
160 98 106
170 95 106
180 113 113
190 130 132
200 133 133
210 156 161
220 172 174
230 179 182
240 194 194
250 220 221
260 257 261
270 284 284
280 290 298
290 298 304
300 318 320
310 354 355
320 404 404
330 457 462
340 510 510
350 560 560
360 644 644
370 726 727
380 824 825
390 918 921
400 1004 1005
410 1068 1071
420 1117 1118
430 1149 1158
440 1151 1163
450 1196 1198
460 1212 1214
470 1218 1222
480 1279 1287
490 1309 1316
500 1361 1366
510 1407 1407
520 1417 1419
530 1437 1443
540 1505 1505
550 1561 1561
560 1663 1664
570 1759 1759
580 1841 1843
590 1856 1869
600 1890 1893
610 1926 1939
620 1936 1948
630 1975 1977
640 2003 2013
650 2010 2026
660 2049 2050
670 2080 2083
680 2078 2083
690 2135 2139
700 2154 2156
710 2229 2229
720 1989 2238
730 1661 2238
740 1327 2238
750 1019 2238
760 599 2238
770 228 2238
780 43 2238
790 9 2238
