0 0.8 8
10 2.9 37
20 4.7 84
30 7.5 159
40 11.5 274
50 12.3 397
60 14 537
70 15.2 689
80 16.8 857
90 19 1047
100 22 1267
110 20.7 1474
120 21.7 1691
130 20.5 1896
140 19.1 2087
150 23.7 2324
160 26.8 2592
170 27.3 2865
180 27.9 3144
190 30.6 3450
200 34.8 3798
210 44.1 4239
220 46.7 4706
230 56.9 5275
240 53 5805
250 59.5 6400
260 61.3 7013
270 69.8 7711
280 77.8 8489
290 85.7 9346
300 86.8 10214
310 95.2 11166
320 106.4 12230
330 115.5 13385
340 121.7 14602
350 130.6 15908
360 136.6 17274
370 149.4 18768
380 167.2 20440
390 185.1 22291
400 207.9 24370
410 220.1 26571
420 222.6 28797
430 226.9 31066
440 227.7 33343
450 236.9 35712
460 220.9 37921
470 238.6 40307
480 241.2 42719
490 238.2 45101
500 152.8 46629
510 50.4 47133
520 89 48023
530 123.8 49261
541 130.7 50568
550 144.9 52017
560 158.9 53606
570 150.9 55115
580 162.8 56743
590 172.4 58467
600 178.3 60250
610 174.7 61997
620 184.1 63838
630 180.7 65645
640 176.5 67410
650 182.7 69237
660 183.5 71072
670 188.6 72958
680 185.8 74816
690 184.7 76663
700 168.6 78349
710 178.9 80138
720 147.7 81615
730 105.7 82672
740 71.4 83386
750 46.1 83847
760 23.6 84083
