10 1 10
20 4.7 57
30 8.2 139
40 11.8 257
50 13.8 395
60 16.6 561
70 16.2 723
80 17.8 901
90 20.7 1108
100 26 1368
110 25.6 1624
120 25.2 1876
130 20.9 2085
140 20.2 2287
150 26 2547
160 31.8 2865
170 31.3 3178
180 31.4 3492
190 29.5 3787
200 35.9 4146
210 47.6 4622
220 54.7 5169
230 65.4 5823
240 63 6453
250 63 7083
260 63.7 7720
270 76.9 8489
280 89.5 9384
290 97.9 10363
300 98.8 11351
310 101.1 12362
320 112.7 13489
330 132 14809
340 140.5 16214
350 146.2 17676
360 151.5 19191
370 160.7 20798
380 180.6 22604
390 203.8 24642
400 238.1 27023
410 254.4 29567
420 251.6 32083
430 255.7 34640
440 258.5 37225
450 262 39845
460 244 42285
470 276.4 45049
480 271.9 47768
490 257.3 50341
500 150.5 51846
510 0 51846
520 0 51846
530 0 51846
541 0 51846
550 0 51846
560 0 51846
570 0 51846
580 0 51846
590 0 51846
600 0 51846
610 0 51846
620 0 51846
630 0 51846
640 0 51846
650 0 51846
660 0 51846
670 0 51846
680 0 51846
690 0 51846
700 0 51846
710 0 51846
720 0 51846
730 0 51846
740 0 51846
750 0 51846
760 0 51846
