210 1 10
220 9.1 101
230 24.7 348
240 41.2 760
250 51.8 1278
260 66.6 1944
270 71.9 2663
280 67 3333
290 62 3953
300 56.8 4521
310 63.8 5159
320 85.3 6012
330 107.2 7084
340 124.7 8331
350 136.2 9693
360 129 10983
370 136.8 12351
380 151.7 13868
390 180.4 15672
400 209.9 17771
410 231.7 20088
420 232.6 22414
430 231.2 24726
440 227.3 26999
450 226 29259
460 239.1 31650
470 237.7 34027
480 280.2 36829
490 291.7 39746
500 300.6 42752
510 320 45952
520 335.7 49309
530 344.7 52756
540 337.6 56132
550 327.8 59410
560 368 63090
570 392.1 67011
580 424 71251
590 435.1 75602
600 467.7 80279
610 478.3 85062
620 505.7 90119
630 510.9 95228
640 499.1 100219
650 515.2 105371
660 507.2 110443
670 508 115523
680 505.9 120582
690 544.8 126030
700 546.9 131499
710 517.6 136675
720 488.3 141558
730 448.2 146040
740 388.4 149924
750 262.6 152550
760 123.7 153787
770 52.3 154310
780 15.5 154465
790 6 154525
800 0.2 154527
810 0.6 154533
820 0.5 154538
830 0.3 154541
833 0 154541
