220 0.8 8
230 3.5 43
240 5 93
250 6.4 157
260 9 247
270 8.7 334
280 10.7 441
290 11.8 559
300 11.6 675
310 11.2 787
320 13.2 919
330 14.6 1065
340 14.2 1207
350 18.6 1393
360 18.6 1579
370 18.4 1763
380 17.1 1934
390 20.4 2138
400 20.6 2344
410 23.3 2577
420 26.7 2844
430 26.4 3108
440 26.2 3370
450 25.7 3627
460 29.8 3925
470 29.5 4220
480 26.4 4484
490 30.8 4792
500 32.9 5121
510 33.7 5458
520 32.6 5784
530 36.5 6149
540 35.5 6504
550 30 6804
560 33.7 7141
570 36.4 7505
580 40.3 7908
590 35.1 8259
600 44.6 8705
610 44.3 9148
620 48.1 9629
630 52.9 10158
640 55.6 10714
650 55 11264
660 63.6 11900
670 46.5 12365
680 52.9 12894
690 57.3 13467
700 62.2 14089
710 55.3 14642
720 54.1 15183
730 56.9 15752
740 65.8 16410
750 63.5 17045
760 49.9 17544
770 39.5 17939
780 13.8 18077
790 3.9 18116
800 1.2 18128
810 0.2 18130
820 0.2 18132
830 0.1 18133
833 0.1 18134
