260 0.9 9
270 0.8 17
280 1.4 31
290 2.6 57
300 3 87
310 2.1 108
320 2.6 134
330 1.3 147
340 1.3 160
350 4 200
360 3.8 238
370 3.9 277
380 3.7 314
390 4.8 362
400 4.3 405
410 5.4 459
420 6.8 527
430 7.6 603
440 7 673
450 9.3 766
460 7.1 837
470 7 907
480 7.7 984
490 10.8 1092
500 10.4 1196
510 10 1296
520 10.8 1404
530 11.8 1522
540 12.8 1650
550 10.7 1757
560 10.6 1863
570 12.7 1990
580 12.7 2117
590 13.1 2248
600 15.9 2407
610 15.1 2558
620 16 2718
630 18.3 2901
640 16.9 3070
650 18 3250
660 17.8 3428
670 16.9 3597
680 15.4 3751
690 18 3931
700 17.7 4108
710 20.9 4317
720 20.9 4526
730 21.4 4740
740 27.1 5011
750 29.1 5302
760 39.7 5699
770 31.8 6017
780 10.3 6120
790 2.6 6146
800 1.5 6161
810 0 6161
820 0 6161
830 0.2 6163
833 0 6163
