210 1.1 11
220 10.5 116
230 18.7 303
240 31.2 615
250 37.5 990
260 48 1470
270 51.2 1982
280 47 2452
290 40.4 2856
300 42.5 3281
310 46.6 3747
320 60.4 4351
330 80.6 5157
340 91.4 6071
350 96.6 7037
360 93.7 7974
370 106.1 9035
380 126.5 10300
390 139.1 11691
400 155.8 13249
410 166.9 14918
420 180.8 16726
430 173.5 18461
440 176.2 20223
450 175 21973
460 179.3 23766
470 171.4 25480
480 213.3 27613
490 218.6 29799
500 229 32089
510 240.8 34497
520 254.5 37042
530 254.2 39584
540 260 42184
550 269.3 44877
560 288.5 47762
570 303 50792
580 317.1 53963
590 346.5 57428
600 353 60958
610 375.8 64716
620 382.2 68538
630 387.8 72416
640 357 75986
650 394.8 79934
660 363.8 83572
670 403.8 87610
680 376.3 91373
690 398.2 95355
700 381.3 99168
710 386.7 103035
720 358 106615
730 281.7 109432
740 210.4 111536
750 122.4 112760
760 48 113240
770 0.1 113241
780 0 113241
790 0 113241
800 0 113241
810 0 113241
820 0 113241
830 0 113241
833 0 113241
