0 0.6 5.146166666666667 7.95656553664261 22.937 1.5 0 0
10 1.1 1.628818181818182 0.08278429603144238 22.937 1.448 5.146166666666667 6
20 0.9 1.533777777777778 0.15814253611345383 22.937 1.239 2.870235294117647 17
30 1 1.5116 0.13504458523021207 22.937 1.239 2.4076153846153847 26
40 1.5 1.9701333333333337 1.172162665996301 22.937 1.239 2.158722222222222 36
50 0.9 1.980111111111111 0.965131245472684 22.937 1.239 2.1032549019607845 51
60 1 2.7015000000000002 3.197110640875602 22.937 1.239 2.084783333333333 60
70 1.8 1.5543333333333333 0.1385877179101942 22.937 1.117 2.172885714285714 70
80 1.9 1.4376842105263157 0.10300999064044788 22.937 1.117 2.0463636363636364 88
90 1.6 1.6014374999999998 0.886043803146182 22.937 1.093 1.9382803738317758 107
100 1.1 1.5230909090909093 0.061126477740760916 22.937 1.093 1.8944634146341464 123
110 1 1.4576000000000005 0.05474522810254799 22.937 1.093 1.8639776119402984 134
120 1.1 1.979818181818182 1.5684794500164698 22.937 1.093 1.8357569444444444 144
130 2.5 1.4746799999999995 0.20587524766226756 22.937 1.093 1.8459806451612903 155
140 2 1.4928999999999997 0.09916496357080967 22.937 1.093 1.7944111111111112 180
150 2.5 1.57968 0.3912152062484279 22.937 1.093 1.7642600000000002 200
160 1.7 1.499 0.0816073814423815 22.937 1.093 1.7437511111111113 225
170 2 1.5081000000000002 0.10454276636860149 22.937 1.093 1.7265578512396695 242
180 2.2 1.6564545454545458 1.1021382410928944 22.937 1.093 1.709881679389313 262
190 5 1.3873800000000003 0.1879682834948493 22.937 1.068 1.705742957746479 284
200 4.4 1.4425681818181817 0.18341029485917784 22.937 1.068 1.6580838323353295 334
210 3.7 1.5884324324324324 0.18608477297167844 22.937 1.068 1.6329973544973546 378
220 3.8 1.7102105263157898 0.7395541743045618 22.937 1.068 1.6290240963855422 415
230 3.9 1.4856666666666667 0.182698481227226 22.937 1.068 1.635834437086093 453
240 3.2 2.0404062499999998 1.814147128463107 22.937 1.068 1.6239308943089434 492
250 6.8 1.5116764705882353 0.4991233326654571 22.937 1.068 1.6493645038167941 524
260 6.8 1.5174852941176475 0.20342815559705446 22.937 1.068 1.6335489864864867 592
270 6.1 1.466180327868852 0.23231906467125885 22.937 1.053 1.6215909090909095 660
280 6.3 1.466222222222222 0.3820621342488781 22.937 1.053 1.6084424410540916 721
290 7.2 1.7763055555555556 2.379385084188355 22.937 1.053 1.5970140306122451 784
300 5.7 2.0054736842105276 2.5243172229911863 22.937 1.053 1.6120946261682245 856
310 11.8 1.4777288135593205 0.4336735994555052 22.937 1.053 1.6366538882803947 913
320 10.1 1.5439801980198018 0.9978664167845791 22.937 1.053 1.6184645974781766 1031
330 9.6 1.4898750000000003 0.3204598990123413 22.937 1.053 1.6118189045936397 1132
340 8.6 2.736581395348838 3.300318094130408 22.937 1.053 1.6022858306188927 1228
350 10.7 1.8592616822429904 1.3460067790614627 22.937 1.053 1.6765243531202438 1314
360 12.3 1.6170894308943091 1.163786754473642 22.937 1.053 1.6902843068261788 1421
370 16.7 1.497532934131737 0.4258042166903366 22.937 1.053 1.684453367875648 1544
380 16.6 1.4273072289156639 0.24701823418531668 22.937 1.053 1.666209234365868 1711
390 16.3 1.5297607361963186 0.7080946943220698 22.937 1.053 1.6450809802876933 1877
400 17.4 2.0163448275862086 1.348975620951514 22.937 1.053 1.635866666666667 2040
410 16 1.7118437500000003 0.6166729537088013 22.937 1.053 1.6657687443541105 2214
420 16.3 1.73822699386503 1.913077956459743 22.937 1.053 1.6688740522325192 2374
430 18.5 1.6328864864864863 0.8531918089095547 22.937 1.053 1.673329917225069 2537
440 19.7 3.1615380710659884 9.484591916479834 101.163 1.053 1.670581190301249 2722
450 20.7 1.908178743961352 1.3736206650074902 101.163 1.053 1.7712041795135318 2919
460 17.3 5.555468208092484 21.218162265232323 198.099 1.053 1.7802744721689057 3126
470 18.9 2.28126455026455 2.5626124327095794 198.099 0.985 1.978246135192482 3299
480 22.2 1.7857882882882874 1.5235641845841357 198.099 0.985 1.9946654243119262 3488
490 24.3 1.6079794238683127 0.8436418332364151 198.099 0.985 1.9821665768194066 3710
500 58.1 2.354891566265064 2.686457925629345 198.099 0.842 1.959164432076903 3953
510 239.5 3.1019653444676463 3.633618003743496 198.099 0.795 2.0098740626378473 4534
520 319.9 5.139984995311016 6.150085821324198 198.099 0.795 2.387354019339012 6929
530 400.4 5.665659340659327 4.716994863236061 198.099 0.795 3.256791864139016 10128
541 406.3 12.032530150135363 23.37968616170777 198.099 0.795 3.9392929521652915 14132
550 401.3 11.760808621978605 15.933666691145705 198.099 0.795 5.746537949986253 18195
560 395.9 7.17922253094214 5.903064227226647 198.099 0.795 6.833320560158501 22208
570 403.5 17.923270879801727 28.09912916778451 198.099 0.795 6.885654641342146 26167
580 439.7 21.998520582215136 33.99933761608926 212.882 0.795 8.360284848685515 30202
590 466.5 9.062394640943179 6.370567239277317 212.882 0.795 10.093494551865657 34599
600 468.2 10.486416915847922 6.478749970932392 212.882 0.795 9.970988411776686 39264
610 455.4 8.522291172595542 5.992450733438594 212.882 0.795 10.025902084376275 43946
620 457.8 10.239427042376583 6.58567411657378 212.882 0.795 9.88471767010309 48500
630 474.8 13.342243681550062 8.449019898408007 212.882 0.795 9.915311503824558 53078
640 475.2 19.859276094276055 11.642572765380201 212.882 0.795 10.196691401791574 57826
650 502.5 16.737372935323396 8.682516904815754 212.882 0.795 10.930441321231093 62578
660 489.9 14.836862625025422 9.202210687634192 212.882 0.795 11.362076475896032 67603
670 477 11.613686163522 6.558315868136006 212.882 0.795 11.596869686353466 72502
680 476.4 15.924055415617119 9.028353031770669 212.882 0.795 11.597907767367209 77272
690 488.3 19.25021851320914 9.881823581811048 212.882 0.795 11.849136098785886 82036
700 500.2 50.76180647740895 25.59874469357783 212.882 0.795 12.264919591803853 86919
710 536.6 49.03203149459566 19.915220554092983 212.882 0.795 14.359777439322883 91921
720 481.2 27.212411055693998 18.43923963585506 212.882 0.795 16.27217390812749 97287
730 389.1 5.526694166024166 4.676153873438554 212.882 0.795 16.787795228160885 102099
740 271.3 3.6902322152598654 3.973520075237712 212.882 0.795 16.37438882913481 105990
750 176.6 3.2515124575311436 3.6718288950389226 212.882 0.795 16.057818753852224 108703
760 99.8 2.105281563126252 2.104576052939399 212.882 0.795 15.85309220686345 110469
