0 6 6
10 17 11
20 26 9
30 36 10
40 47 11
50 48 1
60 53 5
70 62 9
80 68 6
90 74 6
100 72 -2
110 72 0
120 73 1
130 73 0
140 80 7
150 93 13
160 98 5
170 102 4
180 104 2
190 130 26
200 158 28
210 174 16
220 193 19
230 205 12
240 196 -9
250 211 15
260 245 34
270 269 24
280 293 24
290 320 27
300 316 -4
310 369 53
320 403 34
330 448 45
340 461 13
350 489 28
360 509 20
370 586 77
380 661 75
390 719 58
400 795 76
410 821 26
420 831 10
430 851 20
440 894 43
450 941 47
460 965 24
470 1021 56
480 1112 91
490 1227 115
500 1060 -167
510 986 -74
520 972 -14
530 962 -10
541 1098 136
550 1038 -60
560 905 -133
570 890 -15
580 861 -29
590 926 65
600 956 30
610 1022 66
620 1032 10
630 993 -39
640 1017 24
650 1035 18
660 1104 69
670 1155 51
680 1143 -12
690 1009 -134
700 807 -202
710 730 -77
720 648 -82
730 506 -142
740 306 -200
750 199 -107
760 143 -56
