0 0.1 9.509780360952135 0 9.509780360952135 9.509780360952135 0 0
10 0.1 15.92039800995025 0.0 15.92039800995025 9.509780360952135 9.509780360952135 1
20 0.1 1.9019019019019021 0.0 15.92039800995025 1.9019019019019021 12.715089185451191 2
30 0.1 1.001001001001001 0.0 15.92039800995025 1.001001001001001 9.110693424268094 3
40 0.1 2.288557213930348 0.0 15.92039800995025 1.001001001001001 7.083270318451321 4
50 0.1 2.1021021021021022 0.0 15.92039800995025 1.001001001001001 6.124327697547126 5
60 0.1 2.8827037773359843 0.0 15.92039800995025 1.001001001001001 5.453956764972955 6
70 0.1 2.2977022977022976 0.0 15.92039800995025 1.001001001001001 5.086634909596245 7
80 0.1 2.4024024024024024 0.0 15.92039800995025 1.001001001001001 4.738018333109501 8
90 0.1 2.6026026026026026 0.0 15.92039800995025 1.001001001001001 4.4785054519198235 9
100 0.1 3.373015873015873 0.0 15.92039800995025 1.001001001001001 4.290915166988102 10
110 0.1 3.582089552238806 0.0 15.92039800995025 1.001001001001001 4.20746977662699 11
120 0.1 3.482587064676617 0.0 15.92039800995025 1.001001001001001 4.155354757927975 12
130 0.1 3.681592039800995 0.0 15.92039800995025 1.001001001001001 4.10360339690864 13
140 0.1 3.2 0.0 15.92039800995025 1.001001001001001 4.073459728543808 14
150 0.1 3.015075376884422 0.0 15.92039800995025 1.001001001001001 4.015229079974221 15
160 0.1 3.876739562624255 0.0 15.92039800995025 1.001001001001001 3.9527194735311086 16
170 0.1 5.946481665014866 0.0 15.92039800995025 1.001001001001001 3.948250067007176 17
180 0.1 5.489021956087824 0.0 15.92039800995025 1.001001001001001 4.059262933563159 18
190 0.1 5.074626865671641 0.0 15.92039800995025 1.001001001001001 4.134513408432878 19
200 0.1 14.32865731462926 0.0 15.92039800995025 1.001001001001001 4.181519081294816 20
210 0.1 14.087301587301587 0.0 15.92039800995025 1.001001001001001 4.664716140025027 21
220 0.1 4.875621890547264 0.0 15.92039800995025 1.001001001001001 5.093015478537598 22
230 0.1 19.136408243375858 0.0 19.136408243375858 1.001001001001001 5.083563583407584 23
240 0.1 18.68344627299129 0.0 19.136408243375858 1.001001001001001 5.66909877757293 24
250 0.1 25.409047160731475 0.0 25.409047160731475 1.001001001001001 6.189672677389663 25
260 0.1 29.270633397312864 0.0 29.270633397312864 1.001001001001001 6.928879388287426 26
270 0.1 30.111524163568777 0.0 30.111524163568777 1.001001001001001 7.756351758992071 27
280 0.1 33.73831775700935 0.0 33.73831775700935 1.001001001001001 8.55475077344124 28
290 0.1 32.49299719887955 0.0 33.73831775700935 1.001001001001001 9.423149634943588 29
300 0.1 25.5338904363974 0.0 33.73831775700935 1.001001001001001 10.192144553741453 30
310 0.1 25.02360717658168 0.0 33.73831775700935 1.001001001001001 10.687039582214227 31
320 0.1 27.52548656163114 0.0 33.73831775700935 1.001001001001001 11.135057319538209 32
330 0.1 32.155797101449274 0.0 33.73831775700935 1.001001001001001 11.631736993541026 33
340 0.1 35.720761559383504 0.0 35.720761559383504 1.001001001001001 12.23538582024421 34
350 0.1 38.54545454545455 0.0 38.54545454545455 1.001001001001001 12.90639655564819 35
360 0.1 40.48473967684021 0.0 40.48473967684021 1.001001001001001 13.618592610920588 36
370 0.1 40.71748878923766 0.0 40.71748878923766 1.001001001001001 14.34470469378328 37
380 0.1 41.4503133393017 0.0 41.4503133393017 1.001001001001001 15.038725327874186 38
390 0.1 43.68845120859445 0.0 43.68845120859445 1.001001001001001 15.715945533295404 39
400 0.1 45.02242152466368 0.0 45.02242152466368 1.001001001001001 16.41525817517788 40
410 0.1 45.88550983899821 0.0 45.88550983899821 1.001001001001001 17.112993866628752 41
420 0.1 46.54545454545455 0.0 46.54545454545455 1.001001001001001 17.798053770732785 42
430 0.1 46.012832263978005 0.0 46.54545454545455 1.001001001001001 18.46659797479608 43
440 0.1 47.17668488160292 0.0 47.17668488160292 1.001001001001001 19.09264875409567 44
450 0.1 46.78733031674208 0.0 47.17668488160292 1.001001001001001 19.716738445818052 45
460 0.1 47.46835443037975 0.0 47.46835443037975 1.001001001001001 20.305229573446837 46
470 0.1 47.28110599078341 0.0 47.46835443037975 1.001001001001001 20.883168400190094 47
480 0.1 47.397260273972606 0.0 47.46835443037975 1.001001001001001 21.43312543332745 48
490 0.1 47.19926538108356 0.0 47.46835443037975 1.001001001001001 21.963005736197758 49
500 0.1 47.152194211017736 0.0 47.46835443037975 1.001001001001001 22.467730929095474 50
510 0.1 46.88679245283019 0.0 47.46835443037975 1.001001001001001 22.951740013054735 51
520 0.1 47.81783681214421 0.0 47.81783681214421 1.001001001001001 23.412029483050414 52
530 0.1 47.95432921027592 0.0 47.95432921027592 1.001001001001001 23.872516413788034 53
540 0.1 47.735849056603776 0.0 47.95432921027592 1.001001001001001 24.31847591001929 54
550 0.1 47.90874524714829 0.0 47.95432921027592 1.001001001001001 24.744246330866282 55
560 0.1 48.10246679316888 0.0 48.10246679316888 1.001001001001001 25.15789809722846 56
570 0.1 48.55212355212355 0.0 48.55212355212355 1.001001001001001 25.560434390139694 57
580 0.1 48.722986247544206 0.0 48.722986247544206 1.001001001001001 25.956842823967 58
590 0.1 48.67256637168141 0.0 48.722986247544206 1.001001001001001 26.34270966165475 59
600 0.1 49.4059405940594 0.0 49.4059405940594 1.001001001001001 26.714873940155194 60
610 0.1 49.25224327018943 0.0 49.4059405940594 1.001001001001001 27.086858639399523 61
620 0.1 49.35579781962339 0.0 49.4059405940594 1.001001001001001 27.44436484312194 62
630 0.1 49.45490584737364 0.0 49.45490584737364 1.001001001001001 27.79216536655847 63
640 0.1 49.30555555555556 0.0 49.45490584737364 1.001001001001001 28.130645686571206 64
650 0.1 49.312377210216106 0.0 49.45490584737364 1.001001001001001 28.45641353070943 65
660 0.1 49.15422885572139 0.0 49.45490584737364 1.001001001001001 28.772412980398922 66
670 0.1 49.308300395256914 0.0 49.45490584737364 1.001001001001001 29.07661918749329 67
680 0.1 49.45490584737364 0.0 49.45490584737364 1.001001001001001 29.374143911136873 68
690 0.1 49.20792079207921 0.0 49.45490584737364 1.001001001001001 29.66516944644465 69
700 0.1 49.36708860759494 0.0 49.45490584737364 1.001001001001001 29.944351608525142 70
710 0.1 49.22330097087379 0.0 49.45490584737364 1.001001001001001 30.217911284568377 71
720 0.1 49.308300395256914 0.0 49.45490584737364 1.001001001001001 30.48187503021151 72
730 0.1 49.36086529006883 0.0 49.45490584737364 1.001001001001001 30.739771268088845 73
740 0.1 49.40944881889764 0.0 49.45490584737364 1.001001001001001 30.991407673791276 74
750 0.1 49.20159680638723 0.0 49.45490584737364 1.001001001001001 31.23698155572603 75
760 0.1 49.35064935064935 0.0 49.45490584737364 1.001001001001001 31.473358072182098 76
770 0.1 49.09819639278557 0.0 49.45490584737364 1.001001001001001 31.705530686188165 77
780 0.1 22.372227579556416 0.0 49.45490584737364 1.001001001001001 31.928513579862493 78
790 0.1 9.099901088031652 0.0 49.45490584737364 1.001001001001001 31.807547934288998 79
800 0.1 4.572564612326044 0.0 49.45490584737364 1.001001001001001 31.52370234871078 80
810 0.1 10.7 0.0 49.45490584737364 1.001001001001001 31.19097225319986 81
820 0.1 5.4945054945054945 0.0 49.45490584737364 1.001001001001001 30.941082347673028 82
830 0.1 2.8028028028028027 0.0 49.45490584737364 1.001001001001001 30.634497084381856 83
