0 0.1 5.987874908884029 0 5.987874908884029 5.987874908884029 0 0
10 0.1 0.5005005005005005 0.0 5.987874908884029 0.5005005005005005 5.987874908884029 1
20 0.1 0.8991008991008992 0.0 5.987874908884029 0.5005005005005005 3.2441877046922647 2
30 0.1 1.0999999999999999 0.0 5.987874908884029 0.5005005005005005 2.462492102828476 3
40 0.1 1.794616151545364 0.0 5.987874908884029 0.5005005005005005 2.121869077121357 4
50 0.1 2.3904382470119523 0.0 5.987874908884029 0.5005005005005005 2.0564184920061583 5
60 0.1 2.9850746268656714 0.0 5.987874908884029 0.5005005005005005 2.1120884511737907 6
70 0.1 3.090727816550349 0.0 5.987874908884029 0.5005005005005005 2.2368007619869164 7
80 0.1 3.7661050545094152 0.0 5.987874908884029 0.5005005005005005 2.3435416438073453 8
90 0.1 2.8942115768463075 0.0 5.987874908884029 0.5005005005005005 2.5016042449964644 9
100 0.1 3.1 0.0 5.987874908884029 0.5005005005005005 2.5408649781814487 10
110 0.1 3.4034034034034035 0.0 5.987874908884029 0.5005005005005005 2.591695434710408 11
120 0.1 3.880597014925373 0.0 5.987874908884029 0.5005005005005005 2.6593377654348243 12
130 0.1 5.682951146560319 0.0 5.987874908884029 0.5005005005005005 2.753280784626405 13
140 0.1 5.084745762711865 0.0 5.987874908884029 0.5005005005005005 2.96254295333597 14
150 0.1 3.3932135728542914 0.0 5.987874908884029 0.5005005005005005 3.1040231406276964 15
160 0.1 4.174950298210735 0.0 5.987874908884029 0.5005005005005005 3.1220975426418587 16
170 0.1 4.780876494023905 0.0 5.987874908884029 0.5005005005005005 3.1840300576753218 17
180 0.1 4.586241276171486 0.0 5.987874908884029 0.5005005005005005 3.2727437485835766 18
190 0.1 4.212637913741224 0.0 5.987874908884029 0.5005005005005005 3.3418751974039926 19
200 0.1 4.590818363273453 0.0 5.987874908884029 0.5005005005005005 3.3854133332208542 20
210 0.1 5.964214711729622 0.0 5.987874908884029 0.5005005005005005 3.4428135727471685 21
220 0.1 10.334645669291339 0.0 10.334645669291339 0.5005005005005005 3.557422715428189 22
230 0.1 15.615615615615615 0.0 15.615615615615615 0.5005005005005005 3.852084582987456 23
240 0.1 8.756218905472638 0.0 15.615615615615615 0.5005005005005005 4.3422317093469625 24
250 0.1 9.145129224652088 0.0 15.615615615615615 0.5005005005005005 4.51879119719199 25
260 0.1 8.855721393034825 0.0 15.615615615615615 0.5005005005005005 4.6967272751712255 26
270 0.1 9.1 0.0 15.615615615615615 0.5005005005005005 4.850764094351359 27
280 0.1 10.030090270812437 0.0 15.615615615615615 0.5005005005005005 5.002522519553096 28
290 0.1 11.57684630738523 0.0 15.615615615615615 0.5005005005005005 5.175886924768935 29
300 0.1 12.787212787212788 0.0 15.615615615615615 0.5005005005005005 5.389252237522812 30
310 0.1 12.072434607645874 0.0 15.615615615615615 0.5005005005005005 5.627896126222488 31
320 0.1 12.601626016260163 0.0 15.615615615615615 0.5005005005005005 5.829287953766969 32
330 0.1 15.544554455445544 0.0 15.615615615615615 0.5005005005005005 6.034510319297066 33
340 0.1 18.57707509881423 0.0 18.57707509881423 0.5005005005005005 6.31421749977202 34
350 0.1 20.195121951219512 0.0 20.195121951219512 0.5005005005005005 6.664584859744655 35
360 0.1 20.05958291956306 0.0 20.195121951219512 0.5005005005005005 7.040433112285623 36
370 0.1 19.900497512437813 0.0 20.195121951219512 0.5005005005005005 7.392302025995824 37
380 0.1 21.2 0.0 21.2 0.5005005005005005 7.721465065112719 38
390 0.1 24.703557312252965 0.0 24.703557312252965 0.5005005005005005 8.067068524981623 39
400 0.1 28.140214216163585 0.0 28.140214216163585 0.5005005005005005 8.482980744663406 40
410 0.1 31.92118226600985 0.0 31.92118226600985 0.5005005005005005 8.962425463480484 41
420 0.1 32.87128712871287 0.0 32.87128712871287 0.5005005005005005 9.509062530207373 42
430 0.1 31.931931931931935 0.0 32.87128712871287 0.5005005005005005 10.052370079009826 43
440 0.1 33.16880552813426 0.0 33.16880552813426 0.5005005005005005 10.54963284839442 44
450 0.1 35.509396636993074 0.0 35.509396636993074 0.5005005005005005 11.052281130166417 45
460 0.1 36.38996138996139 0.0 36.38996138996139 0.5005005005005005 11.583957554227867 46
470 0.1 35.161606268364345 0.0 36.38996138996139 0.5005005005005005 12.111744869881772 47
480 0.1 37.06225680933852 0.0 37.06225680933852 0.5005005005005005 12.591950315683492 48
490 0.1 37.20703125 0.0 37.20703125 0.5005005005005005 13.091344325758085 49
500 0.1 34.6078431372549 0.0 37.20703125 0.5005005005005005 13.573658064242922 50
510 0.1 39.54588457899716 0.0 39.54588457899716 0.5005005005005005 13.986093065674531 51
520 0.1 45.036764705882355 0.0 45.036764705882355 0.5005005005005005 14.477627517853811 52
530 0.1 47.509578544061306 0.0 47.509578544061306 0.5005005005005005 15.054215011967557 53
541 0.1 48.47290640394088 0.0 48.47290640394088 0.5005005005005005 15.655240262561888 54
550 0.1 48.76360039564787 0.0 48.76360039564787 0.5005005005005005 16.251925101496052 55
560 0.1 48.76604146100691 0.0 48.76604146100691 0.5005005005005005 16.832490731748766 56
570 0.1 49.060336300692384 0.0 49.060336300692384 0.5005005005005005 17.392728463841014 57
580 0.1 49.25521350546177 0.0 49.25521350546177 0.5005005005005005 17.938721702407417 58
590 0.1 49.40828402366864 0.0 49.40828402366864 0.5005005005005005 18.469509699069356 59
600 0.1 49.10536779324055 0.0 49.40828402366864 0.5005005005005005 18.985155937812678 60
610 0.1 49.209486166007906 0.0 49.40828402366864 0.5005005005005005 19.478929902655757 61
620 0.1 49.3545183714002 0.0 49.40828402366864 0.5005005005005005 19.958455003677567 62
630 0.1 49.311023622047244 0.0 49.40828402366864 0.5005005005005005 20.425059184117607 63
640 0.1 49.060336300692384 0.0 49.40828402366864 0.5005005005005005 20.87640237846026 64
650 0.1 49.41060903732809 0.0 49.41060903732809 0.5005005005005005 21.310001361879216 65
660 0.1 49.31372549019608 0.0 49.41060903732809 0.5005005005005005 21.735768144840563 66
670 0.1 49.26253687315634 0.0 49.41060903732809 0.5005005005005005 22.147379448502583 67
680 0.1 49.36211972522081 0.0 49.41060903732809 0.5005005005005005 22.546131763571022 68
690 0.1 49.25962487660415 0.0 49.41060903732809 0.5005005005005005 22.934769270261597 69
700 0.1 49.32301740812379 0.0 49.41060903732809 0.5005005005005005 23.310838636066492 70
710 0.1 49.36363636363637 0.0 49.41060903732809 0.5005005005005005 23.67720735116589 71
720 0.1 49.24528301886792 0.0 49.41060903732809 0.5005005005005005 24.033963309672423 72
730 0.1 49.31506849315068 0.0 49.41060903732809 0.5005005005005005 24.379323853634006 73
740 0.1 49.25224327018943 0.0 49.41060903732809 0.5005005005005005 24.716293375789636 74
750 0.1 49.349349349349346 0.0 49.41060903732809 0.5005005005005005 25.043439374381634 75
760 0.1 42.829268292682926 0.0 49.41060903732809 0.5005005005005005 25.36325397931542 76
