0 0 0
10 0 0
20 0 0
30 0 0
40 0.5 5
50 0.7 12
60 0.6 18
70 0.8 26
80 1.3 39
90 1 49
100 1.3 62
110 1 72
120 1.1 83
130 2.4 107
140 1.3 120
150 1.4 134
160 1.1 145
170 1.5 160
180 2 180
190 2.4 204
200 1.6 220
210 2.1 241
220 2 261
230 2.9 290
240 4.2 332
250 5.1 383
260 3.2 415
270 3.9 454
280 3.8 492
290 4.6 538
300 6.3 601
310 6.4 665
320 6.6 731
330 4.9 780
340 7.4 854
350 7.9 933
360 10.5 1038
370 9 1128
380 8.8 1216
390 10.5 1321
400 9.8 1419
410 13.5 1554
420 15.6 1710
430 16.2 1872
440 15.2 2024
450 16 2184
460 15.2 2336
470 13.7 2473
480 13 2603
490 12.9 2732
500 11.1 2843
510 8.4 2927
520 9.7 3024
530 13.3 3157
541 20.7 3364
550 33.7 3701
560 34.7 4048
570 28.4 4332
580 24.3 4575
590 24.1 4816
600 30 5116
610 28.7 5403
620 28.6 5689
630 28.8 5977
640 24.4 6221
650 28.7 6508
660 30.5 6813
670 33.2 7145
680 31.3 7458
690 29.5 7753
700 28.2 8035
710 28.8 8323
720 31.1 8634
730 39.3 9027
740 37.2 9399
750 26.3 9662
760 17.7 9839
