0 0.1 3502.39453125 0 3502.39453125 3502.39453125 0 0
10 0.1 3501.37109375 0.0 3502.39453125 3501.37109375 3502.39453125 1
20 0.1 3502.7265625 0.0 3502.7265625 3501.37109375 3501.8828125 2
30 0.1 3497.546875 0.0 3502.7265625 3497.546875 3502.1640625 3
40 0.1 3486.63671875 0.0 3502.7265625 3486.63671875 3501.009765625 4
50 0.1 3481.09765625 0.0 3502.7265625 3481.09765625 3498.13515625 5
60 0.1 3475.171875 0.0 3502.7265625 3475.171875 3495.2955729166665 6
70 0.1 3474.23046875 0.0 3502.7265625 3474.23046875 3492.4207589285716 7
80 0.1 3471.33984375 0.0 3502.7265625 3471.33984375 3490.14697265625 8
90 0.1 3471.0 0.0 3502.7265625 3471.0 3488.0572916666665 9
100 0.1 3472.21875 0.0 3502.7265625 3471.0 3486.3515625 10
110 0.1 3471.37890625 0.0 3502.7265625 3471.0 3485.0667613636365 11
120 0.1 3469.6953125 0.0 3502.7265625 3469.6953125 3483.9261067708335 12
130 0.1 3460.984375 0.0 3502.7265625 3460.984375 3482.8314302884614 13
140 0.1 3457.25 0.0 3502.7265625 3457.25 3481.270926339286 14
150 0.1 3454.9296875 0.0 3502.7265625 3454.9296875 3479.66953125 15
160 0.1 3457.484375 0.0 3502.7265625 3454.9296875 3478.123291015625 16
170 0.1 3453.84765625 0.0 3502.7265625 3453.84765625 3476.909237132353 17
180 0.1 3436.90234375 0.0 3502.7265625 3436.90234375 3475.6280381944443 18
190 0.1 3425.58203125 0.0 3502.7265625 3425.58203125 3473.58984375 19
200 0.1 3421.71484375 0.0 3502.7265625 3421.71484375 3471.189453125 20
210 0.1 3413.8515625 0.0 3502.7265625 3413.8515625 3468.833519345238 21
220 0.1 3393.7421875 0.0 3502.7265625 3393.7421875 3466.3343394886365 22
230 0.1 3390.0859375 0.0 3502.7265625 3390.0859375 3463.1781589673915 23
240 0.1 3382.453125 0.0 3502.7265625 3382.453125 3460.1326497395835 24
250 0.1 3367.796875 0.0 3502.7265625 3367.796875 3457.02546875 25
260 0.1 3366.65234375 0.0 3502.7265625 3366.65234375 3453.5935997596152 26
270 0.1 3365.8125 0.0 3502.7265625 3365.8125 3450.373553240741 27
280 0.1 3354.5390625 0.0 3502.7265625 3354.5390625 3447.353515625 28
290 0.1 3357.78125 0.0 3502.7265625 3354.5390625 3444.1530172413795 29
300 0.1 3360.41796875 0.0 3502.7265625 3354.5390625 3441.273958333333 30
310 0.1 3360.81640625 0.0 3502.7265625 3354.5390625 3438.6657006048385 31
320 0.1 3359.4453125 0.0 3502.7265625 3354.5390625 3436.23291015625 32
330 0.1 3344.40625 0.0 3502.7265625 3344.40625 3433.906013257576 33
340 0.1 3341.33984375 0.0 3502.7265625 3341.33984375 3431.2736672794117 34
350 0.1 3338.5078125 0.0 3502.7265625 3338.5078125 3428.704129464286 35
360 0.1 3339.796875 0.0 3502.7265625 3338.5078125 3426.198676215278 36
370 0.1 3340.265625 0.0 3502.7265625 3338.5078125 3423.8634923986488 37
380 0.1 3338.84375 0.0 3502.7265625 3338.5078125 3421.6635485197367 38
390 0.1 3326.265625 0.0 3502.7265625 3326.265625 3419.5399639423076 39
400 0.1 3324.52734375 0.0 3502.7265625 3324.52734375 3417.20810546875 40
410 0.1 3320.0 0.0 3502.7265625 3320.0 3414.9475990853657 41
420 0.1 3304.14453125 0.0 3502.7265625 3304.14453125 3412.686941964286 42
430 0.1 3302.17578125 0.0 3502.7265625 3302.17578125 3410.1626998546512 43
440 0.1 3301.17578125 0.0 3502.7265625 3301.17578125 3407.7084517045455 44
450 0.1 3298.67578125 0.0 3502.7265625 3298.67578125 3405.3410590277776 45
460 0.1 3292.1484375 0.0 3502.7265625 3292.1484375 3403.0222486413045 46
470 0.1 3292.37109375 0.0 3502.7265625 3292.1484375 3400.6632313829787 47
480 0.1 3293.4609375 0.0 3502.7265625 3292.1484375 3398.4071451822915 48
490 0.1 3292.2890625 0.0 3502.7265625 3292.1484375 3396.2653858418366 49
500 0.1 3276.76171875 0.0 3502.7265625 3276.76171875 3394.185859375 50
510 0.1 3276.85546875 0.0 3502.7265625 3276.76171875 3391.883425245098 51
520 0.1 3274.86328125 0.0 3502.7265625 3274.86328125 3389.671349158654 52
530 0.1 3245.25 0.0 3502.7265625 3245.25 3387.5051591981132 53
540 0.1 3243.2890625 0.0 3502.7265625 3243.2890625 3384.8708043981483 54
550 0.1 3242.9140625 0.0 3502.7265625 3242.9140625 3382.296590909091 55
560 0.1 3240.4296875 0.0 3502.7265625 3240.4296875 3379.8076171875 56
570 0.1 3244.015625 0.0 3502.7265625 3240.4296875 3377.3623903508774 57
580 0.1 3239.86328125 0.0 3502.7265625 3239.86328125 3375.0633081896553 58
590 0.1 3221.55078125 0.0 3502.7265625 3221.55078125 3372.771782309322 59
600 0.1 3214.7578125 0.0 3502.7265625 3214.7578125 3370.251432291667 60
610 0.1 3186.88671875 0.0 3502.7265625 3186.88671875 3367.7023565573772 61
620 0.1 3167.86328125 0.0 3502.7265625 3167.86328125 3364.7859753024195 62
630 0.1 3171.80859375 0.0 3502.7265625 3167.86328125 3361.660218253968 63
640 0.1 3169.18359375 0.0 3502.7265625 3167.86328125 3358.6937866210938 64
650 0.1 3169.234375 0.0 3502.7265625 3167.86328125 3355.7782451923076 65
660 0.1 3171.68359375 0.0 3502.7265625 3167.86328125 3352.9518229166665 66
670 0.1 3172.90234375 0.0 3502.7265625 3167.86328125 3350.2463269589553 67
680 0.1 3174.26171875 0.0 3502.7265625 3167.86328125 3347.6383272058824 68
690 0.1 3155.015625 0.0 3502.7265625 3155.015625 3345.125622735507 69
700 0.1 3141.25 0.0 3502.7265625 3141.25 3342.4097656249996 70
710 0.1 3137.77734375 0.0 3502.7265625 3137.77734375 3339.5765294894363 71
720 0.1 3136.79296875 0.0 3502.7265625 3136.79296875 3336.773763020833 72
730 0.1 3136.4296875 0.0 3502.7265625 3136.4296875 3334.034300085616 73
740 0.1 3154.75 0.0 3502.7265625 3136.4296875 3331.363967483108 74
750 0.1 3172.05078125 0.0 3502.7265625 3136.4296875 3329.009114583333 75
760 0.1 3184.578125 0.0 3502.7265625 3136.4296875 3326.943873355263 76
770 0.1 3205.57421875 0.0 3502.7265625 3136.4296875 3325.0949675324673 77
780 0.1 3229.6875 0.0 3502.7265625 3136.4296875 3323.5626502403843 78
790 0.1 3255.5703125 0.0 3502.7265625 3136.4296875 3322.3743571993673 79
800 0.1 3264.078125 0.0 3502.7265625 3136.4296875 3321.539306640625 80
810 0.1 3280.44140625 0.0 3502.7265625 3136.4296875 3320.82990933642 81
820 0.1 3280.98828125 0.0 3502.7265625 3136.4296875 3320.3373666158536 82
830 0.1 3281.02734375 0.0 3502.7265625 3136.4296875 3319.86328125 83
