0 0.1 3512.87890625 0 3512.87890625 3512.87890625 0 0
10 0.1 3514.37109375 0.0 3514.37109375 3512.87890625 3512.87890625 1
20 0.1 3512.54296875 0.0 3514.37109375 3512.54296875 3513.625 2
30 0.1 3509.02734375 0.0 3514.37109375 3509.02734375 3513.2643229166665 3
40 0.1 3505.41015625 0.0 3514.37109375 3505.41015625 3512.205078125 4
50 0.1 3498.15625 0.0 3514.37109375 3498.15625 3510.84609375 5
60 0.1 3491.984375 0.0 3514.37109375 3491.984375 3508.7311197916665 6
70 0.1 3489.09375 0.0 3514.37109375 3489.09375 3506.3387276785716 7
80 0.1 3484.4921875 0.0 3514.37109375 3484.4921875 3504.18310546875 8
90 0.1 3485.09375 0.0 3514.37109375 3484.4921875 3501.9952256944443 9
100 0.1 3483.76953125 0.0 3514.37109375 3483.76953125 3500.305078125 10
110 0.1 3480.28515625 0.0 3514.37109375 3480.28515625 3498.801846590909 11
120 0.1 3478.84375 0.0 3514.37109375 3478.84375 3497.2587890625 12
130 0.1 3477.86328125 0.0 3514.37109375 3477.86328125 3495.842247596154 13
140 0.1 3478.94140625 0.0 3514.37109375 3477.86328125 3494.558035714286 14
150 0.1 3478.96875 0.0 3514.37109375 3477.86328125 3493.5169270833335 15
160 0.1 3478.1328125 0.0 3514.37109375 3477.86328125 3492.607666015625 16
170 0.1 3472.44140625 0.0 3514.37109375 3472.44140625 3491.7562040441176 17
180 0.1 3470.1484375 0.0 3514.37109375 3470.1484375 3490.683159722222 18
190 0.1 3469.43359375 0.0 3514.37109375 3469.43359375 3489.6023848684213 19
200 0.1 3470.015625 0.0 3514.37109375 3469.43359375 3488.5939453125 20
210 0.1 3468.3046875 0.0 3514.37109375 3468.3046875 3487.7092633928573 21
220 0.1 3446.61328125 0.0 3514.37109375 3446.61328125 3486.827237215909 22
230 0.1 3434.4765625 0.0 3514.37109375 3434.4765625 3485.078804347826 23
240 0.1 3434.59765625 0.0 3514.37109375 3434.4765625 3482.9703776041665 24
250 0.1 3433.234375 0.0 3514.37109375 3433.234375 3481.03546875 25
260 0.1 3432.49609375 0.0 3514.37109375 3432.49609375 3479.196965144231 26
270 0.1 3433.9765625 0.0 3514.37109375 3432.49609375 3477.467303240741 27
280 0.1 3410.80859375 0.0 3514.37109375 3410.80859375 3475.9140625 28
290 0.1 3409.30078125 0.0 3514.37109375 3409.30078125 3473.669046336207 29
300 0.1 3392.7421875 0.0 3514.37109375 3392.7421875 3471.5234375 30
310 0.1 3392.9765625 0.0 3514.37109375 3392.7421875 3468.9821068548385 31
320 0.1 3391.01171875 0.0 3514.37109375 3391.01171875 3466.60693359375 32
330 0.1 3375.03125 0.0 3514.37109375 3375.03125 3464.316169507576 33
340 0.1 3358.19140625 0.0 3514.37109375 3358.19140625 3461.690142463235 34
350 0.1 3342.125 0.0 3514.37109375 3342.125 3458.7330357142855 35
360 0.1 3339.515625 0.0 3514.37109375 3339.515625 3455.4939236111113 36
370 0.1 3338.71484375 0.0 3514.37109375 3338.71484375 3452.359375 37
380 0.1 3318.25390625 0.0 3514.37109375 3318.25390625 3449.3687294407896 38
390 0.1 3298.2734375 0.0 3514.37109375 3298.2734375 3446.006810897436 39
400 0.1 3256.3125 0.0 3514.37109375 3256.3125 3442.3134765625 40
410 0.1 3231.390625 0.0 3514.37109375 3231.390625 3437.776867378049 41
420 0.1 3220.1484375 0.0 3514.37109375 3220.1484375 3432.8629092261904 42
430 0.1 3195.4453125 0.0 3514.37109375 3195.4453125 3427.9160610465115 43
440 0.1 3196.046875 0.0 3514.37109375 3195.4453125 3422.632634943182 44
450 0.1 3172.95703125 0.0 3514.37109375 3172.95703125 3417.5973958333334 45
460 0.1 3170.5078125 0.0 3514.37109375 3170.5078125 3412.2791270380435 46
470 0.1 3132.11328125 0.0 3514.37109375 3132.11328125 3407.1350565159573 47
480 0.1 3116.81640625 0.0 3514.37109375 3116.81640625 3401.4054361979165 48
490 0.1 3078.90234375 0.0 3514.37109375 3078.90234375 3395.5974968112246 49
500 0.1 3041.9296875 0.0 3514.37109375 3041.9296875 3389.26359375 50
510 0.1 2993.04296875 0.0 3514.37109375 2993.04296875 3382.453125 51
520 0.1 2937.5546875 0.0 3514.37109375 2937.5546875 3374.9644681490386 52
530 0.1 2916.0703125 0.0 3514.37109375 2916.0703125 3366.7114534198113 53
541 0.1 2904.99609375 0.0 3514.37109375 2904.99609375 3358.3662471064813 54
550 0.1 2893.140625 0.0 3514.37109375 2893.140625 3350.1231534090907 55
560 0.1 2882.62890625 0.0 3514.37109375 2882.62890625 3341.9627511160716 56
570 0.1 2870.4296875 0.0 3514.37109375 2870.4296875 3333.9042626096493 57
580 0.1 2879.859375 0.0 3514.37109375 2870.4296875 3325.913321659483 58
590 0.1 2901.16796875 0.0 3514.37109375 2870.4296875 3318.353085275424 59
600 0.1 2899.47265625 0.0 3514.37109375 2870.4296875 3311.4 60
610 0.1 2922.06640625 0.0 3514.37109375 2870.4296875 3304.64709272541 61
620 0.1 2923.34765625 0.0 3514.37109375 2870.4296875 3298.4764364919356 62
630 0.1 2929.70703125 0.0 3514.37109375 2870.4296875 3292.52201140873 63
640 0.1 2938.0078125 0.0 3514.37109375 2870.4296875 3286.85302734375 64
650 0.1 2932.4140625 0.0 3514.37109375 2870.4296875 3281.4861778846152 65
660 0.1 2928.35546875 0.0 3514.37109375 2870.4296875 3276.197206439394 66
670 0.1 2919.6484375 0.0 3514.37109375 2870.4296875 3271.0055387126868 67
680 0.1 2899.76953125 0.0 3514.37109375 2870.4296875 3265.8385225183824 68
690 0.1 2894.03515625 0.0 3514.37109375 2870.4296875 3260.5331748188405 69
700 0.1 2913.54296875 0.0 3514.37109375 2870.4296875 3255.2974888392855 70
710 0.1 2941.97265625 0.0 3514.37109375 2870.4296875 3250.484044894366 71
720 0.1 2957.7734375 0.0 3514.37109375 2870.4296875 3246.1991644965274 72
730 0.1 2976.078125 0.0 3514.37109375 2870.4296875 3242.2481271404104 73
740 0.1 3002.74609375 0.0 3514.37109375 2870.4296875 3238.6512352195937 74
750 0.1 3016.90625 0.0 3514.37109375 2870.4296875 3235.5058333333327 75
760 0.1 3026.9453125 0.0 3514.37109375 2870.4296875 3232.629523026315 76
