0 0.1 0.01953125 0 0.01953125 0.01953125 0 0
10 0.1 0.01953125 0.0 0.01953125 0.01953125 0.01953125 1
20 0.1 0.01171875 0.0 0.01953125 0.01171875 0.01953125 2
30 0.1 0.01171875 0.0 0.01953125 0.01171875 0.016927083333333332 3
40 0.1 0.01171875 0.0 0.01953125 0.01171875 0.015625 4
50 0.1 0.01171875 0.0 0.01953125 0.01171875 0.01484375 5
60 0.1 0.0 0.0 0.01953125 0.0 0.014322916666666666 6
70 0.1 0.0 0.0 0.01953125 0.0 0.012276785714285714 7
80 0.1 0.0 0.0 0.01953125 0.0 0.0107421875 8
90 0.1 0.0 0.0 0.01953125 0.0 0.009548611111111112 9
100 0.1 0.0 0.0 0.01953125 0.0 0.00859375 10
110 0.1 0.0 0.0 0.01953125 0.0 0.0078125 11
120 0.1 0.0 0.0 0.01953125 0.0 0.007161458333333333 12
130 0.1 0.1484375 0.0 0.1484375 0.0 0.006610576923076923 13
140 0.1 0.12890625 0.0 0.1484375 0.0 0.016741071428571428 14
150 0.1 0.109375 0.0 0.1484375 0.0 0.02421875 15
160 0.1 0.08984375 0.0 0.1484375 0.0 0.029541015625 16
170 0.1 0.078125 0.0 0.1484375 0.0 0.03308823529411765 17
180 0.1 0.05859375 0.0 0.1484375 0.0 0.035590277777777776 18
190 0.1 0.05078125 0.0 0.1484375 0.0 0.03680098684210526 19
200 0.1 0.12890625 0.0 0.1484375 0.0 0.0375 20
210 0.1 0.109375 0.0 0.1484375 0.0 0.04185267857142857 21
220 0.1 0.08984375 0.0 0.1484375 0.0 0.04492187499999999 22
230 0.1 0.078125 0.0 0.1484375 0.0 0.046875 23
240 0.1 0.05859375 0.0 0.1484375 0.0 0.048177083333333336 24
250 0.1 0.05078125 0.0 0.1484375 0.0 0.04859375 25
260 0.1 0.0390625 0.0 0.1484375 0.0 0.048677884615384616 26
270 0.1 0.0390625 0.0 0.1484375 0.0 0.04832175925925926 27
280 0.1 0.1015625 0.0 0.1484375 0.0 0.04799107142857143 28
290 0.1 0.08984375 0.0 0.1484375 0.0 0.04983836206896552 29
300 0.1 0.0703125 0.0 0.1484375 0.0 0.051171875 30
310 0.1 0.05859375 0.0 0.1484375 0.0 0.05178931451612903 31
320 0.1 0.05078125 0.0 0.1484375 0.0 0.052001953125 32
330 0.1 0.12109375 0.0 0.1484375 0.0 0.05196496212121212 33
340 0.1 0.1015625 0.0 0.1484375 0.0 0.053998161764705885 34
350 0.1 0.171875 0.0 0.171875 0.0 0.055357142857142855 35
360 0.1 0.21875 0.0 0.21875 0.0 0.05859375 36
370 0.1 0.1796875 0.0 0.21875 0.0 0.0629222972972973 37
380 0.1 0.1484375 0.0 0.21875 0.0 0.06599506578947369 38
390 0.1 0.19921875 0.0 0.21875 0.0 0.06810897435897435 39
400 0.1 0.171875 0.0 0.21875 0.0 0.07138671875 40
410 0.1 0.21875 0.0 0.21875 0.0 0.07383765243902439 41
420 0.1 0.1796875 0.0 0.21875 0.0 0.07728794642857142 42
430 0.1 0.16015625 0.0 0.21875 0.0 0.07966933139534883 43
440 0.1 0.12890625 0.0 0.21875 0.0 0.08149857954545454 44
450 0.1 0.19140625 0.0 0.21875 0.0 0.08255208333333333 45
460 0.1 0.23828125 0.0 0.23828125 0.0 0.08491847826086957 46
470 0.1 0.2890625 0.0 0.2890625 0.0 0.0881815159574468 47
480 0.1 0.23828125 0.0 0.2890625 0.0 0.09236653645833333 48
490 0.1 0.28125 0.0 0.2890625 0.0 0.09534438775510204 49
500 0.1 0.30859375 0.0 0.30859375 0.0 0.0990625 50
510 0.1 0.5 0.0 0.5 0.0 0.10317095588235294 51
520 0.1 0.421875 0.0 0.5 0.0 0.11080228365384616 52
530 0.1 0.58984375 0.0 0.58984375 0.0 0.11667158018867925 53
541 0.1 0.73046875 0.0 0.73046875 0.0 0.1254340277777778 54
550 0.1 0.8515625 0.0 0.8515625 0.0 0.1364346590909091 55
560 0.1 0.87109375 0.0 0.87109375 0.0 0.14920479910714285 56
570 0.1 0.96875 0.0 0.96875 0.0 0.16186951754385964 57
580 0.1 1.05859375 0.0 1.05859375 0.0 0.17578125 58
590 0.1 1.19921875 0.0 1.19921875 0.0 0.19074417372881355 59
600 0.1 1.23828125 0.0 1.23828125 0.0 0.20755208333333333 60
610 0.1 1.19921875 0.0 1.23828125 0.0 0.22444928278688525 61
620 0.1 1.171875 0.0 1.23828125 0.0 0.24017137096774194 62
630 0.1 1.12890625 0.0 1.23828125 0.0 0.25496031746031744 63
640 0.1 1.109375 0.0 1.23828125 0.0 0.26861572265625 64
650 0.1 1.171875 0.0 1.23828125 0.0 0.2815504807692308 65
660 0.1 1.21875 0.0 1.23828125 0.0 0.2950402462121212 66
670 0.1 1.1796875 0.0 1.23828125 0.0 0.3088269589552239 67
680 0.1 1.1484375 0.0 1.23828125 0.0 0.3216337316176471 68
690 0.1 1.12890625 0.0 1.23828125 0.0 0.33361639492753625 69
700 0.1 1.109375 0.0 1.23828125 0.0 0.3449776785714286 70
710 0.1 1.08984375 0.0 1.23828125 0.0 0.355743838028169 71
720 0.1 1.078125 0.0 1.23828125 0.0 0.3659396701388889 72
730 0.1 1.05859375 0.0 1.23828125 0.0 0.3756956335616438 73
740 0.1 1.21875 0.0 1.23828125 0.0 0.3849239864864865 74
750 0.1 1.1796875 0.0 1.23828125 0.0 0.39604166666666674 75
760 0.1 1.1484375 0.0 1.23828125 0.0 0.40635279605263164 76
