0 0.1 0.0703125 0 0.0703125 0.0703125 0 0
10 0.1 0.05859375 0.0 0.0703125 0.05859375 0.0703125 1
20 0.1 0.05078125 0.0 0.0703125 0.05078125 0.064453125 2
30 0.1 0.0390625 0.0 0.0703125 0.0390625 0.059895833333333336 3
40 0.1 0.0390625 0.0 0.0703125 0.0390625 0.0546875 4
50 0.1 0.1015625 0.0 0.1015625 0.0390625 0.0515625 5
60 0.1 0.08984375 0.0 0.1015625 0.0390625 0.059895833333333336 6
70 0.1 0.0703125 0.0 0.1015625 0.0390625 0.06417410714285714 7
80 0.1 0.05859375 0.0 0.1015625 0.0390625 0.06494140625 8
90 0.1 0.05078125 0.0 0.1015625 0.0390625 0.0642361111111111 9
100 0.1 0.0390625 0.0 0.1015625 0.0390625 0.062890625 10
110 0.1 0.0390625 0.0 0.1015625 0.0390625 0.060724431818181816 11
120 0.1 0.03125 0.0 0.1015625 0.03125 0.058919270833333336 12
130 0.1 0.01953125 0.0 0.1015625 0.01953125 0.056790865384615384 13
140 0.1 0.01953125 0.0 0.1015625 0.01953125 0.05412946428571429 14
150 0.1 0.01953125 0.0 0.1015625 0.01953125 0.05182291666666667 15
160 0.1 0.01171875 0.0 0.1015625 0.01171875 0.0498046875 16
170 0.1 0.01171875 0.0 0.1015625 0.01171875 0.047564338235294115 17
180 0.1 0.01171875 0.0 0.1015625 0.01171875 0.045572916666666664 18
190 0.1 0.01171875 0.0 0.1015625 0.01171875 0.043791118421052634 19
200 0.1 0.078125 0.0 0.1015625 0.01171875 0.0421875 20
210 0.1 0.140625 0.0 0.140625 0.01171875 0.04389880952380952 21
220 0.1 0.12109375 0.0 0.140625 0.01171875 0.048295454545454544 22
230 0.1 0.41015625 0.0 0.41015625 0.01171875 0.05146059782608696 23
240 0.1 0.578125 0.0 0.578125 0.01171875 0.06640625 24
250 0.1 0.71875 0.0 0.71875 0.01171875 0.086875 25
260 0.1 0.69140625 0.0 0.71875 0.01171875 0.11117788461538461 26
270 0.1 0.75 0.0 0.75 0.01171875 0.13266782407407407 27
280 0.1 0.62890625 0.0 0.75 0.01171875 0.15471540178571427 28
290 0.1 0.609375 0.0 0.75 0.01171875 0.1710668103448276 29
300 0.1 0.66015625 0.0 0.75 0.01171875 0.18567708333333333 30
310 0.1 0.55859375 0.0 0.75 0.01171875 0.2009828629032258 31
320 0.1 0.62109375 0.0 0.75 0.01171875 0.212158203125 32
330 0.1 0.609375 0.0 0.75 0.01171875 0.2245501893939394 33
340 0.1 0.51171875 0.0 0.75 0.01171875 0.2358685661764706 34
350 0.1 0.671875 0.0 0.75 0.01171875 0.24375 35
360 0.1 0.6484375 0.0 0.75 0.01171875 0.2556423611111111 36
370 0.1 0.62890625 0.0 0.75 0.01171875 0.26625844594594594 37
380 0.1 0.53125 0.0 0.75 0.01171875 0.2758018092105263 38
390 0.1 0.609375 0.0 0.75 0.01171875 0.28235176282051283 39
400 0.1 0.6015625 0.0 0.75 0.01171875 0.29052734375 40
410 0.1 0.8203125 0.0 0.8203125 0.01171875 0.2981135670731707 41
420 0.1 0.83984375 0.0 0.83984375 0.01171875 0.310546875 42
430 0.1 1.1015625 0.0 1.1015625 0.01171875 0.32285610465116277 43
440 0.1 1.078125 0.0 1.1015625 0.01171875 0.34055397727272724 44
450 0.1 1.0703125 0.0 1.1015625 0.01171875 0.35694444444444445 45
460 0.1 1.2109375 0.0 1.2109375 0.01171875 0.3724524456521739 46
470 0.1 1.33984375 0.0 1.33984375 0.01171875 0.39029255319148937 47
480 0.1 1.359375 0.0 1.359375 0.01171875 0.4100748697916667 48
490 0.1 1.30078125 0.0 1.359375 0.01171875 0.4294483418367347 49
500 0.1 1.25 0.0 1.359375 0.01171875 0.446875 50
510 0.1 1.44140625 0.0 1.44140625 0.01171875 0.46262254901960786 51
520 0.1 1.6015625 0.0 1.6015625 0.01171875 0.4814453125 52
530 0.1 1.58984375 0.0 1.6015625 0.01171875 0.5025795990566038 53
540 0.1 1.578125 0.0 1.6015625 0.01171875 0.5227141203703703 54
550 0.1 1.48828125 0.0 1.6015625 0.01171875 0.5419034090909091 55
560 0.1 1.33984375 0.0 1.6015625 0.01171875 0.5588030133928571 56
570 0.1 1.51953125 0.0 1.6015625 0.01171875 0.5725054824561403 57
580 0.1 1.58984375 0.0 1.6015625 0.01171875 0.5888335129310345 58
590 0.1 1.578125 0.0 1.6015625 0.01171875 0.6057997881355932 59
600 0.1 1.48828125 0.0 1.6015625 0.01171875 0.6220052083333333 60
610 0.1 1.5 0.0 1.6015625 0.01171875 0.6362064549180327 61
620 0.1 1.5 0.0 1.6015625 0.01171875 0.6501386088709677 62
630 0.1 1.421875 0.0 1.6015625 0.01171875 0.6636284722222222 63
640 0.1 1.359375 0.0 1.6015625 0.01171875 0.67547607421875 64
650 0.1 1.37890625 0.0 1.6015625 0.01171875 0.6859975961538461 65
660 0.1 1.3203125 0.0 1.6015625 0.01171875 0.6964962121212122 66
670 0.1 1.26953125 0.0 1.6015625 0.01171875 0.7058069029850746 67
680 0.1 1.23046875 0.0 1.6015625 0.01171875 0.7140969669117647 68
690 0.1 1.1796875 0.0 1.6015625 0.01171875 0.7215806159420289 69
700 0.1 1.1484375 0.0 1.6015625 0.01171875 0.728125 70
710 0.1 1.2109375 0.0 1.6015625 0.01171875 0.7340448943661971 71
720 0.1 1.1796875 0.0 1.6015625 0.01171875 0.7406684027777777 72
730 0.1 1.23046875 0.0 1.6015625 0.01171875 0.7466823630136985 73
740 0.1 1.26953125 0.0 1.6015625 0.01171875 0.7532200168918918 74
750 0.1 1.37890625 0.0 1.6015625 0.01171875 0.7601041666666666 75
760 0.1 1.3203125 0.0 1.6015625 0.01171875 0.7682462993421052 76
770 0.1 1.26953125 0.0 1.6015625 0.01171875 0.7754159902597402 77
780 0.1 1.23828125 0.0 1.6015625 0.01171875 0.7817508012820512 78
790 0.1 1.05078125 0.0 1.6015625 0.01171875 0.7875296677215189 79
800 0.1 0.890625 0.0 1.6015625 0.01171875 0.7908203125 80
810 0.1 0.75 0.0 1.6015625 0.01171875 0.7920524691358025 81
820 0.1 0.62890625 0.0 1.6015625 0.01171875 0.7915396341463414 82
830 0.1 0.5390625 0.0 1.6015625 0.01171875 0.7895801957831325 83
