0 0.8 12.025749999999997 7.147240179782681 29.255 6.618 0 0
10 3 41.582100000000004 52.058989160598706 143.298 5.902 12.025749999999997 8
20 6.2 42.52250000000002 34.95415423081976 146.826 5.43 35.359710526315794 38
30 10 44.11352999999998 33.00601846132157 146.826 5.43 39.800640000000016 100
40 15.6 43.662717948717955 49.30578570848155 422.992 5.43 41.957085 200
50 17.3 40.50689017341039 34.36900229285738 422.992 5.43 42.704497191011235 356
60 19.6 40.9461173469388 31.496229602039563 422.992 5.43 41.985809073724 529
70 21.1 36.64460663507111 30.23832432968243 422.992 5.43 41.70473379310345 725
80 24.1 33.60599585062242 28.86164903969348 422.992 5.374 40.56404273504274 936
90 25.9 39.731664092664076 32.704189936292515 422.992 5.122 39.13932795242142 1177
100 31.6 37.79405063291137 31.71578316480502 422.992 5.122 39.246162952646245 1436
110 29.6 39.39330067567573 29.788845850908505 422.992 5.122 38.98425228310502 1752
120 31.2 34.625833333333354 23.856027686491164 422.992 5.122 39.04337255859376 2048
130 29 34.24234827586205 29.69990777100647 422.992 5.06 38.4593588983051 2360
140 27.1 35.049546125461255 31.123696716659527 422.992 5.06 37.99787471698114 2650
150 32.6 38.23176687116562 32.82094242198299 422.992 5.06 37.72433926737419 2921
160 37.6 39.213691489361686 29.22895200906866 422.992 5.06 37.775285186325846 3247
170 38.9 36.55904627249362 28.82935366449466 422.992 5.06 37.92456500138008 3623
180 40.4 71.12268069306927 480.8252004194978 6918.415 5.06 37.79216550348954 4012
190 41.6 35.04002163461542 31.018064517093116 6918.415 5.06 40.84142459239131 4416
200 47.3 38.16205073995772 33.726440594541394 6918.415 5.06 40.341966059602655 4832
210 60.3 41.61803482587063 35.069177003487525 6918.415 5.06 40.14760226201697 5305
220 66 41.21498030303027 32.98639652614264 6918.415 5.06 40.297681956668924 5908
230 79.9 40.644735919899865 30.98299560638109 6918.415 5.06 40.389858708891595 6568
240 77.5 39.034999999999975 31.080157125811965 6918.415 5.06 40.417501832496264 7367
250 84 38.33374285714291 32.107284457522404 6918.415 5.06 40.28590776222058 8142
260 84.2 40.546211401425225 34.75742177967227 6918.415 5.06 40.10334057002895 8982
270 97.1 43.8547971163748 37.76995425972474 6918.415 5.06 40.1412983509772 9824
280 109.4 42.6355959780622 34.07540480543043 6918.415 5.06 40.4753240389069 10795
290 121.3 45.165303380049586 36.569401823810644 6918.415 5.06 40.67410757843385 11889
300 124.8 43.58575080128213 35.63251926615356 6918.415 5.06 41.089908258281184 13102
310 132.5 44.8326626415095 37.846154500399095 6918.415 5.06 41.306968292682946 14350
320 146.6 47.35140723055932 41.50758570227997 6918.415 5.06 41.604993492822985 15675
330 162.4 48.68034729064049 41.66305898775107 6918.415 5.06 42.09646088326237 17141
340 172.5 57.263751884057875 54.29158921383091 6918.415 5.06 42.66625739408475 18765
350 185.7 50.88563651050083 43.48172446394524 6918.415 5.06 43.89518262567107 20490
360 192.7 54.84741878567725 47.65815877396506 6918.415 5.06 44.47607817604154 22347
370 209.3 52.5153158146202 46.821073060311065 6918.415 5.06 45.29941068633107 24274
380 231.5 58.00699395248376 52.88075749909151 6918.415 5.06 45.872205825463666 26367
390 258.3 63.861970963995304 58.723310845477634 6918.415 5.06 46.851636636217854 28682
400 291.5 72.19382161234985 65.51304031932145 6918.415 5.06 48.25696827122982 31265
410 314.1 87.63539032155356 86.98569217235352 6918.415 5.06 50.298393885313054 34180
420 315.9 109.4253874643875 118.89785939300697 6918.415 5.06 53.44074017309289 37321
430 323.3 125.99873677698709 139.75220271402267 6918.415 5.06 57.80970017292489 40480
440 323.8 119.92474119827038 131.45069613849756 6918.415 5.06 62.85294029236152 43713
450 333.8 185.75781875374534 195.04234181631756 6918.415 5.06 66.78892656173454 46951
460 310.4 320.3527561211342 349.5849710101107 6918.415 5.06 74.68564676171728 50289
470 336.8 367.1319848574823 356.14713925450445 6918.415 5.06 88.96749470904426 53393
480 337.7 596.7911344388516 474.2471369972217 6918.415 5.06 105.4728065044661 56761
490 330.1 830.4337867312939 647.8797187202426 6918.415 5.06 133.0623837008215 60138
500 300.1 863.7164608463812 898.2323831624652 6918.415 1.018 169.3495729913776 63439
510 331 1472.7704601208463 2331.419565800593 7495.315 0.771 200.7131345574954 66440
520 391.1 1265.8979941191499 2153.7953029588116 7993.074 0.771 261.0788657060931 69750
530 478.7 848.5610626697293 1867.741608031178 7993.074 0.771 314.4293172506481 73661
541 499.1 829.8949913844939 1837.3951527501335 7993.074 0.771 347.02273792830897 78448
550 533.2 781.9513098274602 1786.379376469127 7993.074 0.771 375.9062985774038 83439
560 533.2 1541.9805181920517 7402.611640118219 60023.917 0.771 400.2952544299379 88771
570 508.2 572.2130206611556 1544.8627766283764 60023.917 0.771 464.9846461218031 94103
580 544.5 568.041171166206 1528.53584076753 60023.917 0.771 470.47876921913627 99185
590 571.4 518.0460999299971 1493.0777343009927 60023.917 0.771 475.5559677148048 104630
600 586.4 541.7845919167777 1520.7365280387253 60023.917 0.771 477.7562560447331 110344
610 575 545.5891217391272 1529.884384161266 60023.917 0.771 480.98720539033474 116208
620 583.7 539.6311932499543 1518.322260226098 60023.917 0.771 484.0330163990882 121958
630 597.7 550.3005208298513 1524.8763446386847 60023.917 0.771 486.5724471927695 127795
640 574.8 457.97435768963095 1377.898711799554 60023.917 0.771 489.4198494602757 133772
650 619.1 534.3855446616099 1494.518866708822 60023.917 0.771 488.1243456852065 139520
660 612.9 519.244255506611 1480.4950682718286 60023.917 0.771 490.08990135954065 145711
670 605.6 531.4445665455764 1504.3159595117559 60023.917 0.771 491.26671271733437 151840
680 606.4 568.7606879947218 1541.7080437730472 60023.917 0.771 492.8077085803318 157896
690 622.5 1297.988038393578 6785.005669691219 60075.144 0.771 495.6168014515739 163960
700 609.7 601.8642411021804 1821.330079363532 60075.144 0.771 524.9658095895647 170185
710 640.1 531.8168086236534 1402.810480313817 60075.144 0.771 527.6254670527909 176282
720 578.4 494.94011825726164 1411.1516429361573 60075.144 0.771 527.7723267901232 182683
730 491.1 576.6337403787412 1576.7420925630101 60075.144 0.771 526.764715409064 188467
740 356.6 645.5352212563085 1663.143453280671 60075.144 0.771 528.0311820269113 193378
750 233.2 625.7042165523163 1642.581811175007 60075.144 0.771 530.1587888790725 196944
760 134.6 605.7542763744419 1622.823318215942 60075.144 0.771 531.2768961139327 199276
