10 0.1 2866 0 2866 2866 0 0
20 0.1 445.0 0.0 2866 445 2866.0 1
30 0.1 798.0 0.0 2866 445 1655.5 2
40 0.1 1429.0 0.0 2866 445 1369.6666666666667 3
50 0.1 1857.0 0.0 2866 445 1384.5 4
60 0.1 2065.0 0.0 2866 445 1479.0 5
70 0.1 1783.0 0.0 2866 445 1576.6666666666667 6
80 0.1 1912.0 0.0 2866 445 1606.142857142857 7
90 0.1 2220.0 0.0 2866 445 1644.375 8
100 0.1 2491.0 0.0 2866 445 1708.3333333333333 9
110 0.1 2601.0 0.0 2866 445 1786.6 10
120 0.1 2767.0 0.0 2866 445 1860.6363636363637 11
130 0.1 2846.0 0.0 2866 445 1936.1666666666667 12
140 0.1 2916.0 0.0 2916 445 2006.1538461538462 13
150 0.1 3016.0 0.0 3016 445 2071.1428571428573 14
160 0.1 3141.0 0.0 3141 445 2134.1333333333337 15
170 0.1 3546.0 0.0 3546 445 2197.0625 16
180 0.1 3443.0 0.0 3546 445 2276.4117647058824 17
190 0.1 3059.0 0.0 3546 445 2341.222222222222 18
200 0.1 4905.0 0.0 4905 445 2379.0 19
210 0.1 4425.0 0.0 4905 445 2505.3 20
220 0.1 3407.0 0.0 4905 445 2596.714285714286 21
230 0.1 5095.0 0.0 5095 445 2633.5454545454545 22
240 0.1 5580.0 0.0 5580 445 2740.5652173913045 23
250 0.1 7171.0 0.0 7171 445 2858.875 24
260 0.1 8121.0 0.0 8121 445 3031.36 25
270 0.1 9639.0 0.0 9639 445 3227.1153846153848 26
280 0.1 10084.0 0.0 10084 445 3464.5925925925926 27
290 0.1 9995.0 0.0 10084 445 3701.0 28
300 0.1 8356.0 0.0 10084 445 3918.0344827586205 29
310 0.1 8348.0 0.0 10084 445 4065.9666666666667 30
320 0.1 8861.0 0.0 10084 445 4204.096774193548 31
330 0.1 10056.0 0.0 10084 445 4349.625 32
340 0.1 11633.0 0.0 11633 445 4522.545454545455 33
350 0.1 12904.0 0.0 12904 445 4731.676470588235 34
360 0.1 13958.0 0.0 13958 445 4965.171428571429 35
370 0.1 14377.0 0.0 14377 445 5214.972222222223 36
380 0.1 14545.0 0.0 14545 445 5462.594594594595 37
390 0.1 15532.0 0.0 15532 445 5701.605263157896 38
400 0.1 17423.0 0.0 17423 445 5953.666666666668 39
410 0.1 19455.0 0.0 19455 445 6240.4000000000015 40
420 0.1 20759.0 0.0 20759 445 6562.707317073172 41
430 0.1 21299.0 0.0 21299 445 6900.714285714287 42
440 0.1 21269.0 0.0 21299 445 7235.558139534885 43
450 0.1 20712.0 0.0 21299 445 7554.500000000001 44
460 0.1 20867.0 0.0 21299 445 7846.8888888888905 45
470 0.1 22126.0 0.0 22126 445 8129.934782608697 46
480 0.1 23097.0 0.0 23097 445 8427.723404255321 47
490 0.1 24163.0 0.0 24163 445 8733.333333333334 48
500 0.1 26093.0 0.0 26093 445 9048.224489795919 49
510 0.1 25963.0 0.0 26093 445 9389.12 50
520 0.1 27960.0 0.0 27960 445 9714.098039215687 51
530 0.1 28803.0 0.0 28803 445 10064.98076923077 52
540 0.1 29063.0 0.0 29063 445 10418.528301886792 53
550 0.1 28991.0 0.0 29063 445 10763.796296296296 54
560 0.1 29367.0 0.0 29367 445 11095.2 55
570 0.1 31341.0 0.0 31341 445 11421.482142857143 56
580 0.1 33626.0 0.0 33626 445 11770.947368421053 57
590 0.1 35328.0 0.0 35328 445 12147.758620689656 58
600 0.1 36559.0 0.0 36559 445 12540.64406779661 59
610 0.1 38681.0 0.0 38681 445 12940.95 60
620 0.1 39542.0 0.0 39542 445 13362.918032786885 61
630 0.1 41346.0 0.0 41346 445 13785.161290322581 62
640 0.1 41823.0 0.0 41823 445 14222.63492063492 63
650 0.1 43005.0 0.0 43005 445 14653.890625 64
660 0.1 41892.0 0.0 43005 445 15090.061538461538 65
670 0.1 42587.0 0.0 43005 445 15496.151515151516 66
680 0.1 42014.0 0.0 43005 445 15900.492537313432 67
690 0.1 4.43e4 0.0 44300 445 16284.514705882353 68
700 0.1 45147.0 0.0 45147 445 16690.536231884056 69
710 0.1 45970.0 0.0 45970 445 17097.05714285714 70
720 0.1 42249.0 0.0 45970 445 17503.718309859152 71
730 0.1 37539.0 0.0 45970 445 17847.402777777774 72
740 0.1 37204.0 0.0 45970 445 18117.150684931505 73
750 0.1 30452.0 0.0 45970 445 18375.081081081076 74
760 0.1 19914.0 0.0 45970 445 18536.10666666666 75
770 0.1 11010.0 0.0 45970 445 18554.236842105256 76
780 0.1 5839.0 0.0 45970 445 18456.259740259735 77
790 0.1 2145.0 0.0 45970 445 18294.499999999993 78
800 0.1 645.0 0.0 45970 445 18090.07594936708 79
810 0.1 1127.0 0.0 45970 445 17872.01249999999 80
820 0.1 507.0 0.0 45970 445 17665.28395061727 81
830 0.1 238.0 0.0 45970 238 17456.036585365844 82
