10 0.1 130 0 130 130 0 0
20 0.1 441.0 0.0 441 130 130.0 1
30 0.1 798.0 0.0 798 130 285.5 2
40 0.1 1295.0 0.0 1295 130 456.3333333333333 3
50 0.1 1649.0 0.0 1649 130 666.0 4
60 0.1 1903.0 0.0 1903 130 862.6 5
70 0.1 2064.0 0.0 2064 130 1036.0 6
80 0.1 2339.0 0.0 2339 130 1182.857142857143 7
90 0.1 2547.0 0.0 2547 130 1327.375 8
100 0.1 2843.0 0.0 2843 130 1462.888888888889 9
110 0.1 3110.0 0.0 3110 130 1600.9 10
120 0.1 3312.0 0.0 3312 130 1738.090909090909 11
130 0.1 3417.0 0.0 3417 130 1869.25 12
140 0.1 2944.0 0.0 3417 130 1988.3076923076924 13
150 0.1 3059.0 0.0 3417 130 2056.5714285714284 14
160 0.1 3525.0 0.0 3525 130 2123.4 15
170 0.1 4060.0 0.0 4060 130 2211.0 16
180 0.1 3962.0 0.0 4060 130 2319.764705882353 17
190 0.1 4222.0 0.0 4222 130 2411.0 18
200 0.1 4263.0 0.0 4263 130 2506.315789473684 19
210 0.1 5274.0 0.0 5274 130 2594.15 20
220 0.1 6805.0 0.0 6805 130 2721.7619047619046 21
230 0.1 8718.0 0.0 8718 130 2907.3636363636365 22
240 0.1 8327.0 0.0 8718 130 3160.0 23
250 0.1 8208.0 0.0 8718 130 3375.2916666666665 24
260 0.1 8401.0 0.0 8718 130 3568.6 25
270 0.1 9069.0 0.0 9069 130 3754.4615384615386 26
280 0.1 10617.0 0.0 10617 130 3951.296296296296 27
290 0.1 12072.0 0.0 12072 130 4189.357142857143 28
300 0.1 13034.0 0.0 13034 130 4461.172413793103 29
310 0.1 12908.0 0.0 13034 130 4746.933333333333 30
320 0.1 14385.0 0.0 14385 130 5010.193548387097 31
330 0.1 15634.0 0.0 15634 130 5303.15625 32
340 0.1 17434.0 0.0 17434 130 5616.212121212121 33
350 0.1 18823.0 0.0 18823 130 5963.794117647059 34
360 0.1 19874.0 0.0 19874 130 6331.2 35
370 0.1 20431.0 0.0 20431 130 6707.388888888889 36
380 0.1 22484.0 0.0 22484 130 7078.2972972972975 37
390 0.1 25382.0 0.0 25382 130 7483.710526315789 38
400 0.1 28422.0 0.0 28422 130 7942.641025641025 39
410 0.1 32132.0 0.0 32132 130 8454.625 40
420 0.1 34303.0 0.0 34303 130 9032.121951219513 41
430 0.1 34418.0 0.0 34418 130 9633.809523809525 42
440 0.1 34799.0 0.0 34799 130 10210.18604651163 43
450 0.1 35919.0 0.0 35919 130 10769.022727272728 44
460 0.1 36602.0 0.0 36602 130 11327.91111111111 45
470 0.1 36462.0 0.0 36602 130 11877.347826086956 46
480 0.1 38125.0 0.0 38125 130 12400.425531914894 47
490 0.1 39459.0 0.0 39459 130 12936.354166666666 48
500 0.1 35970.0 0.0 39459 130 13477.632653061224 49
510 0.1 26445.0 0.0 39459 130 13927.48 50
520 0.1 24580.0 0.0 39459 130 14172.921568627451 51
530 0.1 33716.0 0.0 39459 130 14373.057692307691 52
541 0.1 40343.0 0.0 40343 130 14738.018867924528 53
550 0.1 41605.0 0.0 41605 130 15212.185185185184 54
560 0.1 42796.0 0.0 42796 130 15692.054545454546 55
570 0.1 44369.0 0.0 44369 130 16176.05357142857 56
580 0.1 45002.0 0.0 45002 130 16670.666666666668 57
590 0.1 46821.0 0.0 46821 130 17159.137931034486 58
600 0.1 48867.0 0.0 48867 130 17661.881355932204 59
610 0.1 49464.0 0.0 49464 130 18181.966666666667 60
620 0.1 48664.0 0.0 49464 130 18694.786885245903 61
630 0.1 49751.0 0.0 49751 130 19178.16129032258 62
640 0.1 51828.0 0.0 51828 130 19663.444444444445 63
650 0.1 52737.0 0.0 52737 130 20166.015625 64
660 0.1 52217.0 0.0 52737 130 20667.10769230769 65
670 0.1 51854.0 0.0 52737 130 21145.136363636364 66
680 0.1 51771.0 0.0 52737 130 21603.4776119403 67
690 0.1 51108.0 0.0 52737 130 22047.117647058825 68
700 0.1 53270.0 0.0 53270 130 22468.289855072464 69
710 0.1 59391.0 0.0 59391 130 22908.314285714285 70
720 0.1 55704.0 0.0 59391 130 23422.154929577464 71
730 0.1 44433.0 0.0 59391 130 23870.51388888889 72
740 0.1 31204.0 0.0 59391 130 24152.19178082192 73
750 0.1 21255.0 0.0 59391 130 24247.486486486487 74
760 0.1 13242.0 0.0 59391 130 24207.586666666666 75
