0 0.5 18.884999999999998 13.263238096332284 35.798 7.744 0 0
10 2.7 16.212074074074078 19.1540736155155 79.07 6.822 18.884999999999998 5
20 8.1 50.23193827160495 47.04967231051725 201.852 5.451 16.629718750000002 32
30 17.8 56.23770224719098 51.04767017118142 226.869 5.451 40.716265486725675 113
40 23.4 53.96859401709405 40.54390562939892 232.843 5.268 50.21047766323023 291
50 28.2 64.00942907801422 47.26048031967502 232.843 5.147 51.88552380952381 525
60 24.8 54.60753629032258 43.397902792705715 235.602 5.147 56.12213011152417 807
70 26.6 55.41752255639098 49.026381749242155 262.766 5.147 55.76609289099527 1055
80 28.9 63.79475086505191 58.25026236625242 262.766 5.147 55.69590386071159 1321
90 31.7 73.57122712933754 60.47189314563569 298.566 5.147 57.14967204968945 1610
100 35.8 135.8635279329609 108.1377921455028 503.407 5.147 59.85109029579658 1927
110 36.6 125.34053825136613 84.18286406952423 503.407 5.147 71.76025995623633 2285
120 36.5 171.89938630136984 118.38459452660575 534.853 5.147 79.15761259901925 2651
130 39.6 164.7826515151516 118.00567831109387 550.202 5.147 90.38133521220159 3016
140 39.4 320.0418781725891 99.82061245358855 629.452 5.147 99.01642350527551 3412
150 40.9 469.51779951100235 102.48119669368172 733.413 5.147 121.89714582238575 3806
160 41.5 515.7439325301208 138.9652117888789 884.818 5.147 155.62830771055758 4215
170 39.6 789.4169040404055 131.98522283807742 1057.194 5.147 187.9064900647949 4630
180 38.3 1354.477566579634 342.87583195619885 2081.831 5.147 235.29967031436547 5026
190 40.6 1514.824366995074 276.5254919721406 2081.831 5.147 314.5463211314477 5409
200 39.6 2000.3898964646467 258.2720983885449 2643.625 5.147 398.34905313843524 5815
210 40 2743.326632500004 661.3594934057747 3133.189 0.768 500.4917312832074 6211
220 58.9 2185.950339558573 1548.0053584914615 3622.715 0.75 636.1949472091973 6611
230 84.9 1504.7323981154314 1542.9081998499823 3622.715 0.715 762.9735480555559 7200
240 111.6 1225.0557329749088 1678.1796727791573 4051.316 0.698 841.2134863958261 8049
250 134.1 951.6570447427283 1355.3305769160038 4051.316 0.698 887.9530332787781 9165
260 164.4 805.1653588807787 1244.5913567581263 4051.316 0.694 896.0842991623834 10506
270 169.3 761.6340484347311 1243.9398910977798 4051.316 0.694 883.7821808230452 12150
280 166.9 795.7252917914949 1175.5086083063434 4051.316 0.694 868.843454525753 13843
290 155.2 811.8893479381453 1134.5164161554449 4051.316 0.688 860.9763701005677 15512
300 155.4 850.5027117117124 1134.7871236611895 4051.316 0.688 856.5118214369437 17064
310 164.4 790.3543613138685 1135.562116400828 4051.316 0.688 856.0102553980024 18618
320 198.8 635.7498435613678 1057.54995510366 4051.316 0.688 850.6831262955291 20262
330 240.4 549.3392695507498 1040.0775268534092 4051.316 0.688 831.4791997303375 22250
340 268.5 477.2165497206695 968.5598114125537 4051.316 0.688 803.9678672020772 24654
350 296.5 453.6498269814499 872.9628665343253 4051.316 0.688 771.8771803650466 27339
360 285.6 432.3780094537818 811.456022106109 4051.316 0.688 740.7412213239179 30304
370 310.1 420.8031538213474 799.4170674297908 4051.316 0.688 714.1825562726178 33160
380 340.2 388.58785273368653 823.0267571838601 4051.316 0.688 689.09307923113 36261
390 387.8 343.3643192367205 743.2986161290246 4051.316 0.688 663.3179542898924 39663
400 432.3 299.3947344436731 701.6407551448935 4051.316 0.683 634.8211306814269 43541
410 475.8 280.92580222782794 639.8133787220411 4051.316 0.683 604.5259545378574 47864
420 492.9 270.5129121525672 618.928912892269 4051.316 0.683 575.2665283531604 52622
430 483.4 268.27657654116746 607.516988926902 4051.316 0.683 549.1656686938544 57551
440 482.9 273.7043744046389 611.2741608596713 4051.316 0.683 527.4005349042241 62385
450 481.5 273.39898857736193 609.9263833073172 4051.316 0.683 509.1736958669328 67214
460 504.4 258.98629936558285 567.7512022264285 4051.316 0.683 493.41261053186935 72029
470 497.6 260.5922096061097 556.489056805205 4051.316 0.683 478.07070982055996 77073
480 572 224.41434195804217 562.4191268746999 4051.316 0.683 464.88135934624455 82049
490 604.8 226.1458308531753 523.0200649434676 4051.316 0.683 449.20986554478253 87769
500 623.8 209.65775985892827 490.2212565237641 4051.316 0.683 434.8298354669199 93817
510 657.4 201.129143139641 480.62262757378073 4051.316 0.683 420.7913225725852 100055
520 683.9 198.89774469951686 495.69244582453996 4051.316 0.683 407.2484855620893 106629
530 701.7 191.46009562491136 453.2205328217585 4051.316 0.683 394.69066558853615 113468
540 697.4 189.7845060223686 455.5219655430692 4051.316 0.683 382.85459546001596 120485
550 686 185.0025090379009 470.56316726760775 4051.316 0.682 372.2906431009189 127459
560 758.1 180.54954847645416 450.01258633220425 4051.316 0.682 362.72537981223815 134319
570 801.1 166.2074088128822 416.14962367262643 4051.316 0.682 352.9926456518676 141900
580 856.1 160.640333489078 399.2675264170342 4051.316 0.682 343.01114641353877 149911
590 891.1 152.96224250925772 394.279276515626 4051.316 0.682 333.1590808786411 158472
600 945.1 146.39997957888107 361.5519505259852 4051.316 0.682 323.5659081746653 167383
610 974.7 143.07698594439216 360.49760359896953 4051.316 0.682 314.09716805026187 176834
620 1017.4 135.89368134460426 334.54808945957967 4051.316 0.682 305.16306589095353 186581
630 1035.2 138.2840785355494 330.0301593134747 4051.316 0.682 296.41031898045793 196755
640 997.3 133.39155289281157 305.7431365166401 4051.316 0.682 288.5065646839557 207107
650 1047.8 139.6302349685058 337.15709507351903 4051.316 0.682 281.38033466463986 217080
660 1025.7 138.98556244516053 304.9580007983648 4051.316 0.682 274.8533940841457 227558
670 1041.8 133.8448118640811 330.45073851784576 4051.316 0.682 268.9933921956144 237815
680 1019 138.81191815505358 320.7226621797476 4051.316 0.682 263.3213908505317 248233
690 1088.7 132.1999511343793 306.71438854682725 4051.316 0.682 258.41179872147615 258423
700 1082.5 137.73589893764392 307.24453774900235 4051.316 0.682 253.3096176488063 269310
710 1052.3 136.4198202033636 309.57546887823685 4051.316 0.682 248.84360838524287 280135
720 982.9 140.07082978939692 328.91504439867833 4051.316 0.682 244.77341068541037 290658
730 858.4 168.08319489748249 361.2315287641011 4051.316 0.682 241.34856479315243 300487
740 750.9 191.9383992542289 358.7177644099322 4051.316 0.682 239.3137251117057 309071
750 525 240.98881771428552 396.8064817527793 4051.316 0.682 238.19002392444244 316580
760 294.4 435.77003396739195 520.6827107277218 4051.316 0.682 238.23568053630794 321830
770 153.1 342.02451730894796 385.83048930947893 4051.316 0.682 240.02628303681942 324774
780 53 85.19925660377359 187.4244210224941 4051.316 0.682 240.504851543801 326305
790 19.3 15.612404145077722 20.187907029211477 4051.316 0.682 240.2530059173589 326835
800 4.9 17.443795918367346 16.685221890948515 4051.316 0.682 240.12043122607238 327028
810 2.5 19.947519999999994 19.076743437222195 4051.316 0.682 240.0870716345081 327077
820 1 9.2058 12.573542188261825 4051.316 0.682 240.07024664172033 327102
830 0.7 8.250428571428571 8.173544970681638 4051.316 0.682 240.06318898420113 327112
833 0.1 6.403 0.0 4051.316 0.682 240.05822843674628 327119
