10 0.1 88 0 88 88 0 0
20 0.1 257.0 0.0 257 88 88.0 1
30 0.1 413.0 0.0 413 88 172.5 2
40 0.1 704.0 0.0 704 88 252.66666666666666 3
50 0.1 927.0 0.0 927 88 365.5 4
60 0.1 1116.0 0.0 1116 88 477.8 5
70 0.1 1.2e3 0.0 1200 88 584.1666666666666 6
80 0.1 1388.0 0.0 1388 88 672.1428571428571 7
90 0.1 1557.0 0.0 1557 88 761.625 8
100 0.1 1631.0 0.0 1631 88 850.0 9
110 0.1 1841.0 0.0 1841 88 928.1 10
120 0.1 1919.0 0.0 1919 88 1011.0909090909091 11
130 0.1 2090.0 0.0 2090 88 1086.75 12
140 0.1 1865.0 0.0 2090 88 1163.923076923077 13
150 0.1 1868.0 0.0 2090 88 1214.0 14
160 0.1 2055.0 0.0 2090 88 1257.6 15
170 0.1 2319.0 0.0 2319 88 1307.4375 16
180 0.1 2369.0 0.0 2369 88 1366.9411764705883 17
190 0.1 2481.0 0.0 2481 88 1422.611111111111 18
200 0.1 2608.0 0.0 2608 88 1478.3157894736842 19
210 0.1 3034.0 0.0 3034 88 1534.8 20
220 0.1 3867.0 0.0 3867 88 1606.1904761904761 21
230 0.1 5012.0 0.0 5012 88 1708.9545454545455 22
240 0.1 4805.0 0.0 5012 88 1852.5652173913043 23
250 0.1 4764.0 0.0 5012 88 1975.5833333333333 24
260 0.1 5107.0 0.0 5107 88 2087.12 25
270 0.1 5297.0 0.0 5297 88 2203.269230769231 26
280 0.1 6138.0 0.0 6138 88 2317.851851851852 27
290 0.1 6878.0 0.0 6878 88 2454.285714285714 28
300 0.1 7458.0 0.0 7458 88 2606.8275862068967 29
310 0.1 7.5e3 0.0 7500 88 2768.5333333333333 30
320 0.1 8477.0 0.0 8477 88 2921.1612903225805 31
330 0.1 9144.0 0.0 9144 88 3094.78125 32
340 0.1 9778.0 0.0 9778 88 3278.090909090909 33
350 0.1 10393.0 0.0 10393 88 3469.264705882353 34
360 0.1 11071.0 0.0 11071 88 3667.0857142857144 35
370 0.1 11678.0 0.0 11678 88 3872.75 36
380 0.1 12958.0 0.0 12958 88 4083.7027027027025 37
390 0.1 14527.0 0.0 14527 88 4317.236842105263 38
400 0.1 16025.0 0.0 16025 88 4579.025641025641 39
410 0.1 17133.0 0.0 17133 88 4865.175 40
420 0.1 18775.0 0.0 18775 88 5164.390243902439 41
430 0.1 19282.0 0.0 19282 88 5488.452380952381 42
440 0.1 19554.0 0.0 19554 88 5809.232558139535 43
450 0.1 19829.0 0.0 19829 88 6121.613636363636 44
460 0.1 19523.0 0.0 19829 88 6426.222222222223 45
470 0.1 19183.0 0.0 19829 88 6710.934782608696 46
480 0.1 20074.0 0.0 20074 88 6976.297872340426 47
490 0.1 21077.0 0.0 21077 88 7249.166666666667 48
500 0.1 19692.0 0.0 21077 88 7531.367346938776 49
510 0.1 17356.0 0.0 21077 88 7774.58 50
520 0.1 20663.0 0.0 21077 88 7962.450980392156 51
530 0.1 26728.0 0.0 26728 88 8206.692307692309 52
541 0.1 31339.0 0.0 31339 88 8556.150943396227 53
550 0.1 32023.0 0.0 32023 88 8978.055555555557 54
560 0.1 32170.0 0.0 32170 88 9397.054545454546 55
570 0.1 33402.0 0.0 33402 88 9803.714285714286 56
580 0.1 33852.0 0.0 33852 88 10217.719298245614 57
590 0.1 35414.0 0.0 35414 88 10625.206896551725 58
600 0.1 36478.0 0.0 36478 88 11045.35593220339 59
610 0.1 36840.0 0.0 36840 88 11469.233333333334 60
620 0.1 36423.0 0.0 36840 88 11885.147540983606 61
630 0.1 37033.0 0.0 37033 88 12280.91935483871 62
640 0.1 38207.0 0.0 38207 88 12673.809523809523 63
650 0.1 38984.0 0.0 38984 88 13072.765625 64
660 0.1 38966.0 0.0 38984 88 13471.4 65
670 0.1 38134.0 0.0 38984 88 13857.681818181818 66
680 0.1 38220.0 0.0 38984 88 14220.014925373134 67
690 0.1 37925.0 0.0 38984 88 14572.95588235294 68
700 0.1 38752.0 0.0 38984 88 14911.391304347826 69
710 0.1 45471.0 0.0 45471 88 15251.971428571429 70
720 0.1 42524.0 0.0 45471 88 15677.591549295774 71
730 0.1 34498.0 0.0 45471 88 16050.458333333334 72
740 0.1 25777.0 0.0 45471 88 16303.164383561643 73
750 0.1 17850.0 0.0 45471 88 16431.18918918919 74
760 0.1 11384.0 0.0 45471 88 16450.106666666667 75
