10 0.1 3178 0 3178 3178 0 0
20 0.1 452.0 0.0 3178 452 3178.0 1
30 0.1 437.0 0.0 3178 437 1815.0 2
40 0.1 763.0 0.0 3178 437 1355.6666666666667 3
50 0.1 1003.0 0.0 3178 437 1207.5 4
60 0.1 1162.0 0.0 3178 437 1166.6 5
70 0.1 1008.0 0.0 3178 437 1165.8333333333333 6
80 0.1 1066.0 0.0 3178 437 1143.2857142857142 7
90 0.1 1265.0 0.0 3178 437 1133.625 8
100 0.1 1424.0 0.0 3178 437 1148.2222222222222 9
110 0.1 1449.0 0.0 3178 437 1175.8 10
120 0.1 1566.0 0.0 3178 437 1200.6363636363637 11
130 0.1 1570.0 0.0 3178 437 1231.0833333333335 12
140 0.1 1727.0 0.0 3178 437 1257.1538461538462 13
150 0.1 1716.0 0.0 3178 437 1290.7142857142858 14
160 0.1 1827.0 0.0 3178 437 1319.0666666666666 15
170 0.1 2137.0 0.0 3178 437 1350.8125 16
180 0.1 2041.0 0.0 3178 437 1397.0588235294117 17
190 0.1 1859.0 0.0 3178 437 1432.8333333333333 18
200 0.1 3775.0 0.0 3775 437 1455.2631578947369 19
210 0.1 3.5e3 0.0 3775 437 1571.25 20
220 0.1 2023.0 0.0 3775 437 1663.095238095238 21
230 0.1 4144.0 0.0 4144 437 1679.4545454545455 22
240 0.1 4297.0 0.0 4297 437 1786.608695652174 23
250 0.1 6077.0 0.0 6077 437 1891.2083333333333 24
260 0.1 6994.0 0.0 6994 437 2058.64 25
270 0.1 7769.0 0.0 7769 437 2248.4615384615386 26
280 0.1 8696.0 0.0 8696 437 2452.925925925926 27
290 0.1 8296.0 0.0 8696 437 2675.8928571428573 28
300 0.1 6771.0 0.0 8696 437 2869.689655172414 29
310 0.1 6732.0 0.0 8696 437 2999.733333333333 30
320 0.1 7233.0 0.0 8696 437 3120.1290322580644 31
330 0.1 8492.0 0.0 8696 437 3248.65625 32
340 0.1 9960.0 0.0 9960 437 3407.5454545454545 33
350 0.1 11101.0 0.0 11101 437 3600.264705882353 34
360 0.1 12130.0 0.0 12130 437 3814.5714285714284 35
370 0.1 12508.0 0.0 12508 437 4045.5555555555557 36
380 0.1 12723.0 0.0 12723 437 4274.27027027027 37
390 0.1 13894.0 0.0 13894 437 4496.605263157895 38
400 0.1 15435.0 0.0 15435 437 4737.5641025641025 39
410 0.1 17208.0 0.0 17208 437 5005.0 40
420 0.1 18492.0 0.0 18492 437 5302.634146341464 41
430 0.1 18987.0 0.0 18987 437 5616.666666666667 42
440 0.1 18939.0 0.0 18987 437 5927.604651162791 43
450 0.1 18476.0 0.0 18987 437 6223.318181818182 44
460 0.1 18756.0 0.0 18987 437 6495.6 45
470 0.1 19672.0 0.0 19672 437 6762.130434782609 46
480 0.1 20394.0 0.0 20394 437 7036.808510638298 47
490 0.1 21934.0 0.0 21934 437 7315.083333333333 48
500 0.1 23280.0 0.0 23280 437 7613.428571428572 49
510 0.1 23581.0 0.0 23581 437 7926.76 50
520 0.1 25202.0 0.0 25202 437 8233.70588235294 51
530 0.1 25937.0 0.0 25937 437 8560.01923076923 52
540 0.1 26053.0 0.0 26053 437 8887.88679245283 53
550 0.1 26412.0 0.0 26412 437 9205.759259259257 54
560 0.1 26918.0 0.0 26918 437 9518.599999999999 55
570 0.1 28456.0 0.0 28456 437 9829.30357142857 56
580 0.1 30570.0 0.0 30570 437 10156.087719298246 57
590 0.1 32019.0 0.0 32019 437 10508.051724137931 58
600 0.1 33504.0 0.0 33504 437 10872.64406779661 59
610 0.1 35338.0 0.0 35338 437 11249.833333333334 60
620 0.1 36415.0 0.0 36415 437 11644.72131147541 61
630 0.1 37755.0 0.0 37755 437 12044.241935483871 62
640 0.1 38007.0 0.0 38007 437 12452.349206349207 63
650 0.1 39107.0 0.0 39107 437 12851.640625 64
660 0.1 38107.0 0.0 39107 437 13255.569230769232 65
670 0.1 38376.0 0.0 39107 437 13632.10606060606 66
680 0.1 38660.0 0.0 39107 437 14001.41791044776 67
690 0.1 39982.0 0.0 39982 437 14364.04411764706 68
700 0.1 41166.0 0.0 41166 437 14735.31884057971 69
710 0.1 41305.0 0.0 41305 437 15112.9 70
720 0.1 38739.0 0.0 41305 437 15481.802816901409 71
730 0.1 34582.0 0.0 41305 437 15804.819444444445 72
740 0.1 33178.0 0.0 41305 437 16062.04109589041 73
750 0.1 26055.0 0.0 41305 437 16293.337837837838 74
760 0.1 16892.0 0.0 41305 437 16423.493333333332 75
770 0.1 8643.0 0.0 41305 437 16429.657894736843 76
780 0.1 4874.0 0.0 41305 437 16328.532467532468 77
790 0.1 1978.0 0.0 41305 437 16181.679487179486 78
800 0.1 677.0 0.0 41305 437 16001.886075949367 79
810 0.1 1677.0 0.0 41305 437 15810.325 80
820 0.1 788.0 0.0 41305 437 15635.839506172839 81
830 0.1 382.0 0.0 41305 382 15454.768292682927 82
