40 0.5 39324.025799999996 2943.8788307861055 43549.206 35094.128 0 0
50 0.7 43341.208 4966.369428569411 49001.622 35094.128 39324.025799999996 5
60 0.6 48109.1765 6659.215450252099 57973.607 35094.128 41667.38208333333 12
70 0.8 45307.2975 5135.529826731927 57973.607 35094.128 43814.646888888885 18
80 1.3 46629.2453076923 6990.6348542368 65155.991 35094.128 44273.924 26
90 1 58372.258499999996 12205.467950433858 84743.874 35094.128 45059.031102564106 39
100 1.3 46416.80676923078 8184.515807464616 84743.874 34102.79 47776.01628571429 49
110 1 47280.393 15819.688770130453 93627.117 34102.79 47491.02074193549 62
120 1.1 48018.428 8946.887257749671 93627.117 34102.79 47461.76688888889 72
130 2.4 53026.91704166667 10144.23771216462 93627.117 34102.79 47535.54125301205 83
140 1.3 50284.468692307695 9809.90366255399 93627.117 34102.79 48767.251710280376 107
150 1.4 53497.773142857135 8858.313888352164 93627.117 34102.79 48931.616883333336 120
160 1.1 47169.20681818182 9296.989997969275 93627.117 34102.79 49408.67798507463 134
170 1.5 49248.6758 13205.203429616042 93627.117 34102.79 49238.787068965525 145
180 2 49705.8633 8839.23234642711 93627.117 32422.566 49239.71413750001 160
190 2.4 46862.80645833333 6568.608674462513 93627.117 32422.566 49291.508488888896 180
200 1.6 51458.793125 8131.913860633846 93627.117 32422.566 49005.7788382353 204
210 2.1 50956.772714285726 8182.677106420765 93627.117 32422.566 49184.179877272734 220
220 2 49353.07955 11831.871770159141 93627.117 32422.566 49338.63817427386 241
230 2.9 46779.944620689654 8698.353526551824 93627.117 32422.566 49339.74479310345 261
240 4.2 47914.03138095237 8213.36948324036 93627.117 32422.566 49083.764775862066 290
250 5.1 52322.765686274506 11215.386223803396 93627.117 32422.566 48935.786454819274 332
260 3.2 50055.8633125 10188.863942972863 93627.117 32422.566 49386.79413315926 383
270 3.9 48296.81502564104 7301.650302133828 93627.117 32422.566 49438.38500963854 415
280 3.8 51368.722526315796 9671.375289458061 93627.117 32422.566 49340.320627753295 454
290 4.6 49106.274891304325 9820.175041797133 93627.117 32422.566 49496.98581504064 492
300 6.3 46648.97404761905 8919.121527585208 93627.117 32422.566 49463.57930483271 538
310 6.4 48063.93668749999 9275.171362511172 94195.276 32422.566 49168.53748918469 601
320 6.6 49955.44113636364 10578.883374498635 94195.276 32422.566 49062.230043609015 665
330 4.9 50417.11785714287 9854.873893213264 94195.276 32422.566 49142.87564158686 731
340 7.4 48596.84681081081 8571.291382767984 94195.276 32422.566 49222.92419102563 780
350 7.9 48200.00786075946 9709.081365981247 97376.678 32422.566 49168.6739262295 854
360 10.5 47875.941561904765 8741.543220665382 97376.678 32422.566 49086.653969989275 933
370 9 50070.143877777744 8532.850089679569 97376.678 32422.566 48964.18306165702 1038
380 8.8 51282.211988636336 12099.960998454828 97376.678 32422.566 49052.42461613475 1128
390 10.5 49597.01086666666 9987.318800717774 97376.678 32422.566 49213.79080756578 1216
400 9.8 48895.25628571427 10764.015999706071 97376.678 32422.566 49244.25114534443 1321
410 13.5 48680.963548148124 10094.627893749715 100504.193 32422.566 49220.14861099365 1419
420 15.6 50166.21894230769 10776.800090085482 100504.193 32422.566 49173.3082097812 1554
430 16.2 51185.472401234525 12034.725232161487 144096.057 32422.566 49263.889539766074 1710
440 15.2 51051.114875000014 10126.083714526641 144096.057 32422.566 49430.180364316235 1872
450 16 51065.196349999984 9423.571526750702 144096.057 32422.566 49551.91062401185 2024
460 15.2 52200.01776973684 9837.300982681703 144096.057 32422.566 49662.77404716116 2184
470 13.7 52999.184167883206 10490.092194511173 144096.057 32422.566 49827.8686729452 2336
480 13 55289.65313846157 10130.372709664414 144096.057 32422.566 50003.55416538617 2473
490 12.9 57768.042434108545 10567.108402111122 144096.057 32422.566 50267.55449827123 2603
500 11.1 59747.60322522524 9794.960506135618 144096.057 32422.566 50621.71370168375 2732
510 8.4 65119.16813095238 10907.882062410743 144096.057 32422.566 50978.01821702427 2843
520 9.7 72535.35827835051 11361.52852243244 144096.057 32422.566 51383.84554629314 2927
530 13.3 74177.82291729326 9712.838518220406 144096.057 32422.566 52062.31668882275 3024
541 20.7 68295.67951207737 15898.793004191946 144096.057 32422.566 52994.012073170736 3157
550 33.7 68002.33218694362 14536.562216210676 144096.057 32422.566 53935.58316706303 3364
560 34.7 70081.66938040337 16061.298830402862 144096.057 32422.566 55216.45169440692 3701
570 28.4 66348.26782746484 17817.318702882232 144096.057 32422.566 56490.718131422924 4048
580 24.3 64097.25509876548 18119.79910016497 153542.172 32422.566 57136.965618421054 4332
590 24.1 62427.233746888 15846.64385349099 153542.172 32422.566 57506.65968262296 4575
600 30 64238.431766666705 21512.96127342107 163333.888 32422.566 57752.89272861296 4816
610 28.7 62235.37752264808 19267.198578439744 191308.985 32422.566 58133.20189816264 5116
620 28.6 60851.726468531546 14255.754507375937 191308.985 32422.566 58351.10387932631 5403
630 28.8 60358.36031944443 13090.585707044358 191308.985 32422.566 58476.81631745475 5689
640 24.4 59286.698172131175 9993.583313971501 191308.985 32422.566 58567.477965869184 5977
650 28.7 59544.90394773518 10555.12868065272 191308.985 32422.566 58595.687213631274 6221
660 30.5 58769.67377049179 9191.766587284956 191308.985 32422.566 58637.547263214525 6508
670 33.2 61032.06398795181 12190.812180002364 191308.985 32422.566 58643.46221767211 6813
680 31.3 59608.24470926518 9442.9238478146 191308.985 32422.566 58754.451131280635 7145
690 29.5 62855.16270508472 15477.769849117922 191308.985 32422.566 58790.283444220986 7458
700 28.2 64886.57207092207 17870.25472765512 191308.985 32422.566 58944.951235005814 7753
710 28.8 60336.6474513889 10590.523756296796 191308.985 32422.566 59153.48105152459 8035
720 31.1 61775.51184244369 12704.521122188682 191308.985 32422.566 59194.42204914094 8323
730 39.3 66379.48010687028 17910.1176853535 191308.985 32422.566 59287.393895992594 8634
740 37.2 63125.22498924733 15459.430814432311 191308.985 32422.566 59596.15537609394 9027
750 26.3 63659.9654942966 11936.391400556779 191308.985 32422.566 59735.831288009365 9399
760 17.7 62956.474192090376 11829.305383510035 191308.985 32422.566 59842.646367315254 9662
