0 73.7796875 73.7796875
10 307.459375 381.2390625
20 606.1109375 987.35
30 920.83671875 1908.18671875
40 1429.21015625 3337.396875
50 1507.15 4844.546875
60 1764.50703125 6609.05390625
70 1834.66328125 8443.7171875
80 1933.85390625 10377.57109375
90 2338.215625 12715.78671875
100 2683.3671875 15399.15390625
110 2622.65234375 18021.80625
120 2635.02578125 20656.83203125
130 2339.9765625 22996.80859375
140 2244.5765625 25241.38515625
150 2883.903125 28125.28828125
160 3360.3609375 31485.64921875
170 3312.728125 34798.37734375
180 3325.56484375 38123.9421875
190 3516.42578125 41640.36796875
200 4223.86875 45864.23671875
210 5332.81640625 51197.053125
220 5813.42890625 57010.48203125
230 7003.99609375 64014.478125
240 6462.1390625 70476.6171875
250 7012.63984375 77489.25703125
260 7275.68203125 84764.9390625
270 8506.04609375 93270.98515625
280 9510.225 102781.21015625
290 10603.00703125 113384.2171875
300 10272.196875 123656.4140625
310 11393.78828125 135050.20234375
320 12804.6984375 147854.90078125
330 14122.4671875 161977.36796875
340 15009.5109375 176986.87890625
350 15701.659375 192688.53828125
360 16396.8078125 209085.34609375
370 17730.753125 226816.09921875
380 20217.86875 247033.96796875
390 22533.4890625 269567.45703125
400 25590.928125 295158.38515625
410 26937.5046875 322095.88984375
420 26671.31953125 348767.209375
430 27267.1546875 376034.3640625
440 27771.06015625 403805.42421875
450 27978.60078125 431784.025
460 26951.8609375 458735.8859375
470 29224.9328125 487960.81875
480 29287.10234375 517247.92109375
490 28694.1453125 545942.06640625
500 18714.97109375 564657.0375
510 7508.5609375 572165.5984375
520 12009.47265625 584175.07109375
530 16124.59296875 600299.6640625
541 16867.7765625 617167.440625
550 18835.49375 636002.934375
560 19729.43984375 655732.37421875
570 18757.7265625 674490.10078125
580 20344.55703125 694834.6578125
590 21424.64140625 716259.29921875
600 22136.4859375 738395.78515625
610 21652.07421875 760047.859375
620 22341.95390625 782389.81328125
630 22341.11015625 804730.9234375
640 21913.68046875 826644.60390625
650 23015.14375 849659.74765625
660 22860.928125 872520.67578125
670 23133.02578125 895653.7015625
680 22880.8171875 918534.51875
690 22879.3984375 941413.9171875
700 21762.53046875 963176.44765625
710 23272.46328125 986448.9109375
720 19924.1953125 1006373.10625
730 15353.240625 1021726.346875
740 10850.40859375 1032576.75546875
750 7036.153125 1039612.90859375
760 3802.83203125 1043415.740625
