0 0.77734375 0.77734375
10 9.93671875 10.7140625
20 46.95 57.6640625
30 105.9125 163.5765625
40 138.61171875 302.18828125
50 172.865625 475.05390625
60 149.18203125 624.2359375
70 156.59375 780.8296875
80 172.596875 953.4265625
90 189.1078125 1142.534375
100 217.1 1359.634375
110 223.9796875 1583.6140625
120 222.06328125 1805.67734375
130 232.7765625 2038.45390625
140 241.259375 2279.71328125
150 250.36953125 2530.0828125
160 244.51171875 2774.59453125
170 246.39453125 3020.9890625
180 225.99453125 3246.98359375
190 246.28359375 3493.2671875
200 259.67109375 3752.93828125
210 234.85703125 3987.7953125
220 312.7078125 4300.503125
230 404.78046875 4705.28359375
240 492.53828125 5197.821875
250 582.965625 5780.7875
260 697.7703125 6478.5578125
270 704.6453125 7183.203125
280 713.41953125 7896.62265625
290 660.30703125 8556.9296875
300 659.8765625 9216.80625
310 684.92421875 9901.73046875
320 798.8 10700.53046875
330 942.68671875 11643.2171875
340 1040.49765625 12683.71484375
350 1156.71015625 13840.425
360 1095.2765625 14935.7015625
370 1191.13515625 16126.83671875
380 1284.36328125 17411.2
390 1440.75390625 18851.95390625
400 1596.2578125 20448.21171875
410 1758.21640625 22206.428125
420 1832.01796875 24038.44609375
430 1814.39765625 25852.84375
440 1801.615625 27654.459375
450 1795.46171875 29449.92109375
460 1870.5640625 31320.48515625
470 1843.15703125 33163.6421875
480 2079.19453125 35242.83671875
490 2202.00078125 37444.8375
500 2280.7671875 39725.6046875
510 2402.3875 42127.9921875
520 2492.371875 44620.3640625
530 2544.28203125 47164.64609375
540 2536.765625 49701.41171875
550 2473.5015625 52174.91328125
560 2708.5296875 54883.44296875
570 2858.4546875 57741.89765625
580 3058.34765625 60800.2453125
590 3178.31328125 63978.55859375
600 3383.1171875 67361.67578125
610 3473.36953125 70835.0453125
620 3634.2375 74469.2828125
630 3712.565625 78181.8484375
640 3583.69375 81765.5421875
650 3794.7515625 85560.29375
660 3686.3375 89246.63125
670 3761.25703125 93007.88828125
680 3658.48125 96666.36953125
690 3900.4125 100566.78203125
700 3893.25859375 104460.040625
710 3834.26328125 108294.30390625
720 3632.3515625 111926.65546875
730 3192.00546875 115118.6609375
740 2823.53359375 117942.19453125
750 2069.46953125 120011.6640625
760 1258.49765625 121270.16171875
770 651.50234375 121921.6640625
780 261.32265625 122182.98671875
790 95.3265625 122278.31328125
800 28.01171875 122306.325
810 13.2140625 122319.5390625
820 4.37734375 122323.91640625
830 2.73046875 122326.646875
833 0.73828125 122327.38515625
