0 7 7
10 17 17
20 26 26
30 36 36
40 46 50
50 48 50
60 53 53
70 62 63
80 68 69
90 75 78
100 72 79
110 72 79
120 72 79
130 73 79
140 80 80
150 91 94
160 98 99
170 102 104
180 106 106
190 131 131
200 158 158
210 174 174
220 194 195
230 203 205
240 196 206
250 213 213
260 246 246
270 269 270
280 294 295
290 319 321
300 315 321
310 370 371
320 407 407
330 451 451
340 463 464
350 493 499
360 508 519
370 586 589
380 666 667
390 718 720
400 800 800
410 821 822
420 827 838
430 850 855
440 895 897
450 940 948
460 969 970
470 1023 1026
480 1118 1120
490 1226 1227
500 1342 1342
510 1481 1481
520 1614 1614
530 1705 1706
541 1733 1762
550 1692 1762
560 1647 1762
570 1648 1762
580 1662 1762
590 1717 1762
600 1745 1762
610 1797 1803
620 1838 1839
630 1870 1884
640 1901 1902
650 1894 1914
660 1915 1916
670 1966 1968
680 1976 2008
690 1959 2008
700 1820 2008
710 1677 2008
720 1459 2008
730 1066 2008
740 694 2008
750 431 2008
760 254 2008
