0 0.7 7
10 1 17
20 0.9 26
30 1 36
40 1.5 51
50 0.9 60
60 1.1 71
70 1.7 88
80 1.9 107
90 1.7 124
100 1 134
110 1 144
120 1.1 155
130 2.5 180
140 2 200
150 2.5 225
160 1.8 243
170 1.9 262
180 2.4 286
190 4.9 335
200 4.3 378
210 3.7 415
220 4 455
230 3.8 493
240 3.5 528
250 6.8 596
260 6.5 661
270 6.2 723
280 6.3 786
290 7.1 857
300 5.9 916
310 11.9 1035
320 10.3 1138
330 9.3 1231
340 8.6 1317
350 10.9 1426
360 12 1546
370 16.8 1714
380 16.8 1882
390 15.7 2039
400 18 2219
410 15.6 2375
420 16.2 2537
430 18.5 2722
440 19.7 2919
450 20.5 3124
460 18.1 3305
470 19.1 3496
480 22.5 3721
490 23.7 3958
500 22.7 4185
510 22.3 4408
520 23 4638
530 22.4 4862
541 23.5 5097
550 29.6 5393
560 30.2 5695
570 28.5 5980
580 25.7 6237
590 29.6 6533
600 32.8 6861
610 33.9 7200
620 32.7 7527
630 32 7847
640 27.5 8122
650 28 8402
660 32.6 8728
670 38.3 9111
680 32.3 9434
690 27.8 9712
700 14.3 9855
710 14.5 10000
720 9.3 10093
730 0 10093
740 0 10093
750 0 10093
760 0 10093
