0 1.7 17
10 3.2 49
20 7.8 127
30 11.1 238
40 13.5 373
50 14 513
60 15.3 666
70 14.8 814
80 15.1 965
90 16.9 1134
100 20.6 1340
110 21 1550
120 21.1 1761
130 20 1961
140 21 2171
150 23.9 2410
160 28 2690
170 29.2 2982
180 32.6 3308
190 32.3 3631
200 37.3 4004
210 44.1 4445
220 54.9 4994
230 57 5564
240 54.9 6113
250 60 6713
260 65.3 7366
270 69.6 8062
280 77.2 8834
290 79.9 9633
300 85.6 10489
310 92.8 11417
320 99.3 12410
330 106.1 13471
340 104.7 14518
350 103.7 15555
360 107.6 16631
370 103.7 17668
380 101.6 18684
390 90.8 19592
400 85 20442
410 88.9 21331
420 94.8 22279
430 90 23179
440 102.8 24207
450 104.6 25253
460 96.4 26217
470 90.2 27119
480 98 28099
490 94.2 29041
500 102.9 30070
510 92.5 30995
520 95.9 31954
530 90.4 32858
540 96.9 33827
550 101.4 34841
560 93.4 35775
570 106 36835
580 98.1 37816
590 94.5 38761
600 101.8 39779
610 100.3 40782
620 108.1 41863
630 110.5 42968
640 98.8 43956
650 94.6 44902
660 108 45982
670 101.5 46997
680 104.8 48045
690 96.5 49010
700 104 50050
710 95.8 51008
720 83.1 51839
730 74.6 52585
740 64.4 53229
750 65.5 53884
760 56.1 54445
770 54.5 54990
780 62.3 55613
790 54.7 56160
800 20.6 56366
810 2.3 56389
820 0.4 56393
830 0.3 56396
837 0.1 56397
