10 1.9 19
20 7.4 93
30 13 223
40 14.5 368
50 17.7 545
60 16.6 711
70 15.3 864
80 17.7 1041
90 17.5 1216
100 23.8 1454
110 24.9 1703
120 25.9 1962
130 19.9 2161
140 21.6 2377
150 25.7 2634
160 33.3 2967
170 34.6 3313
180 34.8 3661
190 32.5 3986
200 39.4 4380
210 47.8 4858
220 64 5498
230 66.4 6162
240 63.4 6796
250 60.9 7405
260 69.6 8101
270 83.1 8932
280 88.9 9821
290 88.9 10710
300 94.6 11656
310 101.1 12667
320 109.5 13762
330 119 14952
340 116.7 16119
350 109.8 17217
360 110.4 18321
370 102.3 19344
380 99 20334
390 88.3 21217
400 71.8 21935
410 71.5 22650
420 71.2 23362
430 64.8 24010
440 66.6 24676
450 66 25336
460 64 25976
470 61.1 26587
480 64.1 27228
490 58 27808
500 64.8 28456
510 57.2 29028
520 61 29638
530 51.2 30150
540 57.1 30721
550 50.2 31223
560 55.9 31782
570 58.7 32369
580 55.2 32921
590 48.8 33409
600 50.9 33918
610 53 34448
620 52.8 34976
630 50.1 35477
640 53.4 36011
650 46.8 36479
660 51.1 36990
670 49.7 37487
680 51.5 38002
690 50.9 38511
700 55.6 39067
710 53 39597
720 47.6 40073
730 43 40503
740 38.8 40891
750 41.7 41308
760 45.2 41760
770 68.7 42447
780 72.1 43168
790 60.6 43774
800 20.8 43982
810 3.4 44016
820 0.6 44022
830 0.4 44026
837 0.1 44027
