380 6 60
390 54.7 607
400 126.7 1874
410 167.4 3548
420 194.6 5494
430 177.9 7273
440 181.2 9085
450 183.6 10921
460 194.4 12865
470 204.6 14911
480 211.1 17022
490 234.9 19371
500 249.5 21866
510 284.3 24709
520 265.9 27368
530 285.4 30222
540 302.4 33246
550 316.6 36412
560 342.8 39840
570 367.6 43516
580 391.3 47429
590 405 51479
600 389.3 55372
610 436.3 59735
620 448.9 64224
630 471.7 68941
640 478.7 73728
650 501.1 78739
660 486.9 83608
670 475.9 88367
680 469.1 93058
690 472.4 97782
700 524.1 103023
710 533.8 108361
720 517 113531
730 472.9 118260
740 326.9 121529
750 198.7 123516
760 71.7 124233
770 14.8 124381
780 1.7 124398
790 0 124398
800 0 124398
810 0 124398
820 0 124398
830 0 124398
837 0 124398
