380 1.1 11
390 11 121
400 21.8 339
410 29.3 632
420 33.6 968
430 36 1328
440 40.3 1731
450 39.7 2128
460 38.1 2509
470 38.9 2898
480 40.9 3307
490 36.7 3674
500 45.6 4130
510 47.6 4606
520 47.5 5081
530 46.9 5550
540 51.6 6066
550 49.3 6559
560 53.9 7098
570 59.4 7692
580 58.7 8279
590 60.7 8886
600 63.8 9524
610 59.9 10123
620 72.3 10846
630 69 11536
640 72.8 12264
650 65.5 12919
660 77.2 13691
670 78.3 14474
680 73.6 15210
690 69.6 15906
700 74.8 16654
710 78.4 17438
720 76.6 18204
730 70.2 18906
740 64.9 19555
750 55.2 20107
760 36.4 20471
770 17.1 20642
780 3.9 20681
790 0.5 20686
800 0 20686
810 0 20686
820 0 20686
830 0 20686
837 0 20686
