410 0.3 3
420 4 43
430 6.7 110
440 7.6 186
450 9.4 280
460 7.9 359
470 9.3 452
480 8.4 536
490 8.3 619
500 10.5 724
510 8 804
520 11.1 915
530 12.1 1036
540 10.9 1145
550 11 1255
560 14.3 1398
570 13.7 1535
580 12.3 1658
590 14.1 1799
600 14.6 1945
610 15 2095
620 16.9 2264
630 17 2434
640 17.4 2608
650 14.6 2754
660 17.7 2931
670 16.2 3093
680 20.8 3301
690 14.7 3448
700 16 3608
710 18.5 3793
720 17.4 3967
730 18 4147
740 20 4347
750 26.2 4609
760 24.6 4855
770 17.9 5034
780 3 5064
790 0.1 5065
800 0 5065
810 0 5065
820 0 5065
830 0 5065
837 0 5065
