380 8.9 89
390 45.8 547
400 89.5 1442
410 110.4 2546
420 130.7 3853
430 123.7 5090
440 115.8 6248
450 107.9 7327
460 123.1 8558
470 131.5 9873
480 138.5 11258
490 172.2 12980
500 164.2 14622
510 191.5 16537
520 179 18327
530 206.4 20391
540 201.5 22406
550 227.5 24681
560 249.4 27175
570 246 29635
580 276.5 32400
590 292.8 35328
600 279.5 38123
610 325.4 41377
620 310.3 44480
630 329 47770
640 349.4 51264
650 367 54934
660 344.2 58376
670 346.4 61840
680 355.6 65396
690 340.4 68800
700 381.8 72618
710 390 76518
720 350.3 80021
730 304.1 83062
740 198.5 85047
750 100.4 86051
760 21.6 86267
770 0 86267
780 0 86267
790 0 86267
800 0 86267
810 0 86267
820 0 86267
830 0 86267
837 0 86267
