0 1.3 1.3517692307692308 0.48861816992036977 3.031 1.113 0 0
10 0.7 1.3365714285714285 0.3626351401863299 3.031 1.082 1.3517692307692308 13
20 1.3 1.8144615384615388 2.211217681083456 9.467 0.97 1.3464500000000001 20
30 1.5 1.3084 0.6910989123610792 9.467 0.967 1.530818181818182 33
40 0.9 1.080555555555556 0.060683351389013485 9.467 0.967 1.4613125000000002 48
50 0.3 1.0966666666666667 0.09289898934984292 9.467 0.967 1.4011929824561407 57
60 1.8 1.1795 0.21224154216887467 9.467 0.814 1.3859666666666672 60
70 1.5 1.3676000000000001 0.22815485968964153 9.467 0.814 1.3383205128205133 78
80 1.1 1.9890000000000005 2.5852007834806745 10.159 0.814 1.3430430107526887 93
90 1.9 1.1182631578947366 0.16115303028170172 10.159 0.814 1.411365384615385 104
100 1.5 1.059133333333334 0.08268564298326254 10.159 0.804 1.3660894308943092 123
110 1.1 1.64 1.8311654013968064 10.159 0.804 1.3327246376811597 138
120 1.4 1.1279285714285714 0.3177999065642482 10.159 0.804 1.3554093959731546 149
130 2 1.2251 0.25110414174202705 10.159 0.804 1.335871165644172 163
140 2.8 1.2831071428571428 1.0540914279702727 10.159 0.804 1.3237650273224046 183
150 2.3 1.0741739130434786 0.09149086539051582 10.159 0.804 1.3183696682464456 211
160 1.9 1.097315789473684 0.17667426245452508 10.159 0.785 1.2943675213675216 234
170 1.6 1.0283750000000005 0.07848795687874663 10.159 0.785 1.2795691699604745 253
180 3.8 1.1477894736842105 0.4250339403100798 10.159 0.785 1.2646282527881043 269
190 4.2 1.5560952380952386 1.5152609363457568 10.159 0.785 1.2501661237785018 307
200 3.9 1.440974358974359 1.6942366178581005 11.673 0.785 1.2869828080229226 349
210 4.5 1.036333333333333 0.1719528359108327 11.673 0.771 1.3024613402061855 388
220 3.9 1.0373589743589748 0.09156096110760337 11.673 0.771 1.2748036951501156 433
230 3.8 1.0226842105263154 0.14317933276014347 11.673 0.768 1.2551843220338983 472
240 5 1.05868 0.15434486580382253 11.673 0.768 1.2378607843137255 510
250 5.9 1.867440677966101 1.964095904241228 12.415 0.768 1.2218624999999999 560
260 6.6 1.357636363636364 2.641303464008011 22.623 0.768 1.283395799676898 619
270 5.2 1.297269230769231 1.2146173521443604 22.623 0.768 1.290548905109489 685
280 6.1 1.0772131147540982 0.24537780269924875 22.623 0.768 1.291023066485753 737
290 6 1.075133333333333 0.24169757043784193 22.623 0.753 1.2746791979949874 798
300 8 1.0031125 0.1653324676031601 22.623 0.747 1.2607249417249418 858
310 9.2 1.1459782608695654 0.375183925279695 22.623 0.747 1.2387537313432837 938
320 10.3 1.2406990291262134 2.2457202483141967 23.806 0.747 1.2304669902912622 1030
330 9.2 1.0426195652173909 0.26261911758581113 23.806 0.737 1.231397175639894 1133
340 11 1.0284545454545448 0.19952232212159468 23.806 0.737 1.2172195918367348 1225
350 11.1 1.0585405405405401 0.24591589361983687 23.806 0.731 1.2016659176029962 1335
360 14.5 1.0554413793103454 0.20784539598600754 23.806 0.731 1.1906791147994467 1446
370 16.9 1.3951715976331358 1.6750387755357588 23.806 0.731 1.1783538654934003 1591
380 20.5 1.466590243902439 1.7244257150524307 23.806 0.731 1.1991732954545453 1760
390 55.8 1.3736684587813628 1.7916536672020915 23.806 0.478 1.2270717557251907 1965
400 130.4 1.8322108895705536 2.680548668055468 23.806 0.466 1.2594938565200158 2523
410 173.6 2.1215869815668182 2.9362752507939356 26.593 0.461 1.4546396655343616 3827
420 214.6 2.4830908667287894 3.297156080141357 27.506 0.461 1.6627684702498648 5563
430 196.7 2.5648652770716787 3.3929259745362095 31.196 0.461 1.8911264755480583 7709
440 200.5 2.433472817955114 3.3771962097701804 33.771 0.459 2.028088466308389 9676
450 203.9 2.320206964198136 3.136851851668155 33.771 0.459 2.097671175413062 11681
460 210.5 2.3517387173396678 3.0139581377645137 33.771 0.459 2.130743367346937 13720
470 221.4 2.5070036133694713 3.562097001721146 33.771 0.459 2.160139589257503 15825
480 234.1 2.6058876548483547 3.35179062866268 36.16 0.459 2.202711624812905 18039
490 255.8 2.8086512900703675 3.438909810008465 36.16 0.459 2.2490234543670256 20380
500 267.3 2.9808540965207655 3.6896557221453836 36.16 0.459 2.3114320341790906 22938
510 306.4 3.1647584856396795 3.697809944397131 36.16 0.459 2.3812990902346645 25611
520 288.9 3.315479404638285 3.7860129173933994 36.16 0.459 2.4650138099389705 28675
530 305.3 2.87974254831313 3.1652587076605414 36.16 0.459 2.5428554999366364 31564
540 331.4 3.304492154496091 3.674717285702656 40.557 0.459 2.572566802438108 34617
550 344.4 3.900283681765396 4.1525045488728445 40.557 0.459 2.6365145131950127 37931
560 369.9 4.138730467693964 4.278430342078561 40.557 0.459 2.741708978851965 41375
570 393.8 4.758620873539882 5.185082998233377 63.044 0.459 2.856355615210543 45074
580 416.1 4.674675078106212 4.480144769337155 63.044 0.459 3.0091981963600767 49012
590 438.9 4.96561950330371 5.042583263933311 63.044 0.459 3.139528426080906 53173
600 419.9 5.680721838532997 5.106763724495224 63.044 0.459 3.2787646190194923 57562
610 471 6.992814012738868 5.796290746948265 63.044 0.459 3.4420686193552577 61761
620 481 7.350744490644473 5.699316668654293 63.576 0.459 3.6936672233003884 66471
630 502.2 8.671167662285958 6.494302184619913 63.576 0.459 3.9404446486440996 71281
640 512.9 9.374240397738395 7.156397725562201 63.576 0.459 4.251804503099486 76303
650 532.4 9.933070435762575 6.664227108996999 63.576 0.459 4.574441472639752 81432
660 529.5 10.298480453257756 6.698449838397769 63.576 0.459 4.903287207801193 86756
670 517.6 10.075248068006182 7.497120082149872 63.576 0.459 5.213631997479659 92051
680 510.8 9.552728465152713 6.486212327872983 63.576 0.459 5.472446162074322 97227
690 501.3 10.069982046678637 6.946832081672354 63.576 0.459 5.676111398837153 102335
700 555 12.085907567567565 7.3890461120533555 63.576 0.459 5.881298952938109 107348
710 566.2 14.781522606852715 8.850360652123793 68.647 0.459 6.186313902814931 112898
720 526.6 10.254480250664608 8.620612862936886 68.647 0.459 6.596790215924428 118560
730 487.4 6.169337094788677 5.429737916534774 68.647 0.459 6.752342327136466 123826
740 354.2 3.9808929983060164 4.099853519592328 68.647 0.459 6.730263325563326 128700
750 225.6 2.887117021276599 3.253711876968721 68.647 0.459 6.6566235613496465 132242
760 90 1.7295000000000018 2.2514390664639383 68.647 0.459 6.593395805142084 134498
770 20.9 1.0868373205741615 1.041677007468952 68.647 0.459 6.561065148672802 135398
780 2.8 1.0699285714285716 0.18873733232258239 68.647 0.459 6.552628168162411 135607
790 0 0 0 68.647 0.459 6.55149633944041 135635
800 0.1 1.013 0.0 68.647 0.459 6.55149633944041 135635
810 0 0 0 68.647 0.459 6.551455505912885 135636
820 0 0 0 68.647 0.459 6.551455505912885 135636
830 0 0 0 68.647 0.459 6.551455505912885 135636
837 0 0 0 68.647 0.459 6.551455505912885 135636
