0 13 13
10 20 7
20 33 13
30 48 15
40 52 4
50 45 -7
60 53 8
70 60 7
80 57 -3
90 65 8
100 75 10
110 70 -5
120 72 2
130 70 -2
140 84 14
150 94 10
160 106 12
170 101 -5
180 118 17
190 139 21
200 153 14
210 180 27
220 196 16
230 197 1
240 215 18
250 226 11
260 250 24
270 263 13
280 288 25
290 291 3
300 310 19
310 350 40
320 405 55
330 424 19
340 477 53
350 540 63
360 626 86
370 751 125
380 851 100
390 828 -23
400 817 -11
410 804 -13
420 899 95
430 907 8
440 904 -3
450 921 17
460 907 -14
470 919 12
480 973 54
490 1007 34
500 996 -11
510 1020 24
520 1030 10
530 997 -33
540 1070 73
550 1127 57
560 1144 17
570 1149 5
580 1128 -21
590 1196 68
600 1212 16
610 1249 37
620 1253 4
630 1230 -23
640 1225 -5
650 1205 -20
660 1267 62
670 1317 50
680 1353 36
690 1323 -30
700 1294 -29
710 1234 -60
720 951 -283
730 721 -230
740 633 -88
750 576 -57
760 476 -100
770 341 -135
780 230 -111
790 109 -121
800 28 -81
810 1 -27
820 1 0
830 1 0
837 0 -1
