0 0.1 12.699242321128807 0 12.699242321128807 12.699242321128807 0 0
10 0.1 2.1999999999999997 0.0 12.699242321128807 2.1999999999999997 12.699242321128807 1
20 0.1 0.7014028056112225 0.0 12.699242321128807 0.7014028056112225 7.449621160564403 2
30 0.1 1.2060301507537687 0.0 12.699242321128807 0.7014028056112225 5.200215042246676 3
40 0.1 1.3131313131313131 0.0 12.699242321128807 0.7014028056112225 4.20166881937345 4
50 0.1 1.710261569416499 0.0 12.699242321128807 0.7014028056112225 3.623961318125022 5
60 0.1 2.108433734939759 0.0 12.699242321128807 0.7014028056112225 3.305011360006935 6
70 0.1 1.6194331983805668 0.0 12.699242321128807 0.7014028056112225 3.1340716992830524 7
80 0.1 1.9133937562940584 0.0 12.699242321128807 0.7014028056112225 2.9447418866702417 8
90 0.1 2.014098690835851 0.0 12.699242321128807 0.7014028056112225 2.830147649961777 9
100 0.1 2.1148036253776437 0.0 12.699242321128807 0.7014028056112225 2.7485427540491845 10
110 0.1 2.8112449799196786 0.0 12.699242321128807 0.7014028056112225 2.6909301059881354 11
120 0.1 2.814070351758794 0.0 12.699242321128807 0.7014028056112225 2.7009563454824304 12
130 0.1 2.6183282980866065 0.0 12.699242321128807 0.7014028056112225 2.709657422888305 13
140 0.1 2.708124373119358 0.0 12.699242321128807 0.7014028056112225 2.7031339139738977 14
150 0.1 2.5201612903225805 0.0 12.699242321128807 0.7014028056112225 2.703466611250262 15
160 0.1 2.4365482233502536 0.0 12.699242321128807 0.7014028056112225 2.692010028692282 16
170 0.1 3.6290322580645165 0.0 12.699242321128807 0.7014028056112225 2.6769828636721624 17
180 0.1 3.6290322580645165 0.0 12.699242321128807 0.7014028056112225 2.7298744966939603 18
190 0.1 4.032258064516129 0.0 12.699242321128807 0.7014028056112225 2.777198589397674 19
200 0.1 3.6511156186612577 0.0 12.699242321128807 0.7014028056112225 2.8399515631535968 20
210 0.1 4.444444444444445 0.0 12.699242321128807 0.7014028056112225 2.8785784229396763 21
220 0.1 5.0864699898270604 0.0 12.699242321128807 0.7014028056112225 2.949754151189893 22
230 0.1 7.358870967741936 0.0 12.699242321128807 0.7014028056112225 3.042654839826292 23
240 0.1 6.612410986775178 0.0 12.699242321128807 0.7014028056112225 3.222497178489444 24
250 0.1 6.822810590631365 0.0 12.699242321128807 0.7014028056112225 3.358093730820873 25
260 0.1 6.741573033707865 0.0 12.699242321128807 0.7014028056112225 3.491352071582815 26
270 0.1 7.841140529531568 0.0 12.699242321128807 0.7014028056112225 3.6117306257355946 27
280 0.1 9.118541033434651 0.0 12.699242321128807 0.7014028056112225 3.7627809794425935 28
290 0.1 9.304703476482617 0.0 12.699242321128807 0.7014028056112225 3.9474623606147334 29
300 0.1 8.641975308641975 0.0 12.699242321128807 0.7014028056112225 4.126037064476996 30
310 0.1 9.969167523124357 0.0 12.699242321128807 0.7014028056112225 4.271712491708124 31
320 0.1 10.433884297520661 0.0 12.699242321128807 0.7014028056112225 4.4497579614398814 32
330 0.1 11.637487126673532 0.0 12.699242321128807 0.7014028056112225 4.631095123139299 33
340 0.1 13.64562118126273 0.0 13.64562118126273 0.7014028056112225 4.837165476184423 34
350 0.1 12.757201646090536 0.0 13.64562118126273 0.7014028056112225 5.0888356391866605 35
360 0.1 14.083080040526848 0.0 14.083080040526848 0.7014028056112225 5.301845806045102 36
370 0.1 11.78310740354536 0.0 14.083080040526848 0.7014028056112225 5.539176461031095 37
380 0.1 12.744090441932169 0.0 14.083080040526848 0.7014028056112225 5.703490433202523 38
390 0.1 17.820773930753564 0.0 17.820773930753564 0.7014028056112225 5.884018638554565 39
400 0.1 32.51714005876592 0.0 32.51714005876592 0.7014028056112225 6.182437520859541 40
410 0.1 39.101338432122375 0.0 39.101338432122375 0.7014028056112225 6.824747338857257 41
420 0.1 43.56530028598665 0.0 43.56530028598665 0.7014028056112225 7.593237602982617 42
430 0.1 44.254510921177584 0.0 44.254510921177584 0.7014028056112225 8.429797200261781 43
440 0.1 44.518589132507145 0.0 44.518589132507145 0.7014028056112225 9.243995239373504 44
450 0.1 44.4967074317968 0.0 44.518589132507145 0.7014028056112225 10.027875103665362 45
460 0.1 43.70860927152318 0.0 44.518589132507145 0.7014028056112225 10.777197545581263 46
470 0.1 43.86298763082778 0.0 44.518589132507145 0.7014028056112225 11.477865880175772 47
480 0.1 44.97153700189753 0.0 44.97153700189753 0.7014028056112225 12.152555916647687 48
490 0.1 45.15819750719079 0.0 45.15819750719079 0.7014028056112225 12.82233104083646 49
500 0.1 46.36015325670498 0.0 46.36015325670498 0.7014028056112225 13.469048370163549 50
510 0.1 45.92521572387344 0.0 46.36015325670498 0.7014028056112225 14.11397199538985 51
520 0.1 46.749521988527725 0.0 46.749521988527725 0.7014028056112225 14.725726682476072 52
530 0.1 46.45286686103013 0.0 46.749521988527725 0.7014028056112225 15.329949235420443 53
540 0.1 46.38783269961977 0.0 46.749521988527725 0.7014028056112225 15.90629956182062 54
550 0.1 46.99140401146132 0.0 46.99140401146132 0.7014028056112225 16.460509255235152 55
560 0.1 47.070124879923156 0.0 47.070124879923156 0.7014028056112225 17.00570380445348 56
570 0.1 47.3633748801534 0.0 47.3633748801534 0.7014028056112225 17.533149788233647 57
580 0.1 48.06201550387597 0.0 48.06201550387597 0.7014028056112225 18.0474640139564 58
590 0.1 48.37117472852912 0.0 48.37117472852912 0.7014028056112225 18.55618522564995 59
600 0.1 48.582600195503424 0.0 48.582600195503424 0.7014028056112225 19.0531017173646 60
610 0.1 48.91089108910891 0.0 48.91089108910891 0.7014028056112225 19.537191856350482 61
620 0.1 49.157581764122895 0.0 49.157581764122895 0.7014028056112225 20.01096119881433 62
630 0.1 49.30278884462152 0.0 49.30278884462152 0.7014028056112225 20.47360596969224 63
640 0.1 49.35579781962339 0.0 49.35579781962339 0.7014028056112225 20.92406195211301 64
650 0.1 49.3545183714002 0.0 49.35579781962339 0.7014028056112225 21.36147327315163 65
660 0.1 49.36086529006883 0.0 49.36086529006883 0.7014028056112225 21.785610320094793 66
670 0.1 49.306930693069305 0.0 49.36086529006883 0.7014028056112225 22.197181289795896 67
680 0.1 49.353233830845774 0.0 49.36086529006883 0.7014028056112225 22.59585407513815 68
690 0.1 49.20792079207921 0.0 49.36086529006883 0.7014028056112225 22.983642187539708 69
700 0.1 49.3545183714002 0.0 49.36086529006883 0.7014028056112225 23.35827473903313 70
710 0.1 49.25668979187314 0.0 49.36086529006883 0.7014028056112225 23.724419015545344 71
720 0.1 49.411764705882355 0.0 49.411764705882355 0.7014028056112225 24.079033887438786 72
730 0.1 49.214145383104125 0.0 49.411764705882355 0.7014028056112225 24.42605759728048 73
740 0.1 49.3545183714002 0.0 49.411764705882355 0.7014028056112225 24.761031756548366 74
750 0.1 49.30139720558882 0.0 49.411764705882355 0.7014028056112225 25.08894491141306 75
760 0.1 47.599999999999994 0.0 49.411764705882355 0.7014028056112225 25.407529810020634 76
770 0.1 23.08447937131631 0.0 49.411764705882355 0.7014028056112225 25.695743708591795 77
780 0.1 14.285714285714285 0.0 49.411764705882355 0.7014028056112225 25.662265960678006 78
790 0.1 7.479508196721311 0.0 49.411764705882355 0.7014028056112225 25.518258977450618 79
800 0.1 4.378818737270876 0.0 49.411764705882355 0.7014028056112225 25.2927745926915 80
810 0.1 0.8056394763343404 0.0 49.411764705882355 0.7014028056112225 25.03457760682211 81
820 0.1 0.10030090270812438 0.0 49.411764705882355 0.10030090270812438 24.73910275157226 82
830 0.1 0.29940119760479045 0.0 49.411764705882355 0.10030090270812438 24.442249717248597 83
837 0.1 0.0 0.0 49.411764705882355 0.0 24.154834853919503 84
