0 0 0
10 0 0
20 0 0
30 0 0
40 0.5 5
50 1.1 16
60 0.9 25
70 0.8 33
80 1.4 47
90 1.2 59
100 0.4 63
110 1.6 79
120 1.2 91
130 2.2 113
140 1.4 127
150 1.3 140
160 0.8 148
170 2 168
180 2.1 189
190 2.1 210
200 2.5 235
210 1.8 253
220 2.3 276
230 3.7 313
240 3.4 347
250 5 397
260 4 437
270 3.7 474
280 3.9 513
290 5.6 569
300 6.1 630
310 5.3 683
320 4.6 729
330 7.2 801
340 5.8 859
350 4.9 908
360 6 968
370 4.1 1009
380 4.7 1056
390 3.4 1090
400 4.6 1136
410 7.5 1211
420 10.6 1317
430 18.4 1501
440 19.6 1697
450 18.4 1881
460 17.5 2056
470 15.6 2212
480 17.9 2391
490 17.1 2562
500 18.8 2750
510 19.5 2945
520 23 3175
530 23.3 3408
540 21.3 3621
550 21.9 3840
560 25.5 4095
570 25.3 4348
580 26.9 4617
590 27 4887
600 29.5 5182
610 31.8 5500
620 31.2 5812
630 32.4 6136
640 34.6 6482
650 33 6812
660 35.9 7171
670 36.4 7535
680 37.8 7913
690 33.3 8246
700 34 8586
710 37.7 8963
720 37.9 9342
730 37 9712
740 37 10082
750 33.1 10413
760 26.9 10682
770 20 10882
780 12.1 11003
790 11.9 11122
800 8 11202
810 2.5 11227
820 0 11227
830 0 11227
837 0.1 11228
