0 0.1 3496.5546875 0 3496.5546875 3496.5546875 0 0
10 0.1 3498.2734375 0.0 3498.2734375 3496.5546875 3496.5546875 1
20 0.1 3493.08203125 0.0 3498.2734375 3493.08203125 3497.4140625 2
30 0.1 3483.9765625 0.0 3498.2734375 3483.9765625 3495.9700520833335 3
40 0.1 3474.875 0.0 3498.2734375 3474.875 3492.9716796875 4
50 0.1 3471.828125 0.0 3498.2734375 3471.828125 3489.35234375 5
60 0.1 3472.89453125 0.0 3498.2734375 3471.828125 3486.431640625 6
70 0.1 3472.86328125 0.0 3498.2734375 3471.828125 3484.4977678571427 7
80 0.1 3466.5859375 0.0 3498.2734375 3466.5859375 3483.04345703125 8
90 0.1 3465.83203125 0.0 3498.2734375 3465.83203125 3481.21484375 9
100 0.1 3468.28125 0.0 3498.2734375 3465.83203125 3479.6765625 10
110 0.1 3463.46484375 0.0 3498.2734375 3463.46484375 3478.640625 11
120 0.1 3451.24609375 0.0 3498.2734375 3451.24609375 3477.3759765625 12
130 0.1 3453.43359375 0.0 3498.2734375 3451.24609375 3475.365985576923 13
140 0.1 3455.3515625 0.0 3498.2734375 3451.24609375 3473.799386160714 14
150 0.1 3454.64453125 0.0 3498.2734375 3451.24609375 3472.56953125 15
160 0.1 3454.27734375 0.0 3498.2734375 3451.24609375 3471.44921875 16
170 0.1 3451.84765625 0.0 3498.2734375 3451.24609375 3470.4391084558824 17
180 0.1 3447.87890625 0.0 3498.2734375 3447.87890625 3469.40625 18
190 0.1 3448.9453125 0.0 3498.2734375 3447.87890625 3468.2732319078946 19
200 0.1 3440.3515625 0.0 3498.2734375 3440.3515625 3467.3068359375 20
210 0.1 3432.828125 0.0 3498.2734375 3432.828125 3466.0232514880954 21
220 0.1 3403.0234375 0.0 3498.2734375 3403.0234375 3464.5143821022725 22
230 0.1 3389.3046875 0.0 3498.2734375 3389.3046875 3461.840862771739 23
240 0.1 3389.18359375 0.0 3498.2734375 3389.18359375 3458.8185221354165 24
250 0.1 3388.17578125 0.0 3498.2734375 3388.17578125 3456.033125 25
260 0.1 3387.38671875 0.0 3498.2734375 3387.38671875 3453.4232271634614 26
270 0.1 3381.0546875 0.0 3498.2734375 3381.0546875 3450.9774305555557 27
280 0.1 3368.05859375 0.0 3498.2734375 3368.05859375 3448.4801897321427 28
290 0.1 3351.234375 0.0 3498.2734375 3351.234375 3445.70703125 29
300 0.1 3352.33203125 0.0 3498.2734375 3351.234375 3442.5579427083335 30
310 0.1 3348.88671875 0.0 3498.2734375 3348.88671875 3439.647429435484 31
320 0.1 3333.2734375 0.0 3498.2734375 3333.2734375 3436.8111572265625 32
330 0.1 3311.3359375 0.0 3498.2734375 3311.3359375 3433.673650568182 33
340 0.1 3290.30078125 0.0 3498.2734375 3290.30078125 3430.075482536765 34
350 0.1 3271.97265625 0.0 3498.2734375 3271.97265625 3426.081919642857 35
360 0.1 3234.171875 0.0 3498.2734375 3234.171875 3421.8011067708335 36
370 0.1 3200.953125 0.0 3498.2734375 3200.953125 3416.7300464527025 37
380 0.1 3163.875 0.0 3498.2734375 3163.875 3411.0517064144733 38
390 0.1 3103.10546875 0.0 3498.2734375 3103.10546875 3404.713842147436 39
400 0.1 3077.79296875 0.0 3498.2734375 3077.79296875 3397.1736328125 40
410 0.1 3054.21484375 0.0 3498.2734375 3054.21484375 3389.3838605182927 41
420 0.1 3054.00390625 0.0 3498.2734375 3054.00390625 3381.4036458333335 42
430 0.1 3051.5390625 0.0 3498.2734375 3051.5390625 3373.7896984011627 43
440 0.1 3048.296875 0.0 3498.2734375 3048.296875 3366.4658203125 44
450 0.1 3049.234375 0.0 3498.2734375 3048.296875 3359.3953993055557 45
460 0.1 3055.5 0.0 3498.2734375 3048.296875 3352.6527683423915 46
470 0.1 3058.56640625 0.0 3498.2734375 3048.296875 3346.3303690159573 47
480 0.1 3061.59375 0.0 3498.2734375 3048.296875 3340.3352864583335 48
490 0.1 3053.65234375 0.0 3498.2734375 3048.296875 3334.6466836734694 49
500 0.1 3054.05859375 0.0 3498.2734375 3048.296875 3329.026796875 50
510 0.1 3055.8515625 0.0 3498.2734375 3048.296875 3323.635263480392 51
520 0.1 3062.93359375 0.0 3498.2734375 3048.296875 3318.485576923077 52
530 0.1 3061.234375 0.0 3498.2734375 3048.296875 3313.6638413915093 53
540 0.1 3061.12109375 0.0 3498.2734375 3048.296875 3308.9892216435187 54
550 0.1 3056.58203125 0.0 3498.2734375 3048.296875 3304.4825284090907 55
560 0.1 3054.625 0.0 3498.2734375 3048.296875 3300.055733816964 56
570 0.1 3042.80078125 0.0 3498.2734375 3042.80078125 3295.749931469298 57
580 0.1 3035.28125 0.0 3498.2734375 3035.28125 3291.388739224138 58
590 0.1 3031.046875 0.0 3498.2734375 3031.046875 3287.047934322034 59
600 0.1 3032.7578125 0.0 3498.2734375 3031.046875 3282.78125 60
610 0.1 3003.34765625 0.0 3498.2734375 3003.34765625 3278.6825051229507 61
620 0.1 3003.9375 0.0 3498.2734375 3003.34765625 3274.2416204637098 62
630 0.1 3010.8984375 0.0 3498.2734375 3003.34765625 3269.9510788690477 63
640 0.1 3004.078125 0.0 3498.2734375 3003.34765625 3265.9033813476563 64
650 0.1 3003.58984375 0.0 3498.2734375 3003.34765625 3261.875300480769 65
660 0.1 3010.546875 0.0 3498.2734375 3003.34765625 3257.961884469697 66
670 0.1 3004.37890625 0.0 3498.2734375 3003.34765625 3254.2691231343283 67
680 0.1 3005.9765625 0.0 3498.2734375 3003.34765625 3250.5942670036766 68
690 0.1 3012.64453125 0.0 3498.2734375 3003.34765625 3247.049082880435 69
700 0.1 3008.2109375 0.0 3498.2734375 3003.34765625 3243.7004464285715 70
710 0.1 2996.5078125 0.0 3498.2734375 2996.5078125 3240.38369278169 71
720 0.1 2998.25390625 0.0 3498.2734375 2996.5078125 3236.996527777778 72
730 0.1 3004.56640625 0.0 3498.2734375 2996.5078125 3233.726080907534 73
740 0.1 3016.328125 0.0 3498.2734375 2996.5078125 3230.6293285472975 74
750 0.1 3026.08203125 0.0 3498.2734375 2996.5078125 3227.7719791666673 75
760 0.1 3029.62109375 0.0 3498.2734375 2996.5078125 3225.118164062501 76
770 0.1 3048.67578125 0.0 3498.2734375 2996.5078125 3222.5792410714294 77
780 0.1 3112.8203125 0.0 3498.2734375 2996.5078125 3220.3497095352573 78
790 0.1 3170.12109375 0.0 3498.2734375 2996.5078125 3218.988577927216 79
800 0.1 3193.59765625 0.0 3498.2734375 2996.5078125 3218.3777343750007 80
810 0.1 3202.19921875 0.0 3498.2734375 2996.5078125 3218.0718074845686 81
820 0.1 3221.5703125 0.0 3498.2734375 2996.5078125 3217.878239329269 82
830 0.1 3222.19140625 0.0 3498.2734375 2996.5078125 3217.922722138555 83
837 0.1 3222.22265625 0.0 3498.2734375 2996.5078125 3217.973539806548 84
