0 0.1 0.19921875 0 0.19921875 0.19921875 0 0
10 0.1 0.171875 0.0 0.19921875 0.171875 0.19921875 1
20 0.1 0.140625 0.0 0.19921875 0.140625 0.185546875 2
30 0.1 0.12109375 0.0 0.19921875 0.12109375 0.17057291666666666 3
40 0.1 0.1015625 0.0 0.19921875 0.1015625 0.158203125 4
50 0.1 0.078125 0.0 0.19921875 0.078125 0.146875 5
60 0.1 0.0703125 0.0 0.19921875 0.0703125 0.13541666666666666 6
70 0.1 0.05859375 0.0 0.19921875 0.05859375 0.12611607142857142 7
80 0.1 0.12890625 0.0 0.19921875 0.05859375 0.11767578125 8
90 0.1 0.109375 0.0 0.19921875 0.05859375 0.1189236111111111 9
100 0.1 0.08984375 0.0 0.19921875 0.05859375 0.11796875 10
110 0.1 0.078125 0.0 0.19921875 0.05859375 0.11541193181818182 11
120 0.1 0.140625 0.0 0.19921875 0.05859375 0.1123046875 12
130 0.1 0.12109375 0.0 0.19921875 0.05859375 0.11448317307692307 13
140 0.1 0.1015625 0.0 0.19921875 0.05859375 0.11495535714285714 14
150 0.1 0.078125 0.0 0.19921875 0.05859375 0.1140625 15
160 0.1 0.140625 0.0 0.19921875 0.05859375 0.11181640625 16
170 0.1 0.12109375 0.0 0.19921875 0.05859375 0.1135110294117647 17
180 0.1 0.1015625 0.0 0.19921875 0.05859375 0.11393229166666667 18
190 0.1 0.08984375 0.0 0.19921875 0.05859375 0.11328125 19
200 0.1 0.0703125 0.0 0.19921875 0.05859375 0.112109375 20
210 0.1 0.05859375 0.0 0.19921875 0.05859375 0.11011904761904762 21
220 0.1 0.05078125 0.0 0.19921875 0.05078125 0.10777698863636363 22
230 0.1 0.0390625 0.0 0.19921875 0.0390625 0.10529891304347826 23
240 0.1 0.0390625 0.0 0.19921875 0.0390625 0.1025390625 24
250 0.1 0.03125 0.0 0.19921875 0.03125 0.1 25
260 0.1 0.01953125 0.0 0.19921875 0.01953125 0.09735576923076923 26
270 0.1 0.01953125 0.0 0.19921875 0.01953125 0.09447337962962964 27
280 0.1 0.1015625 0.0 0.19921875 0.01953125 0.091796875 28
290 0.1 0.078125 0.0 0.19921875 0.01953125 0.09213362068965517 29
300 0.1 0.0703125 0.0 0.19921875 0.01953125 0.09166666666666666 30
310 0.1 0.05859375 0.0 0.19921875 0.01953125 0.09097782258064516 31
320 0.1 0.12109375 0.0 0.19921875 0.01953125 0.0899658203125 32
330 0.1 0.1015625 0.0 0.19921875 0.01953125 0.09090909090909091 33
340 0.1 0.08984375 0.0 0.19921875 0.01953125 0.09122242647058823 34
350 0.1 0.0703125 0.0 0.19921875 0.01953125 0.09118303571428571 35
360 0.1 0.05859375 0.0 0.19921875 0.01953125 0.0906032986111111 36
370 0.1 0.05078125 0.0 0.19921875 0.01953125 0.08973817567567567 37
380 0.1 0.12109375 0.0 0.19921875 0.01953125 0.08871299342105263 38
390 0.1 0.1796875 0.0 0.19921875 0.01953125 0.08954326923076923 39
400 0.1 0.30859375 0.0 0.30859375 0.01953125 0.091796875 40
410 0.1 0.48828125 0.0 0.48828125 0.01953125 0.09708460365853659 41
420 0.1 0.578125 0.0 0.578125 0.01953125 0.10639880952380952 42
430 0.1 0.62890625 0.0 0.62890625 0.01953125 0.11736918604651163 43
440 0.1 0.76171875 0.0 0.76171875 0.01953125 0.1289950284090909 44
450 0.1 1.03125 0.0 1.03125 0.01953125 0.14305555555555555 45
460 0.1 1.03125 0.0 1.03125 0.01953125 0.16236413043478262 46
470 0.1 1.109375 0.0 1.109375 0.01953125 0.18085106382978725 47
480 0.1 0.94140625 0.0 1.109375 0.01953125 0.2001953125 48
490 0.1 1.1015625 0.0 1.109375 0.01953125 0.21532206632653061 49
500 0.1 1.171875 0.0 1.171875 0.01953125 0.233046875 50
510 0.1 1.05859375 0.0 1.171875 0.01953125 0.25145526960784315 51
520 0.1 1.12890625 0.0 1.171875 0.01953125 0.26697716346153844 52
530 0.1 1.109375 0.0 1.171875 0.01953125 0.2832399764150943 53
540 0.1 1.1015625 0.0 1.171875 0.01953125 0.29853877314814814 54
550 0.1 1.078125 0.0 1.171875 0.01953125 0.3131392045454545 55
560 0.1 1.1484375 0.0 1.171875 0.01953125 0.32679966517857145 56
570 0.1 1.19921875 0.0 1.19921875 0.01953125 0.3412143640350877 57
580 0.1 1.25 0.0 1.25 0.01953125 0.3560075431034483 58
590 0.1 1.2890625 0.0 1.2890625 0.01953125 0.3711599576271186 59
600 0.1 1.25 0.0 1.2890625 0.01953125 0.38645833333333335 60
610 0.1 1.2109375 0.0 1.2890625 0.01953125 0.40061475409836067 61
620 0.1 1.1796875 0.0 1.2890625 0.01953125 0.4136844758064516 62
630 0.1 1.21875 0.0 1.2890625 0.01953125 0.42584325396825395 63
640 0.1 1.19140625 0.0 1.2890625 0.01953125 0.438232421875 64
650 0.1 1.16015625 0.0 1.2890625 0.01953125 0.44981971153846156 65
660 0.1 1.12890625 0.0 1.2890625 0.01953125 0.46058238636363635 66
670 0.1 1.109375 0.0 1.2890625 0.01953125 0.4705573694029851 67
680 0.1 1.1015625 0.0 1.2890625 0.01953125 0.47995174632352944 68
690 0.1 1.078125 0.0 1.2890625 0.01953125 0.488960597826087 69
700 0.1 1.0703125 0.0 1.2890625 0.01953125 0.4973772321428571 70
710 0.1 1.05859375 0.0 1.2890625 0.01953125 0.5054467429577465 71
720 0.1 1.12109375 0.0 1.2890625 0.01953125 0.5131293402777778 72
730 0.1 1.1015625 0.0 1.2890625 0.01953125 0.5214576198630136 73
740 0.1 1.08984375 0.0 1.2890625 0.01953125 0.5292968749999999 74
750 0.1 1.0703125 0.0 1.2890625 0.01953125 0.5367708333333332 75
760 0.1 1.2890625 0.0 1.2890625 0.01953125 0.5437911184210525 76
770 0.1 1.171875 0.0 1.2890625 0.01953125 0.5534699675324675 77
780 0.1 0.98828125 0.0 1.2890625 0.01953125 0.5613982371794871 78
790 0.1 0.83984375 0.0 1.2890625 0.01953125 0.5668018196202531 79
800 0.1 0.7109375 0.0 1.2890625 0.01953125 0.5702148437499999 80
810 0.1 0.6015625 0.0 1.2890625 0.01953125 0.571952160493827 81
820 0.1 0.51171875 0.0 1.2890625 0.01953125 0.5723132621951218 82
830 0.1 0.4296875 0.0 1.2890625 0.01953125 0.5715832078313251 83
837 0.1 0.359375 0.0 1.2890625 0.01953125 0.5698939732142856 84
