0 1.7 7.221705882352942 0.6586214448470813 9.07 6.55 0 0
10 3.6 54.16352777777778 61.08643023322052 215.101 6.391 7.221705882352942 17
20 9.9 48.326777777777764 41.40544578552552 215.101 5.852 39.106716981132074 53
30 15.1 52.355357615894036 40.83140909804258 215.101 5.852 45.111888157894725 152
40 18.9 46.35861904761903 38.06435171751887 215.101 5.593 48.72166996699669 303
50 20.4 49.49054411764703 40.911092053773956 359.707 5.593 47.813912601626 492
60 21.3 43.521192488262926 32.86760929395441 359.707 5.109 48.30533908045975 696
70 20.7 46.73342995169083 38.08081800063847 359.707 5.109 47.184301430143 909
80 21.8 46.646293577981645 35.794890906206234 359.707 5.109 47.100672043010746 1116
90 23.4 45.42667948717949 39.321921332369634 359.707 5.109 47.026418290854565 1334
100 28.4 52.98645774647883 39.96003893118746 359.707 5.109 46.78768176020407 1568
110 30.4 48.73380263157894 38.7058244507851 359.707 5.109 47.73824999999999 1852
120 31 48.63134193548388 35.56631513455987 359.707 5.109 47.87862476808904 2156
130 28 50.48455714285715 39.31372014990831 359.707 5.109 47.97324858069747 2466
140 29 49.13191034482758 43.370529783350754 359.707 5.109 48.229317916970125 2746
150 32.6 49.8858466257669 39.54180975600582 359.707 5.109 48.31553392621869 3036
160 39.6 51.99201010101011 39.76507662160503 359.707 5.109 48.46780101130279 3362
170 42.3 51.62733333333335 42.9630252932668 359.707 5.109 48.83916524747205 3758
180 45.2 49.0646128318584 37.99515149259486 359.707 5.109 49.121249701028454 4181
190 44.9 56.86074164810687 50.555547657843434 359.707 5.109 49.11572415281674 4633
200 50.8 63.512145669291485 55.02500734228167 359.707 5.109 49.80000452577725 5082
210 61.2 51.760398692810455 41.96534657922233 359.707 5.109 51.04611681574241 5590
220 77.1 60.11465888456555 48.025097483989306 359.707 5.109 51.11660061270559 6202
230 81.3 61.852901599015986 49.21678600474949 359.707 5.109 52.11150996701565 6973
240 79 56.22917215189878 43.65051951874616 359.707 5.109 53.128688415104044 7786
250 82.9 77.22637876960201 84.73309070095281 626.988 5.109 53.41429734141793 8576
260 90.6 65.27812472406171 55.66370345901924 626.988 5.109 55.51320382775122 9405
270 99.2 63.76897278225797 51.562489299512656 626.988 5.109 56.371221317040074 10311
280 110 65.94193454545463 53.61021525796002 626.988 5.109 57.0204798726002 11303
290 113 69.05278849557517 62.456254417604185 626.988 5.109 57.811707812626 12403
300 121 69.57473305785138 60.20241260268657 626.988 5.109 58.75033348112024 13533
310 129.8 79.30337211093993 75.64776293168234 626.988 5.109 59.63872278369398 14743
320 137.7 95.15288743645611 93.04670530825655 626.988 5.109 61.22993996633628 16041
330 150.3 155.2820738522954 169.75596084751186 870.168 5.109 63.91175754966128 17418
340 145.6 279.05273695054973 292.5628717748099 1400.125 5.109 71.16980867818826 18921
350 142.4 691.556404494382 627.2504146976378 3028.656 5.109 86.02369018992003 20377
360 146.2 1046.1771573187411 830.7642709645675 3545.888 5.109 125.57593940644928 21801
370 137 1692.3044131386832 1223.1988298175431 4700.157 5.109 183.43257787043805 23263
380 144.7 2180.297225293708 1516.0092706800572 6259.387 0.461 267.3506720659277 24633
390 189 1967.80563915344 1977.1884335669097 6371.378 0.449 373.4869321319016 26080
400 254.9 1506.375030600235 2102.262304457074 6914.155 0.438 481.2188719342151 27970
410 300.4 1265.1400858854886 1973.779737182925 7105.805 0.421 566.8416986467445 30519
420 349 1148.6195805157593 1890.871407521578 7105.805 0.421 629.4162998240015 33523
430 335 1094.2415922388088 1762.628657526261 7105.805 0.421 678.372597600843 37013
440 348.8 1108.8080455848603 1729.421858180987 7105.805 0.421 712.8883950400123 40363
450 343.3 1113.3337357995915 1762.3165348379562 7105.805 0.421 744.3806698136874 43851
460 349.8 1085.5303081761049 1785.5408359542328 7276.151 0.421 771.1680794137553 47284
470 355.8 1075.8203001686354 1858.4303441497755 7984.764 0.421 792.8221906384156 50782
480 372.8 1060.8157902360438 1865.6341755338576 7984.764 0.421 811.351952760398 54340
490 405.2 935.5799869200395 1755.8910877049893 7984.764 0.421 827.367678910932 58068
500 422 936.7439215639805 1704.2168038966652 7984.764 0.421 834.4262151641983 62120
510 452.7 849.3213664678598 1713.172932922626 7984.764 0.42 840.9348181338559 66340
520 440.7 852.1637576582696 1653.350679797215 7984.764 0.42 841.4705527396391 70867
530 463.7 813.195831787793 1685.6435672671357 8366.921 0.42 842.0965983075164 75274
540 478.4 816.8851969063534 1707.106062576096 8366.921 0.42 840.419571936279 79911
550 507.4 766.2811957035876 1686.2790639958196 8440.141 0.42 839.0902319499378 84695
560 540.2 733.7504042947036 1608.8030360727066 9174.726 0.42 834.9748574897791 89769
570 564.2 694.646511166252 1516.2679582143614 9174.726 0.42 829.2292575049119 95171
580 592.1 644.4594350616461 1481.2208750308369 9174.726 0.42 821.6973334986556 100813
590 610.4 645.2477722804697 1559.7198421193289 9174.726 0.42 811.8651750801055 106734
600 599.5 631.2277806505446 1472.2155321291546 9174.726 0.42 802.8519647547807 112838
610 662.3 587.9400341235088 1407.4930303336193 9174.726 0.42 794.1937049809394 118833
620 670.3 597.8844759063122 1437.7433254610971 9174.726 0.42 783.3052814532583 125456
630 697.6 560.7948592316493 1363.219987807598 9174.726 0.42 773.9008847827237 132159
640 711.2 542.9106770247471 1351.6894646843145 9174.726 0.42 763.2160992561178 139135
650 721 554.3314889042969 1456.8542395699214 9174.726 0.42 752.502633934371 146247
660 725.6 553.3496052921695 1394.5281572304611 9174.726 0.42 743.1917914464634 153457
670 716.5 558.1921163991626 1385.0974336225097 9174.726 0.42 734.6206434824807 160713
680 723.8 560.8520160265304 1354.2495997630065 9174.726 0.42 727.0907086693904 167878
690 689.6 531.4327800174038 1328.0125893917016 9174.726 0.42 720.2196308846704 175116
700 766.5 533.6772943248493 1340.911368271015 9174.726 0.42 713.0669479649692 182012
710 774 526.1515375969011 1351.3394252157257 9174.726 0.42 705.8176678985852 189677
720 714.7 550.4105188190845 1416.7666342032558 9174.726 0.42 698.7736147089661 197417
730 641.1 599.11779722352 1517.4227439352624 9721.244 0.42 693.590146228075 204564
740 478.9 780.0439548966395 1731.5896271432227 9721.244 0.42 690.7193689821065 210975
750 336.4 1165.4179250891864 2003.414284650378 9721.244 0.42 692.7019770258242 215764
760 185 1989.47470054054 2287.575485377909 9721.244 0.42 699.9589978049357 219128
770 127.1 2279.161195908735 2003.8811517303122 9721.244 0.42 710.7546609481486 220978
780 103.7 1402.3168514946954 1279.9560148717214 9721.244 0.42 719.7240813097021 222249
790 86.4 277.7663310185181 341.90138835674895 9721.244 0.42 722.8942249939538 223286
800 34.4 102.68393023255813 119.71747844628129 9721.244 0.42 721.1784520722729 224150
810 5.3 74.76852830188679 97.99718939916589 9721.244 0.42 720.2307113063155 224494
820 0.6 60.160833333333336 28.208118154275294 9721.244 0.42 720.0783623740241 224547
830 0.5 45.706799999999994 34.89336519970522 9721.244 0.42 720.0607295426914 224553
837 0.2 133.54999999999998 116.859 9721.244 0.42 720.0457144034058 224558
