10 0.1 497 0 497 497 0 0
20 0.1 541.0 0.0 541 497 497.0 1
30 0.1 1316.0 0.0 1316 497 519.0 2
40 0.1 1884.0 0.0 1884 497 784.6666666666666 3
50 0.1 2019.0 0.0 2019 497 1059.5 4
60 0.1 2069.0 0.0 2069 497 1251.4 5
70 0.1 2301.0 0.0 2301 497 1387.6666666666667 6
80 0.1 2146.0 0.0 2301 497 1518.142857142857 7
90 0.1 2202.0 0.0 2301 497 1596.625 8
100 0.1 2634.0 0.0 2634 497 1663.888888888889 9
110 0.1 3172.0 0.0 3172 497 1760.9 10
120 0.1 3151.0 0.0 3172 497 1889.1818181818182 11
130 0.1 3142.0 0.0 3172 497 1994.3333333333333 12
140 0.1 2781.0 0.0 3172 497 2082.6153846153848 13
150 0.1 3099.0 0.0 3172 497 2132.5 14
160 0.1 3755.0 0.0 3755 497 2196.9333333333334 15
170 0.1 4353.0 0.0 4353 497 2294.3125 16
180 0.1 4330.0 0.0 4353 497 2415.4117647058824 17
190 0.1 4801.0 0.0 4801 497 2521.777777777778 18
200 0.1 4791.0 0.0 4801 497 2641.7368421052633 19
210 0.1 5604.0 0.0 5604 497 2749.2 20
220 0.1 6951.0 0.0 6951 497 2885.1428571428573 21
230 0.1 8594.0 0.0 8594 497 3069.9545454545455 22
240 0.1 8809.0 0.0 8809 497 3310.1304347826085 23
250 0.1 8685.0 0.0 8809 497 3539.25 24
260 0.1 8913.0 0.0 8913 497 3745.08 25
270 0.1 10087.0 0.0 10087 497 3943.846153846154 26
280 0.1 10995.0 0.0 10995 497 4171.37037037037 27
290 0.1 12186.0 0.0 12186 497 4415.071428571428 28
300 0.1 11836.0 0.0 12186 497 4683.0344827586205 29
310 0.1 1.33e4 0.0 13300 497 4921.466666666666 30
320 0.1 14393.0 0.0 14393 497 5191.741935483871 31
330 0.1 1.54e4 0.0 15400 497 5479.28125 32
340 0.1 16669.0 0.0 16669 497 5779.909090909091 33
350 0.1 16558.0 0.0 16669 497 6100.176470588235 34
360 0.1 16339.0 0.0 16669 497 6398.971428571429 35
370 0.1 16595.0 0.0 16669 497 6675.083333333333 36
380 0.1 16253.0 0.0 16669 497 6943.189189189189 37
390 0.1 16553.0 0.0 16669 497 7188.184210526316 38
400 0.1 19162.0 0.0 19162 497 7428.307692307692 39
410 0.1 22839.0 0.0 22839 497 7721.65 40
420 0.1 26103.0 0.0 26103 497 8090.365853658536 41
430 0.1 28171.0 0.0 28171 497 8519.238095238095 42
440 0.1 28002.0 0.0 28171 497 8976.255813953489 43
450 0.1 28516.0 0.0 28516 497 9408.65909090909 44
460 0.1 28532.0 0.0 28532 497 9833.266666666665 45
470 0.1 28172.0 0.0 28532 497 10239.760869565214 46
480 0.1 28650.0 0.0 28650 497 10621.297872340423 47
490 0.1 29609.0 0.0 29609 497 10996.89583333333 48
500 0.1 30921.0 0.0 30921 497 11376.734693877548 49
510 0.1 32619.0 0.0 32619 497 11767.619999999997 50
520 0.1 33841.0 0.0 33841 497 12176.470588235292 51
530 0.1 34150.0 0.0 34150 497 12593.096153846152 52
540 0.1 33413.0 0.0 34150 497 12999.830188679243 53
550 0.1 36131.0 0.0 36131 497 13377.85185185185 54
560 0.1 36661.0 0.0 36661 497 13791.545454545452 55
570 0.1 37675.0 0.0 37675 497 14199.928571428569 56
580 0.1 41108.0 0.0 41108 497 14611.77192982456 57
590 0.1 41144.0 0.0 41144 497 15068.60344827586 58
600 0.1 42032.0 0.0 42032 497 15510.559322033896 59
610 0.1 43626.0 0.0 43626 497 15952.583333333332 60
620 0.1 45330.0 0.0 45330 497 16406.245901639344 61
630 0.1 45692.0 0.0 45692 497 16872.75806451613 62
640 0.1 48533.0 0.0 48533 497 17330.20634920635 63
650 0.1 46903.0 0.0 48533 497 17817.75 64
660 0.1 48844.0 0.0 48844 497 18265.215384615385 65
670 0.1 48241.0 0.0 48844 497 18728.530303030304 66
680 0.1 47845.0 0.0 48844 497 19169.014925373136 67
690 0.1 47588.0 0.0 48844 497 19590.720588235294 68
700 0.1 49248.0 0.0 49248 497 19996.478260869564 69
710 0.1 50192.0 0.0 50192 497 20414.35714285714 70
720 0.1 50618.0 0.0 50618 497 20833.76056338028 71
730 0.1 46095.0 0.0 50618 497 21247.430555555555 72
740 0.1 40339.0 0.0 50618 497 21587.80821917808 73
750 0.1 30696.0 0.0 50618 497 21841.202702702703 74
760 0.1 20441.0 0.0 50618 497 21959.266666666666 75
770 0.1 12438.0 0.0 50618 497 21939.28947368421 76
780 0.1 9805.0 0.0 50618 497 21815.896103896102 77
790 0.1 9590.0 0.0 50618 497 21661.910256410258 78
800 0.1 5452.0 0.0 50618 497 21509.101265822785 79
810 0.1 1064.0 0.0 50618 497 21308.3875 80
820 0.1 135.0 0.0 50618 135 21058.456790123455 81
830 0.1 58.0 0.0 50618 58 20803.292682926825 82
837 0.1 32.0 0.0 50618 32 20553.34939759036 83
