0 1.7 7.221705882352942 0.6586214448470813 9.07 6.55 0 0
10 5.1 39.57968627450981 33.46073902790751 114.493 6.391 7.221705882352942 17
20 15.2 30.956394736842082 24.39173176081499 114.493 5.852 31.490191176470596 68
30 24.1 32.755813278008304 26.35268917034281 142.395 5.852 31.12138636363635 220
40 28 31.25196428571427 25.29534683378707 142.395 5.593 31.975826464208243 461
50 31.7 31.924895899053624 27.978707283583642 278.321 5.593 31.702302294197025 741
60 31.9 28.893062695924783 21.329858309292675 278.321 5.109 31.76899621928166 1058
70 30.1 32.096445182724274 25.285303427677498 278.321 5.109 31.102748729121277 1377
80 32.8 30.9808109756098 22.758801192915683 278.321 5.109 31.280998212157336 1678
90 34.4 30.86212209302325 25.211365457222882 278.321 5.109 31.231914755732813 2006
100 44.4 33.88075225225226 25.81773375728483 278.321 5.109 31.177783404255326 2350
110 45.9 32.20574291939001 26.321709254899964 278.321 5.109 31.607317465998573 2794
120 47 32.01953829787231 23.660294753870286 278.321 5.109 31.691755610205973 3253
130 39.9 35.389591478696694 27.56875424820684 278.321 5.109 31.73313564329842 3723
140 42.6 33.40726056338032 26.491674929638673 278.321 5.109 32.087072052401744 4122
150 49.6 32.74611491935482 25.155612515483153 278.321 5.109 32.2107308707124 4548
160 61.3 33.68474061990216 26.718598591760006 278.321 5.109 32.26337767644727 5044
170 63.8 34.05779467084643 30.379967383039055 278.321 5.109 32.41739844440517 5657
180 67.4 32.88093471810086 25.845733234730307 278.321 5.109 32.58365305798254 6295
190 64.8 39.35549074074074 34.11885852260766 278.321 5.109 32.612404362175354 6969
200 76.7 42.09597913950461 35.930742857606425 278.321 5.109 33.18605802809506 7617
210 91.9 34.48955712731231 28.58759614919557 278.321 5.109 34.00117127862597 8384
220 118.9 38.873607232968894 32.40557420948712 278.321 5.109 34.04941663979363 9303
230 123.4 40.80014505672608 35.361662976786306 278.321 5.109 34.59611532596265 10492
240 118.3 37.393251901944204 31.31575164864274 278.321 5.109 35.249004008186944 11726
250 120.9 52.943853598014876 63.66862784320707 603.159 5.109 35.445506081028746 12909
260 134.9 43.77610081541877 38.85537461039814 603.159 5.109 36.943983354582805 14118
270 152.7 41.44547740667973 37.12799598914 603.159 5.109 37.53986661925389 15467
280 166.1 43.637494280553916 39.061734979139004 603.159 5.109 37.89080622572672 16994
290 168.8 46.382271919431346 47.04018692153198 603.159 5.109 38.40247863843473 18655
300 180.1 46.59584508606325 44.5094246200845 603.159 5.109 39.0646175097085 20343
310 194 53.04709278350517 58.16488276802585 603.159 5.109 39.67714193460982 22144
320 208.8 62.747772030651184 72.0915254766703 603.159 5.109 40.75411023916293 24084
330 225.1 104.08715770768588 135.2998384805903 861.48 5.109 42.50876276173008 26172
340 221.4 189.19339159891624 227.84156460058796 1216.854 5.109 47.3855515251733 28423
350 213.5 476.20982295082 435.3246976702583 2106.94 5.109 57.63337467767735 30637
360 217.9 718.4612395594296 516.2173840799961 2738.647 5.109 84.9024066886367 32772
370 206.1 1163.5950984958763 657.6644969247651 3187.969 5.109 124.40126786071927 34951
380 216.4 1548.3812749537867 828.4122493723426 3929.363 0.411 182.2684051388739 37012
390 290.8 1280.393739683633 1120.4591106950618 4020.084 0.372 257.72961226260963 39176
400 394.8 976.6082211246194 1250.0031036642856 4323.009 0.372 328.3955965450052 42084
410 467.8 806.5755371953811 1154.8292160863734 4408.808 0.372 383.99047493048306 46032
420 528.9 751.0225719417652 1144.6883733516977 4585.833 0.372 422.97396775783847 50710
430 499.1 738.1666541775178 1107.080137991762 4585.833 0.372 453.9575400989301 55999
440 514.3 743.6077188411441 1078.0793941139132 4585.833 0.369 477.21524936874863 60990
450 511.2 750.2683538732368 1095.558140870006 4585.833 0.369 497.93193348252737 66133
460 523.9 724.8390477190284 1113.496825431327 4587.551 0.364 516.0376781809246 71245
470 535.6 720.1243691187447 1158.8583719642895 4640.299 0.364 530.3401515741849 76484
480 561 709.81105561497 1141.7025110847367 4799.775 0.364 542.7605360948187 81840
490 604.3 616.6717385404572 1092.201679021994 4948.535 0.364 553.4769845168662 87450
500 637.2 623.0290128687986 1059.628218233267 4948.535 0.364 557.5616314804311 93493
510 681.4 556.193208834753 1065.53319626401 4988.757 0.364 561.7388522705645 99865
520 660.4 573.2944108116267 1049.6327317286612 4988.757 0.364 561.384630592712 106679
530 692.4 551.8699221548242 1095.1509806794202 5093.002 0.364 562.0789288419261 113283
540 720.4 540.0023713214862 1060.4941349756675 5120.84 0.364 561.4908835342361 120207
550 755.9 506.3005306257422 1063.4632228125693 5327.967 0.364 560.2758923483836 127411
560 809.8 488.8415676710287 1038.5352383156692 5327.967 0.364 557.2530001555893 134970
570 851.4 461.5239362226923 971.3546635045747 5327.967 0.364 553.3807451421693 143068
580 892.1 432.29655161977394 957.1610960484762 5327.967 0.364 548.2213669103184 151582
590 915.9 428.3054545256023 1002.5180285440554 5327.967 0.364 541.7780899796257 160503
600 899.8 412.18134918870925 927.4479424800084 5327.967 0.364 535.6524055710759 169662
610 990 397.1786322222221 936.1316468554114 5327.967 0.364 529.4339315683413 178660
620 1009 392.23044499504573 924.9017305940898 5327.967 0.364 522.4901075148487 188560
630 1047.3 366.9770571946893 881.7593395795984 5327.967 0.364 515.8738477875654 198650
640 1070.6 367.3094014571299 899.5262445849662 5327.967 0.364 508.4170109600563 209123
650 1089.5 365.8417928407524 950.2065963466521 5645.374 0.364 501.5448600275664 219829
660 1085.4 363.90800018426256 895.847418247695 5645.374 0.364 495.1368360812048 230724
670 1068 370.32743249063867 911.9286435349698 5645.374 0.364 489.24077855599387 241578
680 1075.2 376.0980550595232 911.3776003801577 5645.374 0.364 484.2062720746216 252258
690 1044 352.3458317049814 868.8945347845768 5645.374 0.364 479.78674601345915 263010
700 1156.6 350.18483313159254 878.3545793926633 5645.374 0.364 474.9212015066736 273450
710 1169.9 347.0011315497043 891.703310374965 5645.374 0.364 469.85937748056216 285016
720 1091.8 360.5967198204784 932.117754601535 5645.374 0.364 465.015272466845 296715
730 983 389.1891387589006 984.6773728237733 5723.514 0.364 461.30942245142717 307633
740 713.4 520.623836697506 1135.3624269261195 5940.392 0.364 459.0762727971445 317463
750 487.8 798.0793253382525 1329.4977777693325 5940.392 0.364 460.42896650924035 324597
760 255.6 1438.5916032863818 1520.1377442496557 6181.147 0.364 465.4280057394336 329475
770 173 1572.5678156069375 1163.8750450628293 6181.147 0.364 472.9194934479006 332031
780 143 958.5508020979031 852.9709824961676 6181.147 0.364 478.61935531712777 333761
790 115.9 205.1919421915447 286.01388882737507 6181.147 0.364 480.6668505329794 335191
800 41.4 85.25714492753623 112.80645322138992 6181.147 0.364 479.717614859521 336350
810 5.7 69.51177192982458 95.75251500155713 6181.147 0.364 479.23268584528006 336764
820 1 36.036699999999996 26.694722085273714 6181.147 0.364 479.1633490399943 336821
830 0.7 32.60371428571428 26.563286525978377 6181.147 0.364 479.1501932838721 336831
837 0.2 133.54999999999998 116.859 6181.147 0.364 479.14091337675654 336838
