10 0.1 347 0 347 347 0 0
20 0.1 280.0 0.0 347 280 347.0 1
30 0.1 719.0 0.0 719 280 313.5 2
40 0.1 1031.0 0.0 1031 280 448.6666666666667 3
50 0.1 1125.0 0.0 1125 280 594.25 4
60 0.1 1128.0 0.0 1128 280 700.4 5
70 0.1 1286.0 0.0 1286 280 771.6666666666666 6
80 0.1 1166.0 0.0 1286 280 845.1428571428571 7
90 0.1 1267.0 0.0 1286 280 885.25 8
100 0.1 1560.0 0.0 1560 280 927.6666666666666 9
110 0.1 1850.0 0.0 1850 280 990.9 10
120 0.1 1805.0 0.0 1850 280 1069.0 11
130 0.1 1820.0 0.0 1850 280 1130.3333333333333 12
140 0.1 1701.0 0.0 1850 280 1183.3846153846155 13
150 0.1 1860.0 0.0 1860 280 1220.357142857143 14
160 0.1 2154.0 0.0 2154 280 1263.0 15
170 0.1 2489.0 0.0 2489 280 1318.6875 16
180 0.1 2531.0 0.0 2531 280 1387.5294117647059 17
190 0.1 2840.0 0.0 2840 280 1451.0555555555557 18
200 0.1 2849.0 0.0 2849 280 1524.157894736842 19
210 0.1 3277.0 0.0 3277 280 1590.4 20
220 0.1 3986.0 0.0 3986 280 1670.7142857142858 21
230 0.1 4898.0 0.0 4898 280 1775.9545454545455 22
240 0.1 5078.0 0.0 5078 280 1911.695652173913 23
250 0.1 5075.0 0.0 5078 280 2043.625 24
260 0.1 5257.0 0.0 5257 280 2164.88 25
270 0.1 5946.0 0.0 5946 280 2283.8076923076924 26
280 0.1 6195.0 0.0 6195 280 2419.4444444444443 27
290 0.1 6990.0 0.0 6990 280 2554.285714285714 28
300 0.1 6974.0 0.0 6990 280 2707.2413793103447 29
310 0.1 7822.0 0.0 7822 280 2849.4666666666667 30
320 0.1 8222.0 0.0 8222 280 3009.8709677419356 31
330 0.1 8894.0 0.0 8894 280 3172.75 32
340 0.1 9295.0 0.0 9295 280 3346.121212121212 33
350 0.1 9079.0 0.0 9295 280 3521.0882352941176 34
360 0.1 8998.0 0.0 9295 280 3679.885714285714 35
370 0.1 9282.0 0.0 9295 280 3827.6111111111113 36
380 0.1 9156.0 0.0 9295 280 3975.027027027027 37
390 0.1 9258.0 0.0 9295 280 4111.368421052632 38
400 0.1 11709.0 0.0 11709 280 4243.333333333333 39
410 0.1 15305.0 0.0 15305 280 4429.975 40
420 0.1 17974.0 0.0 17974 280 4695.219512195122 41
430 0.1 20039.0 0.0 20039 280 5011.380952380952 42
440 0.1 20018.0 0.0 20039 280 5360.860465116279 43
450 0.1 20192.0 0.0 20192 280 5693.977272727272 44
460 0.1 20328.0 0.0 20328 280 6016.155555555555 45
470 0.1 20181.0 0.0 20328 280 6327.282608695652 46
480 0.1 20749.0 0.0 20749 280 6622.04255319149 47
490 0.1 21538.0 0.0 21538 280 6916.354166666667 48
500 0.1 23006.0 0.0 23006 280 7214.755102040816 49
510 0.1 24249.0 0.0 24249 280 7530.58 50
520 0.1 25584.0 0.0 25584 280 7858.392156862745 51
530 0.1 25733.0 0.0 25733 280 8199.26923076923 52
540 0.1 25868.0 0.0 25868 280 8530.094339622641 53
550 0.1 27562.0 0.0 27562 280 8851.166666666666 54
560 0.1 28288.0 0.0 28288 280 9191.363636363636 55
570 0.1 29826.0 0.0 29826 280 9532.375 56
580 0.1 32135.0 0.0 32135 280 9888.40350877193 57
590 0.1 32909.0 0.0 32909 280 10271.965517241379 58
600 0.1 33925.0 0.0 33925 280 10655.64406779661 59
610 0.1 34966.0 0.0 34966 280 11043.466666666667 60
620 0.1 36598.0 0.0 36598 280 11435.639344262296 61
630 0.1 37045.0 0.0 37045 280 11841.483870967742 62
640 0.1 38969.0 0.0 38969 280 12241.539682539682 63
650 0.1 39056.0 0.0 39056 280 12659.15625 64
660 0.1 40419.0 0.0 40419 280 13065.261538461538 65
670 0.1 39418.0 0.0 40419 280 13479.712121212122 66
680 0.1 39235.0 0.0 40419 280 13866.850746268658 67
690 0.1 39293.0 0.0 40419 280 14239.911764705883 68
700 0.1 40630.0 0.0 40630 280 14603.0 69
710 0.1 41957.0 0.0 41957 280 14974.814285714287 70
720 0.1 42410.0 0.0 42410 280 15354.845070422536 71
730 0.1 38750.0 0.0 42410 280 15730.611111111111 72
740 0.1 33680.0 0.0 42410 280 16045.945205479453 73
750 0.1 24362.0 0.0 42410 280 16284.243243243243 74
760 0.1 14735.0 0.0 42410 280 16391.946666666667 75
770 0.1 8345.0 0.0 42410 280 16370.144736842105 76
780 0.1 5898.0 0.0 42410 280 16265.922077922078 77
790 0.1 5366.0 0.0 42410 280 16133.0 78
800 0.1 3414.0 0.0 42410 280 15996.708860759494 79
810 0.1 810.0 0.0 42410 280 15839.425 80
820 0.1 98.0 0.0 42410 98 15653.876543209877 81
830 0.1 27.0 0.0 42410 27 15464.170731707318 82
837 0.1 23.0 0.0 42410 23 15278.180722891566 83
