40 0.5 41104.988 3509.7615985166276 44107.442 34459.708 0 0
50 1.1 45025.104090909095 5428.928796876221 57060.822 34459.708 41104.988 5
60 0.9 45213.09177777778 4413.294465888714 57060.822 34459.708 43800.0678125 16
70 0.8 47319.85475 8615.741205200424 66456.663 34459.708 44308.75644 25
80 1.4 52741.931999999986 9159.771369356762 76430.755 34459.708 45038.719666666664 33
90 1.2 51516.892 6401.99957696725 76430.755 34459.708 47333.293553191485 47
100 0.4 45137.9965 6583.615392499795 76430.755 34459.708 48184.19493220338 59
110 1.6 46187.72337500001 3626.808604394065 76430.755 34459.708 47990.7855079365 63
120 1.2 46475.12475000001 4881.522748082749 76430.755 34459.708 47625.60836708861 79
130 2.2 50366.975681818185 10801.646622503893 76430.755 34459.708 47473.896241758244 91
140 1.4 44819.88614285715 3824.2355153299736 76430.755 34459.708 48037.1506460177 113
150 1.3 48798.23615384615 8898.273446198487 76430.755 34459.708 47682.49156692914 127
160 0.8 47597.277624999995 5693.2840818075265 76430.755 34459.708 47786.09642142858 140
170 2 48369.99535 9673.68383841424 77614.442 34459.708 47775.89000000001 148
180 2.1 45735.87785714286 6183.386329797168 77614.442 34459.708 47846.61682738095 168
190 2.1 48658.275047619056 9055.056010316403 77614.442 34459.708 47612.09027513228 189
200 2.5 49801.12268 7957.075528329726 77614.442 34459.708 47716.70875238096 210
210 1.8 47277.33827777778 8019.750888139272 77614.442 34459.708 47938.45491489362 235
220 2.3 47488.33230434782 9819.41689644465 88502.291 34459.708 47891.41894861661 253
230 3.7 48631.500243243216 9216.328951567903 88502.291 34459.708 47857.828394927536 276
240 3.4 48842.726205882376 6224.5706391774875 88502.291 34459.708 47949.284811501595 313
250 5 48912.30829999999 9163.724880035446 88502.291 34459.708 48036.82661959655 347
260 4 51561.96287499999 9928.651568034744 88502.291 34459.708 48147.08879596977 397
270 3.7 47208.00756756756 6199.761290341321 88502.291 34459.708 48459.66308237986 437
280 3.9 51262.33341025642 8820.419930827085 88502.291 34459.708 48361.96001476794 474
290 5.6 49474.30975000001 10004.396212064798 88502.291 34459.708 48582.45623781677 513
300 6.1 48903.39272131146 7948.381104973303 88502.291 34459.708 48670.230924428826 569
310 5.3 49292.88403773586 9799.967339899607 89423.324 34459.708 48692.80690793651 630
320 4.6 52122.69843478262 7833.835875460477 89423.324 34459.708 48739.37219033675 683
330 7.2 49835.178902777785 8609.85765900056 89423.324 34459.708 48952.86054046639 729
340 5.8 48178.83312068965 9344.930847613052 89423.324 34459.708 49032.17005617977 801
350 4.9 50747.17875510204 9013.379039429195 89423.324 34459.708 48974.55242840512 859
360 6 56028.52418333334 10214.855522371588 103832.569 34459.708 49070.211778634366 908
370 4.1 58362.9331707317 8432.569301713544 103832.569 34459.708 49501.51213429752 968
380 4.7 64534.11357446809 7506.818418300377 103832.569 34459.708 49861.58969871159 1009
390 3.4 70946.63644117645 9151.91287848949 103832.569 34459.708 50514.62816666666 1056
400 4.6 74220.35802173911 8889.915519487278 103832.569 34459.708 51151.95686513761 1090
410 7.5 78279.04450666663 11570.130608801064 124459.558 34459.708 52086.0646584507 1136
420 10.6 76289.74276415093 15090.793069560563 124459.558 34459.708 53708.255813377364 1211
430 18.4 71545.24896739122 16980.647325326994 124459.558 34459.708 55525.748309035676 1317
440 19.6 73494.61879081637 16168.037302679468 124459.558 34459.708 57489.49789007327 1501
450 18.4 72864.48486413047 18633.880388928646 135141.335 34459.708 59338.0563441367 1697
460 17.5 72358.3669428572 19899.260033497016 135141.335 34459.708 60661.21575279106 1881
470 15.6 71172.40478205132 21116.265994617275 135141.335 34459.708 61656.83903015564 2056
480 17.9 69463.9371620112 19370.19625573285 135141.335 34459.708 62327.918712477396 2212
490 17.1 67715.13021052627 17882.758386442456 135141.335 34459.708 62862.15012296111 2391
500 18.8 70376.13520212758 19286.461909424448 135141.335 34459.708 63186.06097189696 2562
510 19.5 68933.92187692305 16709.25457589653 135141.335 34459.708 63677.600591999995 2750
520 23 66867.48857826086 16443.356793562405 135141.335 34459.708 64025.64223904924 2945
530 23.3 66760.39145493558 18443.022290716337 135141.335 34459.708 64231.50827307086 3175
540 21.3 66537.69504694836 18741.334938452546 143363.8 34459.708 64404.404335680745 3408
550 21.9 64505.74365296802 17173.5369582391 143363.8 34459.708 64529.89202457884 3621
560 25.5 66108.73107058828 17967.883692710653 152326.486 34459.708 64528.514812760404 3840
570 25.3 66089.79641501959 16734.54804398158 152326.486 34459.708 64626.91655775335 4095
580 26.9 64513.739327137606 17234.918670749463 152326.486 34459.708 64712.03813178471 4348
590 27 61867.702855555566 17610.683320535565 152326.486 34459.708 64700.48466016893 4617
600 29.5 63226.00282033899 16417.85004565381 152326.486 34459.708 64543.9773781461 4887
610 31.8 62524.275616352184 15350.339774918508 152326.486 34012.028 64468.94795040524 5182
620 31.2 61923.589535256455 15285.553602026568 152326.486 34012.028 64356.510531818174 5500
630 32.4 61807.28727469131 15250.773338791418 152326.486 34012.028 64225.90637646248 5812
640 34.6 60123.65891329488 15093.36560878606 152326.486 34012.028 64098.19571985005 6136
650 33 60216.66843939399 14812.18818952373 152326.486 34012.028 63886.04056170934 6482
660 35.9 60483.05768523668 14184.162868327769 152326.486 34012.028 63708.28178302995 6812
670 36.4 59942.10269230762 15456.376853652648 152326.486 34012.028 63546.8181864454 7171
680 37.8 59707.56722751321 13665.123959205663 152326.486 34012.028 63372.681963503645 7535
690 33.3 60177.28318318319 12909.29097194501 152326.486 34012.028 63197.60128990269 7913
700 34 60373.284867647024 15815.644224929149 152326.486 34012.028 63075.63113109386 8246
710 37.7 60684.75265251989 16009.69573751485 152326.486 34012.028 62968.61998159794 8586
720 37.9 59493.37603430081 13320.521485221687 152326.486 34012.028 62872.556388709134 8963
730 37 59580.99770000002 13717.97839290766 152326.486 34012.028 62735.46482862341 9342
740 37 60026.57055405409 14577.062859887663 152326.486 34012.028 62615.28846560955 9712
750 33.1 61878.39203021159 13823.40118783527 152326.486 34012.028 62520.284931858754 10082
760 26.9 62705.63755390339 14339.750140655118 152326.486 34012.028 62499.88096081821 10413
770 20 69326.1168550001 14443.170369687963 152326.486 34012.028 62505.062436528744 10682
780 12.1 82726.98209917349 14024.840575124792 152326.486 34012.028 62630.42642142989 10882
790 11.9 91170.3251680672 13577.702543050724 152326.486 34012.028 62851.42826065619 11003
800 8 93391.69577500001 9949.246743712836 152326.486 34012.028 63154.42670805612 11122
810 2.5 101519.91448 8771.812857419824 152326.486 34012.028 63370.3686403321 11202
820 0 0 0 152326.486 34012.028 63455.319085330026 11227
830 0 0 0 152326.486 34012.028 63455.319085330026 11227
837 0.1 125286.27 0.0 152326.486 34012.028 63455.319085330026 11227
