0 157.8921875 157.8921875
10 365.3 523.1921875
20 963.46015625 1486.65234375
30 1495.725 2982.37734375
40 1600.1234375 4582.50078125
50 1708.9265625 6291.42734375
60 1883.25390625 8174.68125
70 1736.15234375 9910.83359375
80 1812.93359375 11723.7671875
90 2024.81796875 13748.58515625
100 2569.18828125 16317.7734375
110 2574.39296875 18892.16640625
120 2651.06875 21543.23515625
130 2261.96484375 23805.2
140 2428.69296875 26233.89296875
150 2931.68046875 29165.5734375
160 3510.0484375 32675.621875
170 3600.1515625 36275.7734375
180 3843.159375 40118.9328125
190 3712.69921875 43831.63203125
200 4465.41875 48297.05078125
210 5463.6296875 53760.68046875
220 6804.28515625 60564.965625
230 7013.90390625 67578.86953125
240 6653.73046875 74232.6
250 6918.77421875 81151.37421875
260 7845.58671875 88996.9609375
270 8638.85703125 97635.81796875
280 9487.7625 107123.58046875
290 9491.52734375 116615.1078125
300 10307.984375 126923.0921875
310 11148.76953125 138071.86171875
320 12161.75625 150233.61796875
330 12677.42890625 162911.046875
340 12750.26328125 175661.31015625
350 12397.334375 188058.64453125
360 12724.3046875 200782.94921875
370 12298.08984375 213081.0390625
380 12189.4625 225270.5015625
390 11587.5375 236858.0390625
400 11599.40390625 248457.44296875
410 12173.4671875 260630.91015625
420 12780.1515625 273411.06171875
430 12010.03046875 285421.0921875
440 13116.04375 298537.1359375
450 13333.653125 311870.7890625
460 12643.04921875 324513.83828125
470 12254.5375 336768.37578125
480 12970.0625 349738.43828125
490 12657.0828125 362395.52109375
500 13405.7765625 375801.29765625
510 12951.84765625 388753.1453125
520 12784.22109375 401537.36640625
530 12519.0859375 414056.45234375
540 13209.91875 427266.37109375
550 13617.1578125 440883.52890625
560 13025.78515625 453909.3140625
570 14345.9578125 468255.271875
580 13761.83359375 482017.10546875
590 13613.72578125 495630.83125
600 13965.38359375 509596.21484375
610 14043.42109375 523639.6359375
620 14998.71796875 538638.35390625
630 15501.56953125 554139.9234375
640 14302.8296875 568442.753125
650 14131.4546875 582574.2078125
660 15522.37421875 598096.58203125
670 14610.9203125 612707.50234375
680 14863.48359375 627570.9859375
690 13953.74921875 641524.73515625
700 15172.4828125 656697.21796875
710 14563.09765625 671260.315625
720 13187.08359375 684447.39921875
730 11928.76171875 696376.1609375
740 10176.0265625 706552.1875
750 9454.80859375 716006.99609375
760 7742.30859375 723749.3046875
770 6746.05625 730495.3609375
780 7224.41484375 737719.77578125
790 5785.38125 743505.15703125
800 1792.4484375 745297.60546875
810 164.66796875 745462.2734375
820 56.690625 745518.9640625
830 34.728125 745553.6921875
837 6.69453125 745560.38671875
