0 4.00546875 4.00546875
10 28.82734375 32.8328125
20 89.08203125 121.91484375
30 144.6046875 266.51953125
40 169.015625 435.53515625
50 200.090625 635.62578125
60 189.715625 825.34140625
70 180.009375 1005.35078125
80 202.10703125 1207.4578125
90 205.7640625 1413.221875
100 274.62734375 1687.84921875
110 278.75703125 1966.60625
120 289.9078125 2256.5140625
130 238.4609375 2494.975
140 257.446875 2752.421875
150 301.2328125 3053.6546875
160 377.4984375 3431.153125
170 390.5296875 3821.6828125
180 406.30859375 4227.99140625
190 387.73046875 4615.721875
200 470.9109375 5086.6328125
210 548.48125 5635.1140625
220 733.2390625 6368.353125
230 757.86015625 7126.21328125
240 717.10234375 7843.315625
250 733.84921875 8577.16484375
260 812.3390625 9389.50390625
270 944.01015625 10333.5140625
280 1012.065625 11345.5796875
290 1034.76328125 12380.34296875
300 1097.671875 13478.01484375
310 1175.01484375 14653.0296875
320 1271.3671875 15924.396875
330 1381.39765625 17305.79453125
340 1383.14453125 18688.9390625
350 1308.0859375 19997.025
360 1340.2828125 21337.3078125
370 1271.4875 22608.7953125
380 1318.30703125 23927.10234375
390 1556.8140625 25483.91640625
400 1892.4390625 27376.35546875
410 2162.53515625 29538.890625
420 2391.2796875 31930.1703125
430 2264.53828125 34194.70859375
440 2350.79296875 36545.5015625
450 2323.33984375 38868.84140625
460 2387.634375 41256.47578125
470 2383.9546875 43640.43046875
480 2496.859375 46137.28984375
490 2640.88515625 48778.175
500 2789.9203125 51568.0953125
510 2929.80859375 54497.90390625
520 2845.92578125 57343.8296875
530 2983.4734375 60327.303125
540 3053.40078125 63380.70390625
550 3155.6015625 66536.30546875
560 3412.1828125 69948.48828125
570 3540.3640625 73488.85234375
580 3715.95859375 77204.8109375
590 3751.16015625 80955.97109375
600 3710.10078125 84666.071875
610 4042.64140625 88708.71328125
620 4104.409375 92813.12265625
630 4264.36015625 97077.4828125
640 4396.69609375 101474.17890625
650 4393.58671875 105867.765625
660 4396.0875 110263.853125
670 4316.853125 114580.70625
680 4376.078125 118956.784375
690 4223.05859375 123179.84296875
700 4669.42890625 127849.271875
710 4706.296875 132555.56875
720 4464.0796875 137019.6484375
730 4053.16796875 141072.81640625
740 3022.29296875 144095.109375
750 2178.5875 146273.696875
760 1278.128125 147551.825
770 923.1984375 148475.0234375
780 820.40546875 149295.42890625
790 711.46640625 150006.8953125
800 262.72265625 150269.61796875
810 37.978125 150307.59609375
820 6.23125 150313.82734375
830 4.38671875 150318.2140625
837 1.36328125 150319.57734375
