0 14 14
10 20 20
20 33 33
30 49 49
40 53 53
50 44 53
60 54 54
70 60 61
80 58 61
90 65 66
100 75 75
110 70 75
120 72 76
130 70 76
140 84 84
150 95 95
160 105 106
170 101 107
180 118 119
190 139 139
200 153 153
210 180 180
220 196 205
230 197 210
240 216 219
250 225 234
260 248 250
270 266 266
280 287 291
290 290 301
300 309 313
310 351 352
320 406 407
330 424 427
340 478 478
350 539 540
360 627 627
370 756 756
380 882 883
390 984 986
400 1073 1074
410 1148 1148
420 1241 1242
430 1250 1250
440 1240 1259
450 1256 1259
460 1258 1273
470 1307 1307
480 1354 1355
490 1444 1445
500 1481 1482
510 1534 1535
520 1532 1554
530 1532 1558
540 1619 1620
550 1741 1741
560 1781 1785
570 1818 1830
580 1865 1878
590 1923 1930
600 1987 1989
610 2054 2062
620 2096 2099
630 2126 2142
640 2120 2171
650 2139 2171
660 2160 2171
670 2200 2200
680 2215 2219
690 2250 2254
700 2255 2265
710 2226 2266
720 1886 2266
730 1516 2266
740 1146 2266
750 815 2266
760 546 2266
770 346 2266
780 225 2266
790 106 2266
800 26 2266
810 1 2266
820 1 2266
830 1 2266
837 0 2266
