0 1.4 14
10 0.6 20
20 1.3 33
30 1.6 49
40 0.9 58
50 0.2 60
60 1.9 79
70 1.4 93
80 1.2 105
90 1.9 124
100 1.4 138
110 1.1 149
120 1.4 163
130 2 183
140 2.8 211
150 2.4 235
160 1.8 253
170 1.6 269
180 3.8 307
190 4.2 349
200 3.9 388
210 4.5 433
220 3.9 472
230 3.8 510
240 5.3 563
250 5.9 622
260 6.3 685
270 5.5 740
280 6 800
290 5.9 859
300 8 939
310 9.5 1034
320 10.1 1135
330 9 1225
340 11.2 1337
350 11 1447
360 14.8 1595
370 17 1765
380 17.3 1938
390 13.6 2074
400 13.5 2209
410 15 2359
420 19.9 2558
430 19.3 2751
440 18.6 2937
450 20 3137
460 17.7 3314
470 20.5 3519
480 22.6 3745
490 26.1 4006
500 22.5 4231
510 24.8 4479
520 22.8 4707
530 23.3 4940
540 30 5240
550 34.1 5581
560 29.5 5876
570 29 6166
580 31.6 6482
590 32.8 6810
600 35.9 7169
610 38.5 7554
620 35.4 7908
630 35.4 8262
640 34 8602
650 34.9 8951
660 38 9331
670 40.4 9735
680 39.3 10128
690 36.8 10496
700 34.5 10841
710 34.8 11189
720 3.9 11228
730 0 11228
740 0 11228
750 0 11228
760 0 11228
770 0 11228
780 0 11228
790 0 11228
800 0 11228
810 0 11228
820 0 11228
830 0 11228
837 0 11228
