0 1.4 14
10 2.9 43
20 6.1 104
30 8.9 193
40 12.9 322
50 12.5 447
60 15 597
70 13.2 729
80 15.5 884
90 18.6 1070
100 19.8 1268
110 20.2 1470
120 20.8 1678
130 21.5 1893
140 20.8 2101
150 21.6 2317
160 25 2567
170 27.2 2839
180 32.4 3163
190 36.3 3526
200 42.9 3955
210 47.1 4426
220 51.8 4944
230 54.9 5493
240 55.1 6044
250 59.5 6639
260 61.6 7255
270 66.5 7920
280 74.7 8667
290 79.1 9458
300 84.2 10300
310 87.8 11178
320 105 12228
330 113.5 13363
340 126.6 14629
350 130.5 15934
360 137.2 17306
370 150.8 18814
380 168.8 20502
390 191.8 22420
400 210.2 24522
410 218.2 26704
420 222.1 28925
430 226.3 31188
440 222.5 33413
450 230.5 35718
460 240.6 38124
470 221.1 40335
480 234 42675
490 224.7 44922
500 250.3 47425
510 244.8 49873
520 224.9 52122
530 231.3 54435
540 232.9 56764
550 214.2 58906
560 174.1 60647
570 156.4 62211
580 161 63821
590 160.8 65429
600 178.8 67217
610 180.2 69019
620 186.4 70883
630 155.7 72440
640 172.5 74165
650 168.1 75846
660 154.5 77391
670 145.4 78845
