10 1.2 12
20 5.5 67
30 9.6 163
40 15.2 315
50 15.1 466
60 15.8 624
70 14 764
80 17.6 940
90 21.2 1152
100 22.2 1374
110 23.2 1606
120 23.9 1845
130 23.6 2081
140 23.6 2317
150 23.7 2554
160 26.2 2816
170 31 3126
180 35.2 3478
190 38.7 3865
200 45.2 4317
210 53.3 4850
220 57.9 5429
230 64.3 6072
240 63.3 6705
250 64 7345
260 68.6 8031
270 73.9 8770
280 86 9630
290 87.8 10508
300 88.8 11396
310 96 12356
320 117.5 13531
330 129.2 14823
340 140.4 16227
350 148.2 17709
360 151.7 19226
370 160.1 20827
380 181.6 22643
390 218.3 24826
400 243 27256
410 244.7 29703
420 251.8 32221
430 255.4 34775
440 251.9 37294
450 255.5 39849
460 276.1 42610
470 253.2 45142
480 249.9 47641
490 242.2 50063
500 276.6 52829
510 264.6 55475
520 252.9 58004
530 242.4 60428
540 237.3 62801
550 194.3 64744
560 139.9 66143
570 111.8 67261
580 112.7 68388
590 109.5 69483
600 134.9 70832
610 134.9 72181
620 136.9 73550
630 110.5 74655
640 127.7 75932
650 113.8 77070
660 97.2 78042
670 89.6 78938
