0 11 11
10 22 11
20 34 12
30 43 9
40 46 3
50 48 2
60 55 7
70 56 1
80 58 2
90 70 12
100 67 -3
110 65 -2
120 79 14
130 80 1
140 72 -8
150 84 12
160 102 18
170 103 1
180 123 20
190 156 33
200 169 13
210 189 20
220 200 11
230 202 2
240 201 -1
250 221 20
260 229 8
270 244 15
280 276 32
290 278 2
300 327 49
310 352 25
320 390 38
330 441 51
340 459 18
350 467 8
360 525 58
370 604 79
380 662 58
390 729 67
400 773 44
410 817 44
420 815 -2
430 856 41
440 891 35
450 892 1
460 946 54
470 1013 67
480 1089 76
490 1185 96
500 1331 146
510 1454 123
520 1496 42
530 1559 63
540 1578 19
550 1617 39
560 1540 -77
570 1501 -39
580 1540 39
590 1549 9
600 1511 -38
610 1526 15
620 1597 71
630 1613 16
640 1572 -41
650 1559 -13
660 1585 26
670 1613 28
