0 1.1 2.404181818181818 3.1551630938448065 12.38 1.287 0 0
10 1.1 1.3246363636363634 0.10149453431524161 12.38 1.133 2.404181818181818 11
20 1.2 1.3892499999999999 0.1313590023561385 12.38 1.133 1.8644090909090907 22
30 0.9 1.5350000000000001 0.4048851689059504 12.38 1.133 1.696705882352941 34
40 1 1.3195000000000001 0.028761954036539295 12.38 1.133 1.662860465116279 43
50 0.6 1.3628333333333333 0.060435686661294945 12.38 1.133 1.5980754716981134 53
60 1.4 1.9528571428571428 2.128954198566009 12.38 1.133 1.5741525423728813 59
70 1.5 1.3926666666666667 0.09289324816990499 12.38 1.133 1.6467808219178082 73
80 1.2 1.7169999999999999 1.0794629837717147 12.38 1.133 1.6034659090909094 88
90 1.9 1.5200000000000002 0.7940192891730952 12.38 1.133 1.6170900000000001 100
100 1.1 1.2802727272727275 0.0701791096980899 12.38 1.126 1.6015882352941175 119
110 1.4 1.3900714285714282 0.05795252279201645 12.38 1.126 1.5744 130
120 2.3 1.8503043478260874 1.977430995548267 12.38 1.117 1.5564791666666666 144
130 1.6 2.0631874999999997 1.6451349571824647 12.38 1.117 1.5969461077844311 167
140 1.3 1.4533076923076924 0.09701735341631065 12.38 1.117 1.6377103825136614 183
150 2.4 1.3417916666666667 0.19528909748683412 12.38 1.066 1.6254795918367348 196
160 2.9 1.367241379310345 0.1353436635135532 12.38 1.066 1.5945318181818182 220
170 1.8 1.375777777777778 0.09146739282726543 12.38 1.066 1.5680602409638553 249
180 3.8 2.927421052631579 5.517598412694359 28.188 1.066 1.5550973782771536 267
190 4.7 1.321085106382979 0.20782703833545468 28.188 1.055 1.7260754098360656 305
200 3.8 1.6373157894736847 1.2353085083505755 28.188 1.055 1.672 352
210 4.4 1.631227272727273 1.0245158915231483 28.188 1.055 1.6686205128205127 390
220 4.4 1.3750227272727278 0.14804521554953215 28.188 1.055 1.6648294930875576 434
230 3 1.9589999999999996 1.9319953071026508 28.188 1.055 1.6381527196652719 478
240 3.9 1.9917948717948724 3.357800746821991 28.188 1.055 1.657100393700787 508
250 6.3 1.5704444444444443 0.7831610302450783 28.188 1.055 1.6809634369287019 547
260 5 1.5291 1.069946321083446 28.188 1.055 1.6695491803278688 610
270 5.5 1.4123454545454546 0.503320112062504 28.188 1.055 1.6589090909090907 660
280 6.3 1.440968253968254 0.5438482213642686 28.188 1.055 1.6399426573426572 715
290 6.7 1.5751791044776122 1.07882235303785 28.188 1.051 1.6238303341902312 778
300 9.3 1.5938279569892464 1.0683667931987615 28.188 1.051 1.6199727810650888 845
310 8.3 1.3437710843373492 0.3010673512808354 28.188 1.049 1.617380597014925 938
320 9.7 1.534505154639175 0.7806326686576033 28.188 0.893 1.5951380999020566 1021
330 10.7 1.4917383177570094 0.8915774148455035 28.188 0.893 1.5898774597495524 1118
340 9.7 1.4018556701030938 0.5148397005993328 28.188 0.893 1.5813053061224485 1225
350 9.6 1.4256041666666663 0.4837177956370556 28.188 0.893 1.5681384266263236 1322
360 13.7 1.6391240875912414 0.9999801125413355 28.188 0.893 1.5584887165021155 1418
370 17.3 1.6634566473988448 1.3909168742274747 28.188 0.893 1.5655929260450159 1555
380 16 1.6127312500000006 1.6769617755105324 28.188 0.893 1.575390625 1728
390 15.4 1.5455194805194796 0.8427337104704941 28.188 0.893 1.578555084745763 1888
400 15.6 1.6047564102564091 1.9101013007496686 28.188 0.893 1.5760636630754163 2042
410 19.2 3.024406249999998 13.309492597373662 183.607 0.893 1.5781000909918106 2198
420 15.8 2.073132911392405 2.6001054070756795 183.607 0.893 1.69428870292887 2390
430 19.4 1.7893144329896908 1.6877992103113963 183.607 0.893 1.7177806122448978 2548
440 16.6 1.7205722891566266 1.3329876142387955 183.607 0.893 1.722841721371262 2742
450 18.2 1.6593076923076935 1.060327304768453 183.607 0.893 1.722712173314993 2908
460 20.3 1.7981083743842363 1.5907164318570786 183.607 0.893 1.718977669902913 3090
470 18.1 1.6279005524861878 1.088095929843105 183.607 0.893 1.7238557546310356 3293
480 23.9 1.724615062761507 1.8191155612123928 183.607 0.893 1.71885636154289 3474
490 23.3 1.5240085836909874 0.7327306269019606 183.607 0.893 1.7192270401292755 3713
500 26 1.8652384615384605 1.2493383467558163 183.607 0.893 1.7076999493157627 3946
510 23.7 2.0597890295358647 1.6591091649780758 183.607 0.893 1.7174384213029004 4206
520 34.1 5.133973607038121 16.01604472471081 206.644 0.893 1.7357002025658337 4443
530 77.2 4.5908251295336875 5.335324915371224 206.644 0.822 1.9779266304347822 4784
540 122.7 6.721337408312959 6.6088773334854 206.644 0.775 2.3409859611231107 5556
550 198.6 7.346092145015116 6.339544052979385 206.644 0.775 3.1333626713843437 6783
560 270.3 7.32263965963744 6.486789226763007 206.644 0.775 4.087460143687995 8769
570 302.5 6.869947107438024 5.944237961476386 206.644 0.775 4.849723936541147 11472
580 347.5 6.291562589928054 5.4544269543752195 206.644 0.775 5.271271504449201 14497
590 348.6 7.467582329317271 6.12440931894556 206.644 0.775 5.4685512463832655 17972
600 342.3 22.38740929009641 39.26384465374168 267.893 0.775 5.793307624196107 21458
610 352 12.13875909090914 11.143562702521633 267.893 0.775 8.076238776576506 24881
620 369.8 12.501684964845795 7.859879953965424 267.893 0.775 8.579744692088315 28401
630 361.1 9.80260675713104 7.058760613360596 267.893 0.775 9.03157606155955 32099
640 383.5 11.523066753585352 8.083269958219098 267.893 0.775 9.1095427891347 35710
650 404.2 12.897560366155396 9.685157693026245 267.893 0.775 9.343601820710584 39545
660 416.1 10.189281903388576 23.190563253311627 1024.861 0.775 9.673174868653502 43587
670 441.9 10.128252319529274 6.630161548809289 1024.861 0.775 9.718151022032337 47748
