0 0.1 4.796442153826971 0 4.796442153826971 4.796442153826971 0 0
10 0.1 0.6979062811565304 0.0 4.796442153826971 0.6979062811565304 4.796442153826971 1
20 0.1 0.6993006993006993 0.0 4.796442153826971 0.6979062811565304 2.7471742174917506 2
30 0.1 1.4940239043824701 0.0 4.796442153826971 0.6979062811565304 2.0645497114280666 3
40 0.1 1.5952143569292123 0.0 4.796442153826971 0.6979062811565304 1.9219182596666675 4
50 0.1 2.4801587301587302 0.0 4.796442153826971 0.6979062811565304 1.8565774791191765 5
60 0.1 5.577689243027888 0.0 5.577689243027888 0.6979062811565304 1.9605076876257688 6
70 0.1 2.485089463220676 0.0 5.577689243027888 0.6979062811565304 2.4772479098260716 7
80 0.1 2.3880597014925375 0.0 5.577689243027888 0.6979062811565304 2.478228104000397 8
90 0.1 2.587064676616915 0.0 5.577689243027888 0.6979062811565304 2.4682093926106345 9
100 0.1 2.6865671641791042 0.0 5.577689243027888 0.6979062811565304 2.4800949210112626 10
110 0.1 2.208835341365462 0.0 5.577689243027888 0.6979062811565304 2.498865124935612 11
120 0.1 3.187250996015936 0.0 5.577689243027888 0.6979062811565304 2.474695976304766 12
130 0.1 3.3797216699801194 0.0 5.577689243027888 0.6979062811565304 2.529507900897933 13
140 0.1 5.445544554455446 0.0 5.577689243027888 0.6979062811565304 2.590237455832375 14
150 0.1 7.0436507936507935 0.0 7.0436507936507935 0.6979062811565304 2.7805912624072464 15
160 0.1 2.7944111776447107 0.0 7.0436507936507935 0.6979062811565304 3.0470324831099678 16
170 0.1 4.07149950347567 0.0 7.0436507936507935 0.6979062811565304 3.032172406317894 17
180 0.1 3.696303696303696 0.0 7.0436507936507935 0.6979062811565304 3.0899128006044374 18
190 0.1 5.429417571569595 0.0 7.0436507936507935 0.6979062811565304 3.1218281109043984 19
200 0.1 5.153617443012884 0.0 7.0436507936507935 0.6979062811565304 3.2372075839376584 20
210 0.1 6.144697720515362 0.0 7.0436507936507935 0.6979062811565304 3.3284651962745744 21
220 0.1 7.283464566929133 0.0 7.283464566929133 0.6979062811565304 3.4564757655582468 22
230 0.1 6.88622754491018 0.0 7.283464566929133 0.6979062811565304 3.6228665830091553 23
240 0.1 8.086785009861932 0.0 8.086785009861932 0.6979062811565304 3.758839956421698 24
250 0.1 8.644400785854616 0.0 8.644400785854616 0.6979062811565304 3.931957758559307 25
260 0.1 8.930323846908735 0.0 8.930323846908735 0.6979062811565304 4.113205567301434 26
270 0.1 8.875739644970414 0.0 8.930323846908735 0.6979062811565304 4.291617355435037 27
280 0.1 8.669950738916256 0.0 8.930323846908735 0.6979062811565304 4.455336008632729 28
290 0.1 10.049751243781095 0.0 10.049751243781095 0.6979062811565304 4.6006675510563 29
300 0.1 11.49312377210216 0.0 11.49312377210216 0.6979062811565304 4.782303674147126 30
310 0.1 11.504424778761061 0.0 11.504424778761061 0.6979062811565304 4.9987817418230955 31
320 0.1 11.752988047808765 0.0 11.752988047808765 0.6979062811565304 5.202083086727407 32
330 0.1 14.800389483933788 0.0 14.800389483933788 0.6979062811565304 5.400595358275327 33
340 0.1 15.513833992094861 0.0 15.513833992094861 0.6979062811565304 5.677059891382929 34
350 0.1 16.748768472906402 0.0 16.748768472906402 0.6979062811565304 5.958110579974699 35
360 0.1 17.87819253438114 0.0 17.87819253438114 0.6979062811565304 6.257851077000579 36
370 0.1 17.895771878072765 0.0 17.895771878072765 0.6979062811565304 6.571914359632486 37
380 0.1 21.170731707317074 0.0 21.170731707317074 0.6979062811565304 6.869910610117756 38
390 0.1 22.709551656920077 0.0 22.709551656920077 0.6979062811565304 7.236598330558765 39
400 0.1 27.131782945736433 0.0 27.131782945736433 0.6979062811565304 7.623422163717798 40
410 0.1 29.194956353055286 0.0 29.194956353055286 0.6979062811565304 8.09923584132801 41
420 0.1 30.970873786407765 0.0 30.970873786407765 0.6979062811565304 8.60151490113104 42
430 0.1 30.12633624878523 0.0 30.970873786407765 0.6979062811565304 9.121732549625849 43
440 0.1 31.1787072243346 0.0 31.1787072243346 0.6979062811565304 9.599109906424925 44
450 0.1 29.7029702970297 0.0 31.1787072243346 0.6979062811565304 10.078656513489584 45
460 0.1 32.86118980169972 0.0 32.86118980169972 0.6979062811565304 10.505272030523065 46
470 0.1 33.20388349514563 0.0 33.20388349514563 0.6979062811565304 10.980929855441717 47
480 0.1 31.62970106075217 0.0 33.20388349514563 0.6979062811565304 11.443908056268882 48
490 0.1 32.59827420901246 0.0 33.20388349514563 0.6979062811565304 11.85586301554405 49
500 0.1 30.164888457807955 0.0 33.20388349514563 0.6979062811565304 12.270711239413417 50
510 0.1 34.95238095238095 0.0 34.95238095238095 0.6979062811565304 12.621577459381937 51
520 0.1 35.42857142857142 0.0 35.42857142857142 0.6979062811565304 13.051015988093457 52
530 0.1 39.6854764107308 0.0 39.6854764107308 0.6979062811565304 13.473234015272286 53
540 0.1 46.082089552238806 0.0 46.082089552238806 0.6979062811565304 13.958645911484481 54
550 0.1 47.14828897338403 0.0 47.14828897338403 0.6979062811565304 14.542708523134559 55
560 0.1 47.75977121067683 0.0 47.75977121067683 0.6979062811565304 15.12495103117473 56
570 0.1 48.126801152737755 0.0 48.126801152737755 0.6979062811565304 15.697491736078275 57
580 0.1 48.28599412340842 0.0 48.28599412340842 0.6979062811565304 16.25661776050344 58
590 0.1 48.44054580896686 0.0 48.44054580896686 0.6979062811565304 16.799488546315384 59
600 0.1 48.87365328109696 0.0 48.87365328109696 0.6979062811565304 17.32683950069291 60
610 0.1 49.1609081934847 0.0 49.1609081934847 0.6979062811565304 17.844000382338876 61
620 0.1 49.0 0.0 49.1609081934847 0.6979062811565304 18.349111798647677 62
630 0.1 49.21104536489152 0.0 49.21104536489152 0.6979062811565304 18.835633833589778 63
640 0.1 49.35960591133005 0.0 49.35960591133005 0.6979062811565304 19.31024963876637 64
650 0.1 49.40828402366864 0.0 49.40828402366864 0.6979062811565304 19.772547427575038 65
660 0.1 49.306930693069305 0.0 49.40828402366864 0.6979062811565304 20.221573739637062 66
670 0.1 49.3570722057369 0.0 49.40828402366864 0.6979062811565304 20.65568354491217 67
