0 0 0
10 0 0
20 0 0
30 0 0
40 0.7 7
50 0.5 12
60 1.1 23
70 0.9 32
80 1 42
90 0.8 50
100 1.2 62
110 1.7 79
120 0.9 88
130 1.4 102
140 2.2 124
150 1.1 135
160 1.1 146
170 1.7 163
180 1.8 181
190 1.4 195
200 2.5 220
210 2.4 244
220 3.3 277
230 2.8 305
240 4.2 347
250 4.1 388
260 4.4 432
270 4 472
280 3 502
290 6.6 568
300 4.3 611
310 5.9 670
320 5.8 728
330 5.6 784
340 7.8 862
350 8.8 950
360 8 1030
370 9.4 1124
380 10.1 1225
390 8.8 1313
400 11.1 1424
410 14.9 1573
420 15.8 1731
430 15.4 1885
440 13.3 2018
450 17.7 2195
460 14.8 2343
470 12.3 2466
480 16.2 2628
490 13.6 2764
500 10.5 2869
510 12 2989
520 11.1 3100
530 13.8 3238
540 13.5 3373
550 17.4 3547
560 22.4 3771
570 26.3 4034
580 30.1 4335
590 28.8 4623
600 30.7 4930
610 28.1 5211
620 28.2 5493
630 29.7 5790
640 31.7 6107
650 30.5 6412
660 34.7 6759
670 32.3 7082
