0 0.1 3506.34375 0 3506.34375 3506.34375 0 0
10 0.1 3510.53125 0.0 3510.53125 3506.34375 3506.34375 1
20 0.1 3509.21875 0.0 3510.53125 3506.34375 3508.4375 2
30 0.1 3504.140625 0.0 3510.53125 3504.140625 3508.6979166666665 3
40 0.1 3496.8828125 0.0 3510.53125 3496.8828125 3507.55859375 4
50 0.1 3492.65625 0.0 3510.53125 3492.65625 3505.4234375 5
60 0.1 3489.63671875 0.0 3510.53125 3489.63671875 3503.2955729166665 6
70 0.1 3487.21484375 0.0 3510.53125 3487.21484375 3501.344308035714 7
80 0.1 3487.60546875 0.0 3510.53125 3487.21484375 3499.578125 8
90 0.1 3487.375 0.0 3510.53125 3487.21484375 3498.2478298611113 9
100 0.1 3486.05078125 0.0 3510.53125 3486.05078125 3497.160546875 10
110 0.1 3485.91796875 0.0 3510.53125 3485.91796875 3496.150568181818 11
120 0.1 3480.9765625 0.0 3510.53125 3480.9765625 3495.2978515625 12
130 0.1 3476.73828125 0.0 3510.53125 3476.73828125 3494.1962139423076 13
140 0.1 3476.25 0.0 3510.53125 3476.25 3492.94921875 14
150 0.1 3474.83203125 0.0 3510.53125 3474.83203125 3491.8359375 15
160 0.1 3471.07421875 0.0 3510.53125 3471.07421875 3490.773193359375 16
170 0.1 3470.7109375 0.0 3510.53125 3470.7109375 3489.614430147059 17
180 0.1 3470.34765625 0.0 3510.53125 3470.34765625 3488.5642361111113 18
190 0.1 3463.3203125 0.0 3510.53125 3463.3203125 3487.60546875 19
200 0.1 3455.92578125 0.0 3510.53125 3455.92578125 3486.3912109375 20
210 0.1 3449.83203125 0.0 3510.53125 3449.83203125 3484.940476190476 21
220 0.1 3440.80078125 0.0 3510.53125 3440.80078125 3483.344637784091 22
230 0.1 3434.85546875 0.0 3510.53125 3434.85546875 3481.4949048913045 23
240 0.1 3435.9453125 0.0 3510.53125 3434.85546875 3479.5515950520835 24
250 0.1 3435.00390625 0.0 3510.53125 3434.85546875 3477.80734375 25
260 0.1 3418.61328125 0.0 3510.53125 3418.61328125 3476.1610576923076 26
270 0.1 3417.85546875 0.0 3510.53125 3417.85546875 3474.029658564815 27
280 0.1 3410.54296875 0.0 3510.53125 3410.54296875 3472.0234375 28
290 0.1 3408.53515625 0.0 3510.53125 3408.53515625 3469.903421336207 29
300 0.1 3410.078125 0.0 3510.53125 3408.53515625 3467.8578125 30
310 0.1 3408.9140625 0.0 3510.53125 3408.53515625 3465.9939516129034 31
320 0.1 3383.25 0.0 3510.53125 3383.25 3464.210205078125 32
330 0.1 3375.640625 0.0 3510.53125 3375.640625 3461.756865530303 33
340 0.1 3342.765625 0.0 3510.53125 3342.765625 3459.2240349264707 34
350 0.1 3339.6796875 0.0 3510.53125 3339.6796875 3455.8966517857143 35
360 0.1 3339.87109375 0.0 3510.53125 3339.6796875 3452.668402777778 36
370 0.1 3338.15234375 0.0 3510.53125 3338.15234375 3449.619826858108 37
380 0.1 3304.13671875 0.0 3510.53125 3304.13671875 3446.6864720394733 38
390 0.1 3270.2421875 0.0 3510.53125 3270.2421875 3443.0313501602564 39
400 0.1 3247.90234375 0.0 3510.53125 3247.90234375 3438.71162109375 40
410 0.1 3228.97265625 0.0 3510.53125 3228.97265625 3434.057736280488 41
420 0.1 3222.640625 0.0 3510.53125 3222.640625 3429.174758184524 42
430 0.1 3202.4140625 0.0 3510.53125 3202.4140625 3424.3716388081393 43
440 0.1 3181.0625 0.0 3510.53125 3181.0625 3419.3271484375 44
450 0.1 3175.66015625 0.0 3510.53125 3175.66015625 3414.0323784722223 45
460 0.1 3177.0546875 0.0 3510.53125 3175.66015625 3408.8503736413045 46
470 0.1 3177.2265625 0.0 3510.53125 3175.66015625 3403.918550531915 47
480 0.1 3145.51953125 0.0 3510.53125 3145.51953125 3399.19580078125 48
490 0.1 3130.77734375 0.0 3510.53125 3130.77734375 3394.0187340561224 49
500 0.1 3090.84765625 0.0 3510.53125 3090.84765625 3388.75390625 50
510 0.1 3021.58203125 0.0 3510.53125 3021.58203125 3382.912607230392 51
520 0.1 2963.83984375 0.0 3510.53125 2963.83984375 3375.9639423076924 52
530 0.1 2880.09375 0.0 3510.53125 2880.09375 3368.1880159198113 53
540 0.1 2856.984375 0.0 3510.53125 2856.984375 3359.1492332175926 54
550 0.1 2819.78125 0.0 3510.53125 2819.78125 3350.0189630681816 55
560 0.1 2815.97265625 0.0 3510.53125 2815.97265625 3340.5504324776784 56
570 0.1 2792.6640625 0.0 3510.53125 2792.6640625 3331.3473135964914 57
580 0.1 2777.52734375 0.0 3510.53125 2777.52734375 3322.059671336207 58
590 0.1 2779.75 0.0 3510.53125 2777.52734375 3312.830309851695 59
600 0.1 2753.3203125 0.0 3510.53125 2753.3203125 3303.9456380208335 60
610 0.1 2753.63671875 0.0 3510.53125 2753.3203125 3294.918993340164 61
620 0.1 2756.66796875 0.0 3510.53125 2753.3203125 3286.1886340725805 62
630 0.1 2746.02734375 0.0 3510.53125 2746.02734375 3277.7835441468255 63
640 0.1 2739.18359375 0.0 3510.53125 2739.18359375 3269.474853515625 64
650 0.1 2738.546875 0.0 3510.53125 2738.546875 3261.316526442308 65
660 0.1 2737.29296875 0.0 3510.53125 2737.29296875 3253.3957741477275 66
670 0.1 2738.91796875 0.0 3510.53125 2737.29296875 3245.6927472014927 67
