0 0.1 0.078125 0 0.078125 0.078125 0 0
10 0.1 0.0703125 0.0 0.078125 0.0703125 0.078125 1
20 0.1 0.05859375 0.0 0.078125 0.05859375 0.07421875 2
30 0.1 0.05078125 0.0 0.078125 0.05078125 0.06901041666666667 3
40 0.1 0.0390625 0.0 0.078125 0.0390625 0.064453125 4
50 0.1 0.03125 0.0 0.078125 0.03125 0.059375 5
60 0.1 0.109375 0.0 0.109375 0.03125 0.0546875 6
70 0.1 0.08984375 0.0 0.109375 0.03125 0.0625 7
80 0.1 0.078125 0.0 0.109375 0.03125 0.06591796875 8
90 0.1 0.05859375 0.0 0.109375 0.03125 0.06727430555555555 9
100 0.1 0.05078125 0.0 0.109375 0.03125 0.06640625 10
110 0.1 0.05078125 0.0 0.109375 0.03125 0.06498579545454546 11
120 0.1 0.0390625 0.0 0.109375 0.03125 0.06380208333333333 12
130 0.1 0.03125 0.0 0.109375 0.03125 0.061899038461538464 13
140 0.1 0.03125 0.0 0.109375 0.03125 0.05970982142857143 14
150 0.1 0.01953125 0.0 0.109375 0.01953125 0.0578125 15
160 0.1 0.01953125 0.0 0.109375 0.01953125 0.055419921875 16
170 0.1 0.1015625 0.0 0.109375 0.01953125 0.05330882352941176 17
180 0.1 0.078125 0.0 0.109375 0.01953125 0.055989583333333336 18
190 0.1 0.0703125 0.0 0.109375 0.01953125 0.057154605263157895 19
200 0.1 0.140625 0.0 0.140625 0.01953125 0.0578125 20
210 0.1 0.12109375 0.0 0.140625 0.01953125 0.061755952380952384 21
220 0.1 0.1015625 0.0 0.140625 0.01953125 0.064453125 22
230 0.1 0.078125 0.0 0.140625 0.01953125 0.06606657608695653 23
240 0.1 0.1484375 0.0 0.1484375 0.01953125 0.06656901041666667 24
250 0.1 0.12890625 0.0 0.1484375 0.01953125 0.06984375 25
260 0.1 0.1796875 0.0 0.1796875 0.01953125 0.07211538461538461 26
270 0.1 0.1484375 0.0 0.1796875 0.01953125 0.07609953703703703 27
280 0.1 0.12890625 0.0 0.1796875 0.01953125 0.07868303571428571 28
290 0.1 0.109375 0.0 0.1796875 0.01953125 0.08041487068965517 29
300 0.1 0.08984375 0.0 0.1796875 0.01953125 0.08138020833333333 30
310 0.1 0.1484375 0.0 0.1796875 0.01953125 0.08165322580645161 31
320 0.1 0.12890625 0.0 0.1796875 0.01953125 0.083740234375 32
330 0.1 0.109375 0.0 0.1796875 0.01953125 0.08510890151515152 33
340 0.1 0.08984375 0.0 0.1796875 0.01953125 0.08582261029411764 34
350 0.1 0.078125 0.0 0.1796875 0.01953125 0.0859375 35
360 0.1 0.140625 0.0 0.1796875 0.01953125 0.0857204861111111 36
370 0.1 0.12109375 0.0 0.1796875 0.01953125 0.08720439189189189 37
380 0.1 0.1015625 0.0 0.1796875 0.01953125 0.08809621710526316 38
390 0.1 0.078125 0.0 0.1796875 0.01953125 0.08844150641025642 39
400 0.1 0.140625 0.0 0.1796875 0.01953125 0.08818359375 40
410 0.1 0.12109375 0.0 0.1796875 0.01953125 0.08946265243902439 41
420 0.1 0.1796875 0.0 0.1796875 0.01953125 0.09021577380952381 42
430 0.1 0.1484375 0.0 0.1796875 0.01953125 0.09229651162790697 43
440 0.1 0.12890625 0.0 0.1796875 0.01953125 0.09357244318181818 44
450 0.1 0.109375 0.0 0.1796875 0.01953125 0.09435763888888889 45
460 0.1 0.25 0.0 0.25 0.01953125 0.09468410326086957 46
470 0.1 0.2109375 0.0 0.25 0.01953125 0.09798869680851063 47
480 0.1 0.26171875 0.0 0.26171875 0.01953125 0.100341796875 48
490 0.1 0.21875 0.0 0.26171875 0.01953125 0.10363520408163265 49
500 0.1 0.26171875 0.0 0.26171875 0.01953125 0.1059375 50
510 0.1 0.37109375 0.0 0.37109375 0.01953125 0.10899203431372549 51
520 0.1 0.30859375 0.0 0.37109375 0.01953125 0.11403245192307693 52
530 0.1 0.5 0.0 0.5 0.01953125 0.11770341981132075 53
540 0.1 0.73046875 0.0 0.73046875 0.01953125 0.1247829861111111 54
550 0.1 0.69921875 0.0 0.73046875 0.01953125 0.13579545454545455 55
560 0.1 0.828125 0.0 0.828125 0.01953125 0.14585658482142858 56
570 0.1 0.9296875 0.0 0.9296875 0.01953125 0.15782620614035087 57
580 0.1 1.01171875 0.0 1.01171875 0.01953125 0.17113415948275862 58
590 0.1 1.01171875 0.0 1.01171875 0.01953125 0.1853813559322034 59
600 0.1 1.01171875 0.0 1.01171875 0.01953125 0.19915364583333334 60
610 0.1 1.01171875 0.0 1.01171875 0.01953125 0.21247438524590165 61
620 0.1 1.1484375 0.0 1.1484375 0.01953125 0.22536542338709678 62
630 0.1 1.12890625 0.0 1.1484375 0.01953125 0.2400173611111111 63
640 0.1 1.109375 0.0 1.1484375 0.01953125 0.25390625 64
650 0.1 1.08984375 0.0 1.1484375 0.01953125 0.2670673076923077 65
660 0.1 1.078125 0.0 1.1484375 0.01953125 0.27953361742424243 66
670 0.1 1.05859375 0.0 1.1484375 0.01953125 0.2914528917910448 67
