0 1.4 9.26392857142857 3.3517036918192966 18.736 6.678 0 0
10 3.1 44.51548387096775 61.28279271507964 197.688 5.456 9.26392857142857 14
20 7.7 42.997129870129875 39.48335984971511 197.688 5.456 33.54833333333334 45
30 11.5 40.43867826086956 33.37850922675894 197.688 5.264 39.51191803278689 122
40 18.7 36.45755614973264 30.34832798221948 197.688 5.264 39.96161181434599 237
50 17.7 38.185824858757066 29.97846347128668 197.688 5.264 38.41619103773586 424
60 20.5 33.62765365853658 30.30049789757626 209.473 5.264 38.34834608985025 601
70 18.9 31.40568783068783 29.72321110379125 209.473 5.264 37.14767369727047 806
80 22.1 33.58809049773757 29.998504422916145 209.473 5.264 36.056984924623116 995
90 25.8 33.66363178294572 27.203441647716108 209.473 5.264 35.60827960526316 1216
100 27.9 32.84984946236564 27.20649133969254 209.473 5.239 35.267900271370415 1474
110 29 34.012868965517214 28.57670334362812 209.473 5.239 34.88305362236167 1753
120 29.4 33.665867346938775 27.10112464454953 209.473 5.239 34.75953255017132 2043
130 30.6 39.69829084967318 50.888867580553345 374.162 5.239 34.62194694052204 2337
140 30 34.52983000000001 28.828484579221875 374.162 5.239 35.20967347710935 2643
150 30.3 34.02567656765675 29.148168916687066 374.162 5.239 35.140372409106355 2943
160 34.4 35.446962209302306 34.059919288817774 374.162 4.932 35.03632039433149 3246
170 38.5 35.01725454545458 29.48453215585236 374.162 4.932 35.075668802228414 3590
180 44.7 33.893713646532426 28.009363381893227 374.162 4.932 35.07001106918239 3975
190 50 34.73500000000007 30.16206678972778 374.162 4.932 34.95110447761194 4422
200 59.2 34.29594425675681 29.445879784600123 374.162 4.932 34.92915156440472 4922
210 65.8 36.579054711246165 31.514962425407045 374.162 4.932 34.861168480232145 5514
220 73.2 34.89108879781418 29.118188600951548 374.162 4.932 35.044313188593655 6172
230 77.9 38.57088446726568 32.01186588982098 374.162 4.932 35.02806749710313 6904
240 79.1 35.97154614412134 29.178543550389097 374.162 4.932 35.387283222699466 7683
250 83.6 36.838875598086126 31.224310193403834 374.162 4.932 35.441820863818734 8474
260 86.8 38.83745276497688 33.55292324180338 374.162 4.932 35.56727067669172 9310
270 93.3 38.662627009646435 33.19817230716351 374.162 4.932 35.84615828257024 10178
280 105.1 39.59425404376785 32.202654900231124 374.162 4.932 36.082659526595265 11111
290 112.2 39.64479055258477 33.55538510266863 374.162 4.932 36.38611996382174 12162
300 116.8 39.59916352739729 35.05894657130857 374.162 4.932 36.661355465221334 13284
310 123.4 41.94020097244732 37.212887528766885 374.162 4.932 36.89878694990314 14452
320 146.8 44.72902384196191 38.209775998644595 374.162 4.932 37.29538932806325 15686
330 160.7 43.93318855009345 37.54519416488047 374.162 4.932 37.93154273055848 17154
340 177.4 49.67643968432928 43.45392838287049 374.162 4.932 38.44562219497897 18761
350 185.7 48.62300700053842 42.14303368317177 374.162 4.932 39.4158423179937 20535
360 191.9 49.97805575820739 45.74135850660452 374.162 4.932 40.1794054126474 22392
370 210 51.869000000000035 49.942883785361204 374.162 4.932 40.95286639792688 24311
380 234.5 54.96415863539446 50.141550955474656 374.162 4.932 41.820833554200924 26411
390 268.4 64.48898435171378 59.44595429854526 374.162 4.932 42.89264803867022 28756
400 298.1 69.45268903052651 65.51961529243502 661.554 4.932 44.73630473918577 31440
410 309.4 80.92122753716873 80.79405679833184 661.554 4.932 46.87684515266843 34421
420 315.3 129.33341389153188 147.03505265397388 1159.912 4.932 49.68461055577769 37515
430 322.3 99.84824914675801 116.78192460838669 1241.202 4.932 55.85980178518738 40668
440 315.7 118.27201330376938 125.85604231474407 1241.202 4.932 59.089957531156756 43891
450 323.5 247.9343935085009 261.42547510937993 1900.19 4.932 63.06117309981298 47048
460 342.2 238.97282846288718 278.56820554140586 2001.014 4.932 74.95515054789892 50283
470 311.7 317.58495765158955 370.9039074144224 3237.745 4.932 85.40610472023093 53705
480 326.1 650.6359564550761 541.8431135014605 3237.745 4.932 98.14239497025812 56822
490 312.3 825.3568146013446 681.5873663265099 4052.93 4.932 128.12893865153222 60083
500 346.3 929.7563693329477 703.129484508245 4052.93 4.932 162.57887467961916 63206
510 334.4 1393.4075086722494 873.8056105637455 4192.217 4.932 202.42851490197853 66669
520 345.4 1570.751038506079 1051.1049630335624 4531.25 0.796 259.3127186236843 70013
530 384.9 1647.7018339828503 1244.4314855837047 5081.7 0.786 320.96908075734694 73467
540 449.8 1408.2597065362352 1276.4876968863798 5432.273 0.786 387.0174325495369 77316
550 498.5 1281.6303101303868 1464.5880345201908 6076.099 0.786 443.16366361502907 81814
560 545 1140.351283119266 1656.6059658138959 8425.714 0.778 491.31809204023045 86799
570 533.6 1118.2117316341823 1810.9016451250297 8704.756 0.778 529.6624739997178 92249
580 583.2 1117.72867301097 1901.926877130461 10210.232 0.778 561.8446622329247 97585
590 589.8 1088.1659938962343 1868.5605471366118 10210.232 0.778 593.192656768229 103417
600 596.9 1143.9211145920583 1785.3152231782174 10210.232 0.778 619.8985319215105 109315
610 614.9 1052.481524963404 1675.4670108750438 10210.232 0.778 647.030577963984 115284
620 630.8 1044.2455917882105 1662.968196762649 10210.232 0.778 667.5613881481961 121433
630 609 987.8215006568153 1726.3660669168519 10210.232 0.778 686.1624947354408 127741
640 651.7 992.6746234463723 1717.091749691928 10210.232 0.778 699.8895336581206 133831
650 656.2 990.9963942395625 1749.9663797179976 10210.232 0.778 713.484885427651 140348
660 667.1 951.6089766151974 1824.7915230859162 10210.232 0.778 725.8804372677148 146910
670 672.6 964.9896763306559 1928.2468256686402 10210.232 0.778 735.6852639454096 153581
