10 0.1 212 0 212 212 0 0
20 0.1 513.0 0.0 513 212 212.0 1
30 0.1 868.0 0.0 868 212 362.5 2
40 0.1 1502.0 0.0 1502 212 531.0 3
50 0.1 1914.0 0.0 1914 212 773.75 4
60 0.1 2481.0 0.0 2481 212 1001.8 5
70 0.1 2049.0 0.0 2481 212 1248.3333333333333 6
80 0.1 1897.0 0.0 2481 212 1362.7142857142858 7
90 0.1 2363.0 0.0 2481 212 1429.5 8
100 0.1 2726.0 0.0 2726 212 1533.2222222222222 9
110 0.1 2847.0 0.0 2847 212 1652.5 10
120 0.1 2864.0 0.0 2864 212 1761.090909090909 11
130 0.1 3204.0 0.0 3204 212 1853.0 12
140 0.1 3204.0 0.0 3204 212 1956.923076923077 13
150 0.1 3620.0 0.0 3620 212 2046.0 14
160 0.1 3123.0 0.0 3620 212 2150.9333333333334 15
170 0.1 3662.0 0.0 3662 212 2211.6875 16
180 0.1 3942.0 0.0 3942 212 2297.0 17
190 0.1 4869.0 0.0 4869 212 2388.3888888888887 18
200 0.1 5590.0 0.0 5590 212 2518.9473684210525 19
210 0.1 5929.0 0.0 5929 212 2672.5 20
220 0.1 7242.0 0.0 7242 212 2827.5714285714284 21
230 0.1 7392.0 0.0 7392 212 3028.2272727272725 22
240 0.1 8179.0 0.0 8179 212 3217.9565217391305 23
250 0.1 8598.0 0.0 8598 212 3424.6666666666665 24
260 0.1 8679.0 0.0 8679 212 3631.6 25
270 0.1 9170.0 0.0 9170 212 3825.730769230769 26
280 0.1 9796.0 0.0 9796 212 4023.6666666666665 27
290 0.1 11622.0 0.0 11622 212 4229.821428571428 28
300 0.1 11360.0 0.0 11622 212 4484.724137931034 29
310 0.1 12249.0 0.0 12249 212 4713.9 30
320 0.1 13689.0 0.0 13689 212 4956.967741935484 31
330 0.1 15685.0 0.0 15685 212 5229.84375 32
340 0.1 17881.0 0.0 17881 212 5546.666666666667 33
350 0.1 18767.0 0.0 18767 212 5909.441176470588 34
360 0.1 19379.0 0.0 19379 212 6276.8 35
370 0.1 20664.0 0.0 20664 212 6640.75 36
380 0.1 22965.0 0.0 22965 212 7019.756756756757 37
390 0.1 25331.0 0.0 25331 212 7439.368421052632 38
400 0.1 30102.0 0.0 30102 212 7898.128205128205 39
410 0.1 32407.0 0.0 32407 212 8453.225 40
420 0.1 33850.0 0.0 33850 212 9037.463414634147 41
430 0.1 33603.0 0.0 33850 212 9628.238095238095 42
440 0.1 34889.0 0.0 34889 212 10185.790697674418 43
450 0.1 34371.0 0.0 34889 212 10747.227272727272 44
460 0.1 36588.0 0.0 36588 212 11272.2 45
470 0.1 38241.0 0.0 38241 212 11822.54347826087 46
480 0.1 36489.0 0.0 38241 212 12384.63829787234 47
490 0.1 37955.0 0.0 38241 212 12886.8125 48
500 0.1 35474.0 0.0 38241 212 13398.408163265307 49
510 0.1 39182.0 0.0 39182 212 13839.92 50
520 0.1 39806.0 0.0 39806 212 14336.823529411764 51
530 0.1 38717.0 0.0 39806 212 14826.615384615385 52
540 0.1 42312.0 0.0 42312 212 15277.377358490567 53
550 0.1 45392.0 0.0 45392 212 15778.018518518518 54
560 0.1 45732.0 0.0 45732 212 16316.454545454546 55
570 0.1 44954.0 0.0 45732 212 16841.73214285714 56
580 0.1 45327.0 0.0 45732 212 17334.9298245614 57
590 0.1 45491.0 0.0 45732 212 17817.551724137928 58
600 0.1 47295.0 0.0 47295 212 18286.59322033898 59
610 0.1 50037.0 0.0 50037 212 18770.066666666662 60
620 0.1 50282.0 0.0 50282 212 19282.63934426229 61
630 0.1 51916.0 0.0 51916 212 19782.62903225806 62
640 0.1 50473.0 0.0 51916 212 20292.682539682537 63
650 0.1 50990.0 0.0 51916 212 20764.249999999996 64
660 0.1 50641.0 0.0 51916 212 21229.261538461535 65
670 0.1 49621.0 0.0 51916 212 21674.893939393936 66
