0 1.4 9.26392857142857 3.3517036918192966 18.736 6.678 0 0
10 4.1 33.775292682926825 33.99968593918357 122.482 5.456 9.26392857142857 14
20 11.6 28.439017241379325 22.873445530368553 122.482 5.214 27.53603636363636 55
30 18.5 25.12136756756756 20.620430407467694 122.482 4.636 28.148584795321646 171
40 28.1 24.21789323843418 19.995111617788464 123.128 4.427 26.575452247191013 356
50 27.6 24.42154710144928 21.125251465306132 156.594 4.427 25.535461538461547 637
60 30.8 22.342999999999993 21.549130565370294 201.187 4.427 25.19872508214678 913
70 27.2 21.785099264705895 18.359838746640627 201.187 4.427 24.478361998362004 1221
80 33.1 22.429262839879154 18.470872970448138 201.187 4.427 23.98769390488949 1493
90 39.8 21.745060301507532 16.857544096224782 201.187 4.427 23.704886513157902 1824
100 42 21.781438095238116 17.045243169659816 201.187 4.427 23.35384653465347 2222
110 43.4 22.685790322580637 18.22410535615047 201.187 4.427 23.103880015140053 2642
120 44.7 22.098774049217013 17.476284723487954 201.187 4.427 23.044890767230175 3076
130 45.1 26.89277605321507 38.7143863867191 345.237 4.427 22.924847005393136 3523
140 44.4 23.284698198198203 18.126247731116788 345.237 4.427 23.375158027176653 3974
150 45.3 22.718487858719627 19.194447764809215 345.237 4.427 23.366066998641923 4418
160 51.2 23.77478515625001 23.81655715028738 345.237 4.427 23.305842537466642 4871
170 58.2 23.12363573883161 18.555455167844052 345.237 4.427 23.350445662270115 5383
180 67.6 22.419439349112405 18.341000956344793 345.237 4.427 23.328316010058682 5965
190 75 23.170785333333335 19.223097788457107 345.237 4.427 23.235799728956486 6641
200 88.1 22.92152099886493 18.877626366362723 345.237 4.427 23.229202408334466 7391
210 100.4 23.931324701195212 19.865010943540895 345.237 4.423 23.196433147969056 8272
220 109.7 23.25607930720143 19.15487222386461 345.237 4.281 23.275975097024585 9276
230 119.2 25.1502718120805 21.402889455599237 345.237 4.281 23.273871011279283 10373
240 118.4 24.01826435810812 19.929653641847345 345.237 4.281 23.46727090358841 11565
250 123.5 24.925434008097188 21.36995400966506 345.237 4.281 23.518441681700523 12749
260 130.2 25.89757066052224 22.239494624976224 345.237 4.254 23.64270051487414 13984
270 140.4 25.618250712250685 22.6236701173703 345.237 4.254 23.834761284835796 15286
280 160.7 25.795364032358407 21.855993672135284 345.237 4.254 23.984792390653084 16690
290 166.9 26.620363690832818 22.982781905747757 345.237 4.254 24.143812373613155 18297
300 172.9 26.73108270676693 23.621976560094478 345.237 4.254 24.350832515275965 19966
310 183.9 28.076158238172937 25.23036848578991 345.237 4.254 24.54052841668587 21695
320 222.5 29.518281797752827 26.664469236528227 345.237 4.254 24.81681052944676 23534
330 242.6 29.010683429513612 27.006079433659227 345.237 4.17 25.222912224853452 25759
340 267.1 32.97473942343694 31.285624715394608 345.237 4.17 25.548941422742597 28185
350 278.7 32.32333728022959 30.88076892852794 345.237 4.17 26.1917436803215 30856
360 288.9 33.19537071651086 33.86713302660868 345.237 4.17 26.699687423832597 33643
370 310.9 35.07555966548755 37.43093901299724 345.237 4.17 27.213374849447057 36532
380 350.4 36.697204337899656 36.71125147974137 345.237 4.17 27.829997351227284 39641
390 410 42.09594902439027 44.88815762305551 349.49 4.17 28.550143214741016 43145
400 453.3 45.65437392455334 50.74117511906852 537.134 4.17 29.72567086464179 47245
410 462.9 54.168314538777366 63.647600405931634 568.278 4.17 31.120178396230088 51778
420 473.9 85.84273433213777 113.67477013137261 1113.007 4.17 33.01160715868601 56407
430 481.7 66.73162881461492 93.7581876991946 1231.103 4.17 37.10617935760316 61146
440 474.4 79.14567158516051 98.27562257911612 1231.103 4.17 39.26960112487308 65963
450 485.8 166.0469403046519 195.68571541142282 1308.6 4.17 41.94503747860897 70707
460 516.9 157.41413793770576 204.10726067203325 1357.877 4.17 49.923427525971064 75565
470 474.2 215.01933087304928 273.19710618098566 2698.122 4.17 56.80552778259476 80734
480 484 438.24737665289246 370.0182880909031 2698.122 4.17 65.5828436871169 85476
490 466.8 565.5761563838897 458.81464022337025 2760.613 4.17 85.55379390141286 90316
500 527 614.1298696394696 447.3459826719782 2760.613 4.17 109.14455011370337 94984
510 509.3 914.8579299037867 481.10994310269507 2910.455 4.17 135.68985138747587 100254
520 527.2 1083.4457505690386 602.9143314463274 2917.7 0.729 173.35872685505987 105347
530 587 1070.39019148211 692.9416561205758 3608.878 0.729 216.7326390131891 110619
540 687 922.8001599708855 759.329314608611 3608.878 0.704 259.7493172660075 116489
550 751.2 851.9983306709279 901.0120403929859 3937.574 0.704 296.6753566257827 123359
560 815.3 765.1266936097137 1077.0460170095043 5895.017 0.704 328.5509148550858 130871
570 800.4 753.9821406796641 1179.9953606616316 6067.355 0.704 354.153705194786 139024
580 867.3 760.4195785771971 1249.6324784220897 6871.619 0.704 375.91980959409074 147028
590 879 729.634872810013 1202.3775078651438 6871.619 0.704 397.3375686090648 155701
600 904.2 743.6664889404994 1107.167222597026 6871.619 0.704 415.09473042294115 164491
610 928.6 690.0210418910162 1056.8233125846164 6871.619 0.704 432.2150812525572 173533
620 944.6 694.1140507092903 1056.9727304265639 6871.619 0.704 445.30992451550435 182819
630 911.6 667.9654125713041 1128.5337369906747 6871.619 0.704 457.53369782851763 192265
640 981.3 655.9916028737427 1092.2518513738405 6871.619 0.704 467.05940041016754 201381
650 987 659.2267805471158 1152.4334201835238 6871.619 0.704 475.83801960756455 211194
660 990.6 641.8167292549989 1200.7908460255344 6871.619 0.704 484.0259066921797 221064
670 1005.5 645.6901877672755 1277.4453337715172 7300.628 0.704 490.7933478676886 230970
