10 0.1 172 0 172 172 0 0
20 0.1 315.0 0.0 315 172 172.0 1
30 0.1 513.0 0.0 513 172 243.5 2
40 0.1 841.0 0.0 841 172 333.3333333333333 3
50 0.1 1104.0 0.0 1104 172 460.25 4
60 0.1 1476.0 0.0 1476 172 589.0 5
70 0.1 1286.0 0.0 1476 172 736.8333333333334 6
80 0.1 1177.0 0.0 1476 172 815.2857142857143 7
90 0.1 1377.0 0.0 1476 172 860.5 8
100 0.1 1619.0 0.0 1619 172 917.8888888888889 9
110 0.1 1746.0 0.0 1746 172 988.0 10
120 0.1 1743.0 0.0 1746 172 1056.909090909091 11
130 0.1 1978.0 0.0 1978 172 1114.0833333333333 12
140 0.1 2062.0 0.0 2062 172 1180.5384615384614 13
150 0.1 2311.0 0.0 2311 172 1243.5 14
160 0.1 1839.0 0.0 2311 172 1314.6666666666667 15
170 0.1 2145.0 0.0 2311 172 1347.4375 16
180 0.1 2250.0 0.0 2311 172 1394.3529411764705 17
190 0.1 2867.0 0.0 2867 172 1441.888888888889 18
200 0.1 3347.0 0.0 3347 172 1516.8947368421052 19
210 0.1 3709.0 0.0 3709 172 1608.4 20
220 0.1 4339.0 0.0 4339 172 1708.4285714285713 21
230 0.1 4.5e3 0.0 4500 172 1828.0 22
240 0.1 4619.0 0.0 4619 172 1944.1739130434783 23
250 0.1 5105.0 0.0 5105 172 2055.625 24
260 0.1 5208.0 0.0 5208 172 2177.6 25
270 0.1 5387.0 0.0 5387 172 2294.153846153846 26
280 0.1 5717.0 0.0 5717 172 2408.703703703704 27
290 0.1 6798.0 0.0 6798 172 2526.8571428571427 28
300 0.1 6622.0 0.0 6798 172 2674.137931034483 29
310 0.1 7228.0 0.0 7228 172 2805.733333333333 30
320 0.1 7968.0 0.0 7968 172 2948.3870967741937 31
330 0.1 9006.0 0.0 9006 172 3105.25 32
340 0.1 10308.0 0.0 10308 172 3284.060606060606 33
350 0.1 11045.0 0.0 11045 172 3490.6470588235293 34
360 0.1 11352.0 0.0 11352 172 3706.4857142857145 35
370 0.1 11895.0 0.0 11895 172 3918.8611111111113 36
380 0.1 13408.0 0.0 13408 172 4134.4324324324325 37
390 0.1 14528.0 0.0 14528 172 4378.473684210527 38
400 0.1 16671.0 0.0 16671 172 4638.717948717948 39
410 0.1 18156.0 0.0 18156 172 4939.525 40
420 0.1 18739.0 0.0 18739 172 5261.878048780488 41
430 0.1 18263.0 0.0 18739 172 5582.761904761905 42
440 0.1 18942.0 0.0 18942 172 5877.6511627906975 43
450 0.1 19087.0 0.0 19087 172 6174.568181818182 44
460 0.1 19753.0 0.0 19753 172 6461.511111111111 45
470 0.1 20982.0 0.0 20982 172 6750.45652173913 46
480 0.1 19926.0 0.0 20982 172 7053.255319148936 47
490 0.1 20420.0 0.0 20982 172 7321.4375 48
500 0.1 19355.0 0.0 20982 172 7588.755102040816 49
510 0.1 21057.0 0.0 21057 172 7824.08 50
520 0.1 20943.0 0.0 21057 172 8083.549019607844 51
530 0.1 20199.0 0.0 21057 172 8330.846153846154 52
540 0.1 21805.0 0.0 21805 172 8554.77358490566 53
550 0.1 24621.0 0.0 24621 172 8800.148148148148 54
560 0.1 26862.0 0.0 26862 172 9087.8 55
570 0.1 30073.0 0.0 30073 172 9405.19642857143 56
580 0.1 31414.0 0.0 31414 172 9767.78947368421 57
590 0.1 32250.0 0.0 32250 172 10141.0 58
600 0.1 32766.0 0.0 32766 172 10515.728813559323 59
610 0.1 33808.0 0.0 33808 172 10886.566666666668 60
620 0.1 34167.0 0.0 34167 172 11262.327868852459 61
630 0.1 35053.0 0.0 35053 172 11631.758064516129 62
640 0.1 35365.0 0.0 35365 172 12003.52380952381 63
650 0.1 35781.0 0.0 35781 172 12368.546875 64
660 0.1 36279.0 0.0 36279 172 12728.738461538462 65
670 0.1 36686.0 0.0 36686 172 13085.560606060606 66
