40 0.7 41904.360428571425 2547.0755097310466 44420.198 38352.697 0 0
50 0.5 45181.9052 5825.414103527247 51067.458 36252.087 41904.360428571425 7
60 1.1 48088.95481818182 6054.890142661892 62672.746 36252.087 43270.00408333333 12
70 0.9 48195.09688888889 10359.953990163816 72426.806 36252.087 45574.71965217392 23
80 1 50185.776 9449.237073999257 72426.806 36252.087 46311.70075 32
90 0.8 54757.79349999999 16979.82069197371 84860.946 36252.087 47234.09961904762 42
100 1.2 49565.71324999999 11969.294759471504 84860.946 36252.087 48437.890640000005 50
110 1.7 45772.22870588235 4964.679469907608 84860.946 34552.785 48656.17888709677 62
120 0.9 49863.92155555556 10822.43894957377 84860.946 34552.785 48035.582012658226 79
130 1.4 47583.47235714285 12042.62326973003 84860.946 34552.785 48222.57128409091 88
140 2.2 48995.22877272728 7850.133079640343 84860.946 34552.785 48134.85182352941 102
150 1.1 50451.847 19312.33261280229 109331.278 34552.785 48287.499346774195 124
160 1.1 45824.77281818182 4523.736024005818 109331.278 34552.785 48463.853599999995 135
170 1.7 49207.89494117647 5749.181238997554 109331.278 34552.785 48265.01874657534 146
180 1.8 47589.232111111116 8491.57571053837 109331.278 34552.785 48363.35552760736 163
190 1.4 53095.28542857141 16043.768812091408 109331.278 34552.785 48286.37087845303 181
200 2.5 48509.74227999999 8254.422350686425 109331.278 34552.785 48631.62628205127 195
210 2.4 50911.96241666667 8903.176944788713 109331.278 34323.537 48617.77582727272 220
220 3.3 48672.16163636364 11851.808270838106 109331.278 34323.537 48843.43352459015 244
230 2.8 45899.830642857145 4785.421645195766 109331.278 34323.537 48823.02929241877 277
240 4.2 48460.055785714285 8834.395204165095 109331.278 34323.537 48554.67007213114 305
250 4.1 49776.980146341484 9403.934399690224 109331.278 34323.537 48543.21819884725 347
260 4.4 49984.13886363634 8058.117270506789 109331.278 34323.537 48673.58995103092 388
270 4 50269.85369999998 10428.071237867936 109331.278 34081.084 48807.07178472221 432
280 3 51325.0232 13734.143717576033 109331.278 33634.838 48931.03635381355 472
290 6.6 49235.49336363637 10793.362747525349 109331.278 33634.838 49074.10329681273 502
300 4.3 50593.820906976754 11383.046179348477 109331.278 33634.838 49092.856367957735 568
310 5.9 47959.773932203396 8126.000762632984 109331.278 33634.838 49198.488896890325 611
320 5.8 48181.9146724138 8937.880553474222 109331.278 33634.838 49089.408026865654 670
330 5.6 47222.23139285714 7885.940404728589 109331.278 33634.838 49017.107732142846 728
340 7.8 48019.33582051283 8138.24481359152 109331.278 33634.838 48888.90227933672 784
350 8.8 48417.02777272728 10355.846505981155 109331.278 33634.838 48810.21761136889 862
360 8 48767.3610875 9598.407270137768 109331.278 33634.838 48773.79581578945 950
370 9.4 48901.41703191489 10065.906431270625 109331.278 33634.838 48773.29603106795 1030
380 10.1 49869.59777227721 7410.38919170883 109331.278 33634.838 48784.010776690375 1124
390 8.8 50218.2323409091 8870.75132861407 109331.278 33634.838 48873.516316734684 1225
400 11.1 48326.205513513516 9807.38731198195 109331.278 33634.838 48963.64199086062 1313
410 14.9 48387.92548322148 9235.26684541745 109331.278 33634.838 48913.95417556179 1424
420 15.8 50112.82482911395 10087.19330339232 109331.278 33634.838 48864.126918626825 1573
430 15.4 50035.34501948052 8433.022213654705 109331.278 33634.838 48978.10396649335 1731
440 13.3 49440.71822556392 7760.2599409822915 109331.278 33634.838 49064.47803660477 1885
450 17.7 50751.67776271185 9531.024717046625 109331.278 33634.838 49089.27483795837 2018
460 14.8 51547.674844594585 9148.83898041457 109331.278 33634.838 49223.32737448747 2195
470 12.3 52336.6794715447 9306.392678307371 109331.278 33634.838 49370.14915236876 2343
480 16.2 55184.15385185184 9978.95108245647 109331.278 33634.838 49518.11477656123 2466
490 13.6 56896.84756617645 8982.192217419355 109331.278 33634.838 49867.39115791476 2628
500 10.5 60740.42453333332 12344.067562045013 118939.552 33634.838 50213.26889725036 2764
510 12 63711.78157499996 10571.093047841545 118939.552 33634.838 50598.54297943534 2869
520 11.1 67734.12734234231 9052.53524193241 118939.552 33634.838 51125.002876212784 2989
530 13.8 69606.78389855074 9274.556749008512 118939.552 33634.838 51719.71668774194 3100
540 13.5 74570.78229629638 12932.187720181893 155356.339 33634.838 52482.04382643607 3238
550 17.4 75474.8897126437 10122.599552593078 155356.339 33634.838 53366.117260598876 3373
560 22.4 74591.45733482143 13722.960390677543 155356.339 33634.838 54450.675029602484 3547
570 26.3 74526.16231939165 14816.936513207022 155732.002 33634.838 55647.05138504376 3771
580 30.1 73304.31750830561 16454.223360152653 155732.002 33634.838 56877.89079400099 4034
590 28.8 71582.74446180553 17349.28179005862 163509.209 33634.838 58018.456985697805 4335
600 30.7 69172.78378827359 17525.649771931494 163509.209 33634.838 58863.47424572788 4623
610 28.1 70628.1066049822 18114.951769952102 163509.209 33634.838 59505.45356206895 4930
620 28.2 69591.06700709218 18701.28458968414 163509.209 33634.838 60105.23585050852 5211
630 29.7 67724.68992929296 17606.728238045456 163509.209 33634.838 60592.22008246857 5493
640 31.7 70548.62663091479 19454.028372828157 163509.209 33634.838 60958.082525388585 5790
650 30.5 71612.94198688534 18740.52048116542 163509.209 33634.838 61455.90510299654 6107
660 34.7 70881.93146974055 18722.34248085608 163509.209 33634.838 61939.04550374297 6412
670 32.3 69401.73600000005 17982.866792615994 163509.209 33634.838 62398.163928095855 6759
