0 3.2625 3.2625
10 20.975 24.2375
20 67.71796875 91.95546875
30 112.64609375 204.6015625
40 173.04375 377.6453125
50 169.04453125 546.68984375
60 187.2546875 733.94453125
70 165.4375 899.38203125
80 204.328125 1103.71015625
90 240.215625 1343.92578125
100 261.61484375 1605.540625
110 267.8546875 1873.3953125
120 270.99765625 2144.39296875
130 277.6421875 2422.03515625
140 277.24921875 2699.284375
150 275.5109375 2974.7953125
160 308.43828125 3283.23359375
170 362.4890625 3645.72265625
180 409.15 4054.87265625
190 452.29453125 4507.1671875
200 535.925 5043.0921875
210 619.11484375 5662.20703125
220 672.56640625 6334.7734375
230 739.42734375 7074.20078125
240 731.3796875 7805.58046875
250 750.046875 8555.62734375
260 809.8453125 9365.47265625
270 862.80625 10228.27890625
280 981.33203125 11209.6109375
290 1029.328125 12238.9390625
300 1051.0546875 13289.99375
310 1128.69453125 14418.68828125
320 1363.98125 15782.66953125
330 1483.646875 17266.31640625
340 1646.69609375 18913.0125
350 1722.8875 20635.9
360 1766.32890625 22402.22890625
370 1887.075 24289.30390625
380 2151.32265625 26440.6265625
390 2523.5140625 28964.140625
400 2804.41328125 31768.55390625
410 2847.809375 34616.36328125
420 2935.45859375 37551.821875
430 2952.19140625 40504.01328125
440 2965.2625 43469.27578125
450 3003.04453125 46472.3203125
460 3167.25 49639.5703125
470 3027.60703125 52667.17734375
480 2921.61640625 55588.79375
490 2971.2203125 58560.0140625
500 3252 61812.0140625
510 3140.671875 64952.6859375
520 3258.90390625 68211.58984375
530 3407.17578125 71618.765625
540 3759.81171875 75378.57734375
550 3870.10625 79248.68359375
560 3951.81640625 83200.5
570 3736.003125 86936.503125
580 3996.7328125 90933.2359375
590 4043.88828125 94977.12421875
600 4245.38828125 99222.5125
610 4340.275 103562.7875
620 4387.8625 107950.65
630 4187.75 112138.4
640 4536.61328125 116675.01328125
650 4479.925 121154.93828125
660 4430.253125 125585.19140625
670 4440.42734375 130025.61875
