0 131.33515625 131.33515625
10 295.38125 426.71640625
20 742.20234375 1168.91875
30 1154.94296875 2323.86171875
40 1586.75 3910.61171875
50 1648.0203125 5558.63203125
60 1790.859375 7349.49140625
70 1546.24140625 8895.7328125
80 1893.0796875 10788.8125
90 2358.2046875 13147.0171875
100 2312.05703125 15459.07421875
110 2472.9921875 17932.06640625
120 2627.83125 20559.89765625
130 2458.71015625 23018.6078125
140 2503.128125 25521.7359375
150 2608.35078125 28130.08671875
160 2988.84296875 31118.9296875
170 3285.2140625 34404.14375
180 3983.87265625 38388.01640625
190 4432.878125 42820.89453125
200 5073.2375 47894.13203125
210 5831.690625 53725.82265625
220 6200.33203125 59926.1546875
230 6849.0890625 66775.24375
240 6627.10703125 73402.35078125
250 7097.67421875 80500.025
260 7314.22578125 87814.25078125
270 8095.15078125 95909.4015625
280 9337.78046875 105247.18203125
290 9388.74921875 114635.93125
300 9941.0515625 124576.9828125
310 10618.1609375 135195.14375
320 12884.128125 148079.271875
330 13897.55859375 161976.83046875
340 15300.38828125 177277.21875
350 15705.62421875 192982.84296875
360 16668.2953125 209651.13828125
370 18005.059375 227656.19765625
380 20192.0109375 247848.20859375
390 23774.52890625 271622.7375
400 25741.83984375 297364.57734375
410 26386.734375 323751.31171875
420 26778.4796875 350529.79140625
430 27387.259375 377917.05078125
440 26715.04296875 404632.09375
450 27718.4140625 432350.5078125
460 29600.07421875 461950.58203125
470 26558.4359375 488509.01796875
480 28046.13203125 516555.15
490 26717.6578125 543272.8078125
500 30580.940625 573853.7484375
510 29979.61796875 603833.36640625
520 27723.80546875 631557.171875
530 29122.621875 660679.79375
540 29562.815625 690242.609375
550 27297.37734375 717539.98671875
560 22264.25625 739804.24296875
570 19875.20390625 759679.446875
580 20216.878125 779896.325
590 20922.53203125 800818.85703125
600 23717.7890625 824536.64609375
610 23739.45078125 848276.096875
620 24527.78359375 872803.88046875
630 20929.3375 893733.21796875
640 22899.421875 916632.63984375
650 22478.115625 939110.75546875
660 20174.55078125 959285.30625
670 19455.08125 978740.3875
