0 1.2 12
10 1.2 24
20 1.2 36
30 0.7 43
40 1 53
50 0.6 59
60 1.4 73
70 1.6 89
80 1.1 100
90 1.9 119
100 1.1 130
110 1.3 143
120 2.3 166
130 1.7 183
140 1.2 195
150 2.4 219
160 2.9 248
170 1.8 266
180 3.8 304
190 4.7 351
200 3.8 389
210 4.4 433
220 4.4 477
230 3 507
240 4.1 548
250 6.3 611
260 5.1 662
270 5.5 717
280 6.5 782
290 6.4 846
300 9.2 938
310 8.5 1023
320 9.4 1117
330 10.8 1225
340 10 1325
350 9.5 1420
360 14 1560
370 16.7 1727
380 16.2 1889
390 15.5 2044
400 15.5 2199
410 19 2389
420 15.9 2548
430 19.2 2740
440 16.6 2906
450 18.1 3087
460 20.3 3290
470 19 3480
480 23.9 3719
490 23.6 3955
500 25.6 4211
510 24.2 4453
520 24.5 4698
530 22.6 4924
540 29.1 5215
550 28.8 5503
560 30.5 5808
570 29.9 6107
580 34.6 6453
590 31.7 6770
600 26.5 7035
610 31.1 7346
620 33.7 7683
630 35 8033
640 32.3 8356
650 32.9 8685
660 37.7 9062
670 36.5 9427
