0 12 12
10 24 24
20 36 36
30 43 43
40 46 49
50 47 49
60 50 56
70 57 57
80 58 58
90 69 70
100 68 72
110 64 72
120 78 80
130 81 83
140 71 83
150 84 85
160 102 102
170 103 103
180 123 123
190 156 156
200 169 169
210 189 190
220 200 204
230 202 209
240 201 209
250 223 223
260 230 232
270 245 245
280 280 280
290 278 287
300 327 327
310 353 354
320 389 392
330 441 443
340 463 468
350 470 470
360 530 530
370 603 606
380 664 664
390 731 731
400 775 775
410 816 823
420 817 829
430 855 860
440 888 894
450 892 898
460 947 949
470 1014 1018
480 1091 1095
490 1191 1195
500 1342 1342
510 1464 1464
520 1598 1600
530 1686 1686
540 1842 1843
550 1956 1956
560 2037 2037
570 2073 2076
580 2118 2120
590 2147 2147
600 2105 2149
610 2135 2149
620 2190 2198
630 2243 2250
640 2249 2252
650 2273 2276
660 2303 2313
670 2345 2347
