0 1.1 11
10 3.2 43
20 6.7 110
30 10.8 218
40 14 358
50 14.7 505
60 14.8 653
70 12.2 775
80 13.7 912
90 16 1072
100 17.9 1251
110 19.6 1447
120 17.8 1625
130 19.7 1822
140 22.6 2048
150 23.8 2286
160 25.3 2539
170 26.2 2801
180 27.6 3077
190 31.5 3392
200 35.7 3749
210 47 4219
220 51.4 4733
230 53.2 5265
240 54.3 5808
250 60.6 6414
260 67.4 7088
270 76.8 7856
280 79.7 8653
290 86.2 9515
300 89.6 10411
310 92.2 11333
320 96.8 12301
330 104.7 13348
340 112.7 14475
350 112.7 15602
360 114.1 16743
370 114.7 17890
380 113.7 19027
390 116.8 20195
400 107.9 21274
410 110 22374
420 106.3 23437
430 106.2 24499
440 100.4 25503
450 95.4 26457
460 103.1 27488
470 96.4 28452
480 96.8 29420
490 102.1 30441
500 100.7 31448
510 97.1 32419
520 93.9 33358
530 99.2 34350
540 100.2 35352
550 100.4 36356
560 99.8 37354
570 94 38294
580 60.7 38901
590 51 39411
600 106.2 40473
610 95.2 41425
620 61.7 42042
630 21.7 42259
640 32.1 42580
650 38.1 42961
660 60.3 43564
670 59.3 44157
680 67.2 44829
690 63.9 45468
700 60.8 46076
710 54.1 46617
720 47.8 47095
730 37.5 47470
740 32.6 47796
750 27.9 48075
760 32.4 48399
770 29.5 48694
780 19.3 48887
790 6.1 48948
800 2 48968
810 0.2 48970
820 0.9 48979
830 0.9 48988
840 0.1 48989
850 0 48989
860 0 48989
870 0 48989
880 0 48989
890 0 48989
900 0 48989
903 0 48989
