10 1.2 12
20 5.6 68
30 12.2 190
40 16.5 355
50 17.9 534
60 16.7 701
70 12.1 822
80 13.9 961
90 19 1151
100 21.7 1368
110 21.2 1580
120 20.3 1783
130 22.6 2009
140 23.4 2243
150 26.3 2506
160 30 2806
170 31.3 3119
180 29.5 3414
190 28.8 3702
200 38.4 4086
210 54.3 4629
220 60.8 5237
230 57.3 5810
240 60 6410
250 67.9 7089
260 69.5 7784
270 86.8 8652
280 93.2 9584
290 98.1 10565
300 101.7 11582
310 97.6 12558
320 103.2 13590
330 117 14760
340 123.2 15992
350 129.5 17287
360 125.2 18539
370 118.1 19720
380 118.1 20901
390 114.8 22049
400 114.8 23197
410 113.5 24332
420 109.7 25429
430 101.3 26442
440 93.6 27378
450 83.5 28213
460 81.8 29031
470 69.9 29730
480 65.6 30386
490 63.8 31024
500 68.2 31706
510 65.8 32364
520 61.3 32977
530 66.7 33644
540 68.9 34333
550 59.6 34929
560 58.5 35514
570 46.5 35979
580 32.4 36303
590 24.4 36547
600 42 36967
610 43.1 37398
620 14.1 37539
630 0 37539
640 0 37539
650 0 37539
660 0 37539
670 0 37539
680 0 37539
690 0 37539
700 0 37539
710 0 37539
720 0 37539
730 0 37539
740 0 37539
750 0 37539
760 0 37539
770 0 37539
780 0 37539
790 0 37539
800 0 37539
810 0 37539
820 0 37539
830 0 37539
840 0 37539
850 0 37539
860 0 37539
870 0 37539
880 0 37539
890 0 37539
900 0 37539
903 0 37539
