390 5.4 54
400 9.2 146
410 20 346
420 41.6 762
430 86.1 1623
440 141 3033
450 178 4813
460 223.6 7049
470 240.7 9456
480 240.6 11862
490 228.4 14146
500 237.8 16524
510 245.9 18983
520 256.9 21552
530 289.2 24444
540 294.9 27393
550 325.1 30644
560 332.9 33973
570 368.7 37660
580 405 41710
590 454.6 46256
600 439.2 50648
610 410.4 54752
620 466.1 59413
630 501.5 64428
640 527.1 69699
650 537.2 75071
660 539.2 80463
670 549.3 85956
680 549.5 91451
690 527.8 96729
700 532 102049
710 548.8 107537
720 564.8 113185
730 553 118715
740 458.8 123303
750 317.5 126478
760 180 128278
770 118.5 129463
780 73.4 130197
790 27.2 130469
800 6.6 130535
810 2.2 130557
820 2.7 130584
830 2.5 130609
840 1 130619
850 0 130619
860 0 130619
870 0 130619
880 0 130619
890 0 130619
900 0 130619
903 0 130619
