10 0.6 6
20 1.8 24
30 2.4 48
40 2.8 76
50 3.3 109
60 4.2 151
70 5.4 205
80 6.3 268
90 6.3 331
100 6.7 398
110 8.1 479
120 8.1 560
130 7.6 636
140 8 716
150 9.3 809
160 10.9 918
170 10.9 1027
180 10.4 1131
190 10.7 1238
200 12.1 1359
210 15.3 1512
220 19.4 1706
230 17.9 1885
240 22.7 2112
250 18.9 2301
260 24.1 2542
270 23 2772
280 27.5 3047
290 28.9 3336
300 28.6 3622
310 30.2 3924
320 35.9 4283
330 43.2 4715
340 48.9 5204
350 50.9 5713
360 51 6223
370 50.4 6727
380 52.6 7253
390 62.5 7878
400 71.7 8595
410 74.3 9338
420 76.8 10106
430 70.1 10807
440 70.3 11510
450 74 12250
460 76.4 13014
470 76.7 13781
480 80 14581
490 70.5 15286
500 72.5 16011
510 75.4 16765
520 87.2 17637
530 91.1 18548
540 97.9 19527
550 94.6 20473
560 97.3 21446
570 92.6 22372
580 101.4 23386
590 105.5 24441
600 104.2 25483
610 99 26473
620 105.5 27528
630 101.4 28542
640 108.5 29627
650 109.9 30726
660 110.5 31831
670 108.9 32920
680 99.7 33917
690 111.6 35033
700 105.9 36092
710 113.6 37228
720 121.5 38443
730 117.8 39621
740 118.1 40802
750 105.8 41860
760 70.4 42564
770 20.8 42772
780 3.5 42807
790 1.1 42818
800 0.3 42821
810 0.3 42824
820 0.5 42829
830 0.2 42831
838 0.1 42832
