430 0.2 2
440 1.1 13
450 0.6 19
460 1.2 31
470 3.2 63
480 6.2 125
490 7.7 202
500 8.1 283
510 10.2 385
520 9.4 479
530 11.5 594
540 9 684
550 10.4 788
560 11.4 902
570 12.2 1024
580 5.3 1077
590 7.7 1154
600 15.1 1305
610 15.4 1459
620 54.8 2007
630 26.2 2269
640 26.2 2531
650 26.6 2797
660 31.3 3110
670 33 3440
680 32.8 3768
690 35.5 4123
700 34.1 4464
710 30.5 4769
720 28.6 5055
730 29.2 5347
740 30.3 5650
750 25.4 5904
760 27.8 6182
770 32.6 6508
780 36.7 6875
790 23.7 7112
800 8.9 7201
810 2.4 7225
820 0.3 7228
830 0.1 7229
840 0.5 7234
850 0.2 7236
860 0 7236
870 0 7236
880 0 7236
890 0 7236
900 0 7236
903 0 7236
