390 5 50
400 5 100
410 17.7 277
420 38.5 662
430 70.9 1371
440 108.5 2456
450 130.6 3762
460 149.4 5256
470 173.2 6988
480 164 8628
490 149.6 10124
500 156.7 11691
510 167.2 13363
520 162 14983
530 189.5 16878
540 209.1 18969
550 225.8 21227
560 235.9 23586
570 269 26276
580 341.7 29693
590 366.6 33359
600 281.1 36170
610 292.1 39091
620 324.3 42334
630 424.3 46577
640 418.5 50762
650 427 55032
660 368.5 58717
670 399.1 62708
680 379.1 66499
690 371.8 70217
700 378.6 74003
710 398.2 77985
720 397.7 81962
730 399.3 85955
740 321.7 89172
750 221.9 91391
760 76.6 92157
770 10.3 92260
780 0.7 92267
790 0 92267
800 0 92267
810 0 92267
820 0 92267
830 0 92267
840 0 92267
850 0 92267
860 0 92267
870 0 92267
880 0 92267
890 0 92267
900 0 92267
903 0 92267
