0 9 9
10 22 13
20 37 15
30 47 10
40 51 4
50 49 -2
60 53 4
70 58 5
80 56 -2
90 69 13
100 68 -1
110 65 -3
120 69 4
130 70 1
140 86 16
150 94 8
160 95 1
170 95 0
180 107 12
190 127 20
200 149 22
210 174 25
220 186 12
230 199 13
240 198 -1
250 233 35
260 267 34
270 294 27
280 297 3
290 317 20
300 320 3
310 372 52
320 400 28
330 435 35
340 500 65
350 550 50
360 601 51
370 679 78
380 790 111
390 890 100
400 995 105
410 1068 73
420 1158 90
430 1214 56
440 1176 -38
450 1188 12
460 1211 23
470 1199 -12
480 1225 26
490 1250 25
500 1265 15
510 1285 20
520 1273 -12
530 1280 7
540 1320 40
550 1379 59
560 1418 39
570 1379 -39
580 1354 -25
590 1335 -19
600 1410 75
610 1503 93
620 1389 -114
630 1384 -5
640 1399 15
650 1399 0
660 1290 -109
670 1393 103
680 1333 -60
690 1408 75
700 1414 6
710 1378 -36
720 1060 -318
730 775 -285
740 611 -164
750 473 -138
760 401 -72
770 291 -110
780 240 -51
790 101 -139
800 32 -69
810 8 -24
820 0 -8
830 1 1
840 4 3
850 3 -1
860 2 -1
870 2 0
880 2 0
890 2 0
900 0 -2
903 0 0
