0 0.9 4.6978888888888894 10.021548953734586 33.036 0.861 0 0
10 1.3 1.2336153846153846 0.2774789079888744 33.036 0.861 4.6978888888888894 9
20 1.5 1.3958000000000004 0.9874872623651069 33.036 0.688 2.650818181818182 22
30 1 1.1212 0.22371177885842308 33.036 0.688 2.1420270270270274 37
40 0.9 1.1845555555555556 0.37729773421916224 33.036 0.688 1.9248297872340427 47
50 0.4 1.10175 0.26222545166325867 33.036 0.688 1.805857142857143 56
60 1.8 1.6115 2.2223342645365776 33.036 0.688 1.758916666666667 60
70 1.6 1.1944374999999998 0.28377477177111776 33.036 0.688 1.7248974358974358 78
80 1.1 1.160818181818182 0.24333322389521675 33.036 0.688 1.6346063829787234 94
90 1.6 1.242875 0.5452854613640455 33.036 0.688 1.5849714285714285 105
100 0.8 1.135375 0.19148168156510428 33.036 0.688 1.5397355371900825 121
110 1.3 1.1597692307692307 0.29038731532112116 33.036 0.688 1.5146589147286822 129
120 1.6 1.6799374999999999 2.24690794395181 33.036 0.688 1.482169014084507 142
130 1.5 1.1546666666666667 0.3647486196760113 33.036 0.688 1.5021962025316455 158
140 2.8 1.1039285714285711 0.2252435076869077 33.036 0.688 1.4720635838150289 173
150 2.3 1.6231304347826088 1.8617115851992294 33.036 0.688 1.4207810945273631 201
160 1.7 1.154705882352941 0.2605604287381748 33.036 0.688 1.4415580357142856 224
170 1.5 1.7464666666666668 2.408870769099543 33.036 0.688 1.421323651452282 241
180 3 1.4385333333333332 1.740512199197568 33.036 0.688 1.440375 256
190 4.3 1.1659069767441856 0.2303071572824238 33.036 0.688 1.4401818181818182 286
200 3.7 1.2862702702702702 0.5465194365450771 33.036 0.688 1.4043343465045592 329
210 4.4 1.1862727272727271 0.28752963196199166 33.036 0.688 1.3923989071038252 366
220 3.4 2.1117058823529424 5.1321841671221735 33.036 0.688 1.3702780487804878 410
230 5 1.071460000000001 0.25109935961686564 33.036 0.688 1.427054054054054 444
240 4.1 1.3495853658536583 1.6263677767195512 33.036 0.688 1.3910627530364374 494
250 6.5 1.1778000000000004 0.4993251507323122 33.036 0.639 1.3878841121495327 535
260 7.4 1.0913108108108107 0.30121200783984386 33.036 0.639 1.3651250000000001 600
270 6.7 1.3183582089552237 1.4189811533200112 33.036 0.639 1.3350623145400593 674
280 5.8 1.3227758620689658 0.9146475492873527 33.036 0.639 1.3335519568151148 741
290 6 1.0578333333333336 0.24778076106823865 33.036 0.639 1.3327697121401756 799
300 7.3 1.2161369863013698 1.3562575452988126 33.036 0.629 1.3135657741559956 859
310 11.3 1.0365752212389392 0.30785457448612114 33.036 0.629 1.3059345493562236 932
320 8.7 1.1692988505747124 0.6773416787477307 33.036 0.629 1.2768076555023926 1045
330 9.2 1.258304347826087 0.932708267209113 33.036 0.629 1.2685450530035338 1132
340 11.7 1.1627264957264956 0.38392457467784763 33.036 0.629 1.267775326797386 1224
350 10.9 1.1153944954128445 0.3697915608850607 33.036 0.612 1.2586099925428786 1341
360 11.3 1.2694336283185836 1.2404557175440485 33.036 0.612 1.2478441379310345 1450
370 14.6 1.0990342465753424 0.32223118592609334 33.036 0.612 1.249404990403071 1563
380 16.7 1.1605149700598805 0.7171722820293784 33.036 0.612 1.236558806319485 1709
390 20.7 1.2178550724637678 0.8919409645879144 33.036 0.612 1.229789445628998 1876
400 24.1 1.3548340248962658 1.2733291311309516 33.036 0.537 1.2286034565530486 2083
410 31.3 1.1963482428115007 0.8073929508792483 33.036 0.506 1.2416936316695353 2324
420 54.5 1.4611614678899083 1.9409822396565275 33.036 0.38 1.2363113386423965 2637
430 97.5 1.833142564102562 2.3858238418397235 33.036 0.38 1.2748227529855436 3182
440 145.6 2.5249326923076945 3.336192685619277 33.036 0.364 1.4057733942747168 4157
450 190.7 2.8420928159412644 3.4617184179427523 33.036 0.364 1.6960808836629255 5613
460 239.1 3.379905897114181 3.9397570506945248 33.036 0.361 1.9866985372340413 7520
470 257 3.3402758754863786 3.8408006863945277 33.036 0.345 2.3228057713651498 9911
480 267.6 3.330736920777285 3.832209350333091 33.036 0.345 2.5323160804422717 12481
490 254.4 3.331296383647801 4.055304174283572 36.84 0.345 2.673278947021179 15157
500 260.5 3.3267715930902138 3.623343378433984 36.84 0.345 2.767849669510198 17701
510 267.6 3.543600896860971 4.148477626731397 42.531 0.345 2.8395522013198082 20306
520 277.1 4.5552569469505375 5.048470449179375 42.531 0.345 2.9215308937429287 22982
530 308.8 4.372370466321233 4.842938253999853 42.531 0.345 3.0973183706752585 25753
540 320.2 4.223910368519676 4.582309521960709 42.531 0.345 3.2338379390451064 28841
550 355.1 4.11910982821742 4.317291467860876 42.531 0.345 3.33277411603158 32043
560 362.3 4.650279878553674 4.826281509677513 42.531 0.345 3.4112221160869804 35594
570 392.9 4.8235268516161875 4.867502499558294 42.531 0.345 3.5256904913685374 39217
580 426.5 12.593973739742058 30.751133280711446 314.973 0.345 3.643875237565474 43146
590 480.9 6.864626117695961 6.532306232795459 314.973 0.345 4.449008436860641 47411
600 476.8 6.796400167785235 5.8436620186550625 314.973 0.345 4.671465453849095 52220
610 450 11.796728444444444 21.22302085768686 314.973 0.345 4.849251807398044 56988
620 487.6 11.964663043478227 26.677788643629082 314.973 0.345 5.35770296643247 61488
630 533.1 6.085178390545857 6.724364123358138 314.973 0.345 5.843139910192265 66364
640 560 7.183669999999991 6.640485442078553 314.973 0.345 5.861137080689023 71695
650 568.8 9.053458157524616 10.318934908332954 314.973 0.345 5.95695420143605 77295
660 562.4 19.822049786628735 27.143498671999502 314.973 0.345 6.1692014629502365 82983
670 597 13.406842043551165 17.62633534895566 314.973 0.345 7.035765266852501 88607
680 583.9 17.929769481075446 22.397745148975893 314.973 0.345 7.437927826004207 94577
690 570.7 10.75061433327498 10.45021230513448 314.973 0.345 8.048008524537916 100416
700 570.3 11.642593547255904 12.398336893936628 314.973 0.345 8.193347153774392 106123
710 581.1 10.60607124419204 9.907313238043578 314.973 0.345 8.369254833401895 111826
720 566.3 11.291956030372553 10.177764775124913 314.973 0.345 8.479748471994359 117637
730 567.8 8.412060760831269 7.648545363777387 314.973 0.345 8.608909310624494 123300
740 481.4 5.531916701287927 5.690636721687033 314.973 0.345 8.600243444618462 128978
750 344.1 4.291195873292658 4.855548723050016 314.973 0.345 8.489841290959102 133792
760 197.2 2.469425456389453 2.787518475733718 314.973 0.345 8.384563851260268 137233
770 127.3 1.9263495679497258 2.028495504199975 314.973 0.345 8.300769067203047 139205
780 86.9 1.391134637514383 1.48634497265273 314.973 0.345 8.243004605703385 140478
790 32.3 1.2455170278637775 0.8590486145474379 314.973 0.345 8.200879374871771 141347
800 8.6 1.5129069767441863 1.194918802611728 314.973 0.345 8.185021521846547 141670
810 2.5 1.4694000000000003 0.9066950093609206 314.973 0.345 8.180973708343918 141756
820 2.7 1.3920000000000003 0.2585502315261431 314.973 0.345 8.179790268089523 141781
830 2.6 1.3745384615384617 0.21027275890161015 314.973 0.345 8.178497884463503 141808
840 1.4 2.838571428571428 5.6208592214851905 314.973 0.345 8.177250631019364 141834
850 0 0 0 314.973 0.345 8.176723718346402 141848
860 0 0 0 314.973 0.345 8.176723718346402 141848
870 0 0 0 314.973 0.345 8.176723718346402 141848
880 0 0 0 314.973 0.345 8.176723718346402 141848
890 0 0 0 314.973 0.345 8.176723718346402 141848
900 0 0 0 314.973 0.345 8.176723718346402 141848
903 0 0 0 314.973 0.345 8.176723718346402 141848
