0 0.1 4.442259798138681 0 4.442259798138681 4.442259798138681 0 0
10 0.1 0.7984031936127743 0.0 4.442259798138681 0.7984031936127743 4.442259798138681 1
20 0.1 1.1988011988011988 0.0 4.442259798138681 0.7984031936127743 2.620331495875728 2
30 0.1 2.293120638085743 0.0 4.442259798138681 0.7984031936127743 2.1464880635175514 3
40 0.1 3.2803180914512926 0.0 4.442259798138681 0.7984031936127743 2.183146207159599 4
50 0.1 4.063429137760158 0.0 4.442259798138681 0.7984031936127743 2.4025805840179375 5
60 0.1 5.024630541871921 0.0 5.024630541871921 0.7984031936127743 2.679388676308308 6
70 0.1 5.986261040235525 0.0 5.986261040235525 0.7984031936127743 3.014423228531681 7
80 0.1 6.896551724137931 0.0 6.896551724137931 0.7984031936127743 3.3859029549946618 8
90 0.1 7.7073170731707314 0.0 7.7073170731707314 0.7984031936127743 3.775975040455025 9
100 0.1 8.32517140058766 0.0 8.32517140058766 0.7984031936127743 4.169109243726595 10
110 0.1 8.349705304518663 0.0 8.349705304518663 0.7984031936127743 4.546933076168511 11
120 0.1 8.823529411764707 0.0 8.823529411764707 0.7984031936127743 4.863830761864357 12
130 0.1 10.1364522417154 0.0 10.1364522417154 0.7984031936127743 5.168422965702845 13
140 0.1 9.66796875 0.0 10.1364522417154 0.7984031936127743 5.5232821997037425 14
150 0.1 9.86328125 0.0 10.1364522417154 0.7984031936127743 5.799594636390159 15
160 0.1 12.693798449612403 0.0 12.693798449612403 0.7984031936127743 6.0535750497407745 16
170 0.1 12.840466926070038 0.0 12.840466926070038 0.7984031936127743 6.4441764262038115 17
180 0.1 12.183235867446394 0.0 12.840466926070038 0.7984031936127743 6.799525898418602 18
190 0.1 12.729026036644168 0.0 12.840466926070038 0.7984031936127743 7.0828790546832225 19
200 0.1 12.366114897760468 0.0 12.840466926070038 0.7984031936127743 7.36518640378127 20
210 0.1 15.087040618955513 0.0 15.087040618955513 0.7984031936127743 7.603325855875518 21
220 0.1 18.19047619047619 0.0 18.19047619047619 0.7984031936127743 7.94349470874279 22
230 0.1 20.647002854424358 0.0 20.647002854424358 0.7984031936127743 8.389015642731199 23
240 0.1 20.669856459330145 0.0 20.669856459330145 0.7984031936127743 8.89976510988508 24
250 0.1 21.78502879078695 0.0 21.78502879078695 0.7984031936127743 9.370568763862881 25
260 0.1 21.59847764034253 0.0 21.78502879078695 0.7984031936127743 9.848047995667653 26
270 0.1 23.568702290076335 0.0 23.568702290076335 0.7984031936127743 10.283249093618574 27
280 0.1 24.810606060606062 0.0 24.810606060606062 0.7984031936127743 10.757729564920636 28
290 0.1 27.529182879377434 0.0 27.529182879377434 0.7984031936127743 11.242311513047719 29
300 0.1 26.944971537001898 0.0 27.529182879377434 0.7984031936127743 11.785207225258711 30
310 0.1 28.098391674550616 0.0 28.098391674550616 0.7984031936127743 12.274231880476233 31
320 0.1 30.283018867924525 0.0 30.283018867924525 0.7984031936127743 12.768736874041057 32
330 0.1 32.49534450651769 0.0 32.49534450651769 0.7984031936127743 13.299472692037526 33
340 0.1 37.359550561797754 0.0 37.359550561797754 0.7984031936127743 13.864057157169295 34
350 0.1 40.0 0.0 40.0 0.7984031936127743 14.535356968730108 35
360 0.1 39.332096474953616 0.0 40.0 0.7984031936127743 15.242708164043158 36
370 0.1 40.31805425631431 0.0 40.31805425631431 0.7984031936127743 15.893772712986683 37
380 0.1 41.03035878564857 0.0 41.03035878564857 0.7984031936127743 16.536516964126886 38
390 0.1 42.42709313264346 0.0 42.42709313264346 0.7984031936127743 17.164564190319748 39
400 0.1 44.62962962962963 0.0 44.62962962962963 0.7984031936127743 17.79612741387784 40
410 0.1 45.76744186046512 0.0 45.76744186046512 0.7984031936127743 18.450603077676664 41
420 0.1 46.37817497648166 0.0 46.37817497648166 0.7984031936127743 19.10100400107639 42
430 0.1 46.13233923578751 0.0 46.37817497648166 0.7984031936127743 19.73535681445791 43
440 0.1 45.36082474226804 0.0 46.37817497648166 0.7984031936127743 20.33528823312449 44
450 0.1 46.28252788104089 0.0 46.37817497648166 0.7984031936127743 20.891411266661013 45
460 0.1 45.90316573556797 0.0 46.37817497648166 0.7984031936127743 21.443392062625794 46
470 0.1 46.63023679417122 0.0 46.63023679417122 0.7984031936127743 21.96381277907137 47
480 0.1 46.808510638297875 0.0 46.808510638297875 0.7984031936127743 22.477696612719285 48
490 0.1 46.57276995305165 0.0 46.808510638297875 0.7984031936127743 22.97424383773109 49
500 0.1 47.451343836886004 0.0 47.451343836886004 0.7984031936127743 23.4462143600375 50
510 0.1 47.32472324723247 0.0 47.451343836886004 0.7984031936127743 23.91690317330904 51
520 0.1 45.77067669172932 0.0 47.451343836886004 0.7984031936127743 24.36705355934603 52
530 0.1 48.24976348155156 0.0 48.24976348155156 0.7984031936127743 24.770895505240055 53
540 0.1 48.80611270296084 0.0 48.80611270296084 0.7984031936127743 25.20568935665323 54
550 0.1 48.97560975609756 0.0 48.97560975609756 0.7984031936127743 25.634787962949733 55
560 0.1 49.51550387596899 0.0 49.51550387596899 0.7984031936127743 26.05158835211309 56
570 0.1 49.5136186770428 0.0 49.51550387596899 0.7984031936127743 26.46323599288249 57
580 0.1 49.70530451866404 0.0 49.70530451866404 0.7984031936127743 26.8606563839887 58
590 0.1 49.803149606299215 0.0 49.803149606299215 0.7984031936127743 27.247853810000148 59
600 0.1 49.705882352941174 0.0 49.803149606299215 0.7984031936127743 27.623775406605134 60
610 0.1 49.75562072336266 0.0 49.803149606299215 0.7984031936127743 27.98577715982376 61
620 0.1 49.75369458128079 0.0 49.803149606299215 0.7984031936127743 28.336903668913095 62
630 0.1 49.8545101842871 0.0 49.8545101842871 0.7984031936127743 28.67685273101417 63
640 0.1 49.85563041385948 0.0 49.85563041385948 0.7984031936127743 29.00775362872156 64
650 0.1 49.60317460317461 0.0 49.85563041385948 0.7984031936127743 29.328490194646758 65
660 0.1 49.80694980694981 0.0 49.85563041385948 0.7984031936127743 29.635682382654757 66
670 0.1 49.656526005888125 0.0 49.85563041385948 0.7984031936127743 29.936746075554684 67
680 0.1 50.048216007714565 0.0 50.048216007714565 0.7984031936127743 30.22674283923606 68
690 0.1 49.806576402321085 0.0 50.048216007714565 0.7984031936127743 30.51401056631546 69
700 0.1 49.61832061068702 0.0 50.048216007714565 0.7984031936127743 30.789618649686968 70
710 0.1 49.905123339658445 0.0 50.048216007714565 0.7984031936127743 31.05481163505317 71
720 0.1 49.707602339181285 0.0 50.048216007714565 0.7984031936127743 31.316621519839355 72
730 0.1 49.707602339181285 0.0 50.048216007714565 0.7984031936127743 31.56855276393993 73
740 0.1 49.707602339181285 0.0 50.048216007714565 0.7984031936127743 31.81367505549725 74
750 0.1 50.04897159647405 0.0 50.04897159647405 0.7984031936127743 32.05226075261304 75
760 0.1 49.90157480314961 0.0 50.04897159647405 0.7984031936127743 32.289059579505945 76
770 0.1 44.773175542406314 0.0 50.04897159647405 0.7984031936127743 32.51779354344937 77
780 0.1 11.747572815533982 0.0 50.04897159647405 0.7984031936127743 32.67491382548729 78
790 0.1 3.0784508440913605 0.0 50.04897159647405 0.7984031936127743 32.41001077472839 79
800 0.1 1.1952191235059761 0.0 50.04897159647405 0.7984031936127743 32.04336627559543 80
810 0.1 0.6 0.0 50.04897159647405 0.6 31.662524952730127 81
820 0.1 0.897308075772682 0.0 50.04897159647405 0.6 31.28371367281878 82
830 0.1 0.6006006006006006 0.0 50.04897159647405 0.6 30.917612400565215 83
838 0.1 0.6993006993006993 0.0 50.04897159647405 0.6 30.55669559342278 84
