0 0.1 6.482374968159853 0 6.482374968159853 6.482374968159853 0 0
10 0.1 5.189620758483033 0.0 6.482374968159853 5.189620758483033 6.482374968159853 1
20 0.1 3.896103896103896 0.0 6.482374968159853 3.896103896103896 5.8359978633214435 2
30 0.1 1.5952143569292123 0.0 6.482374968159853 1.5952143569292123 5.189366540915594 3
40 0.1 2.485089463220676 0.0 6.482374968159853 1.5952143569292123 4.2908284949189985 4
50 0.1 3.1714568880079286 0.0 6.482374968159853 1.5952143569292123 3.929680688579334 5
60 0.1 3.557312252964427 0.0 6.482374968159853 1.5952143569292123 3.803310055150766 6
70 0.1 3.072348860257681 0.0 6.482374968159853 1.5952143569292123 3.768167511981289 7
80 0.1 2.967359050445104 0.0 6.482374968159853 1.5952143569292123 3.681190180515838 8
90 0.1 3.072348860257681 0.0 6.482374968159853 1.5952143569292123 3.6018756105079786 9
100 0.1 3.4653465346534658 0.0 6.482374968159853 1.5952143569292123 3.548922935482949 10
110 0.1 3.956478733926805 0.0 6.482374968159853 1.5952143569292123 3.541325080862087 11
120 0.1 3.277060575968222 0.0 6.482374968159853 1.5952143569292123 3.5759212186174802 12
130 0.1 3.3696729435084243 0.0 6.482374968159853 1.5952143569292123 3.552931938413691 13
140 0.1 4.621435594886923 0.0 6.482374968159853 1.5952143569292123 3.539842010206172 14
150 0.1 4.051383399209486 0.0 6.482374968159853 1.5952143569292123 3.611948249184889 15
160 0.1 4.921259842519685 0.0 6.482374968159853 1.5952143569292123 3.639412946061426 16
170 0.1 5.128205128205128 0.0 6.482374968159853 1.5952143569292123 3.7148157046766177 17
180 0.1 5.697445972495088 0.0 6.482374968159853 1.5952143569292123 3.79333733931709 18
190 0.1 5.50098231827112 0.0 6.482374968159853 1.5952143569292123 3.893553583168564 19
200 0.1 5.621301775147929 0.0 6.482374968159853 1.5952143569292123 3.973925019923692 20
210 0.1 7.624633431085044 0.0 7.624633431085044 1.5952143569292123 4.052371532077227 21
220 0.1 9.542356377799416 0.0 9.542356377799416 1.5952143569292123 4.214747072941218 22
230 0.1 9.765625 0.0 9.765625 1.5952143569292123 4.446382260108966 23
240 0.1 10.648596321393997 0.0 10.648596321393997 1.5952143569292123 4.668017374271092 24
250 0.1 9.737098344693282 0.0 10.648596321393997 1.5952143569292123 4.907240532156009 25
260 0.1 11.798839458413926 0.0 11.798839458413926 1.5952143569292123 5.093004294176674 26
270 0.1 12.100677637947726 0.0 12.100677637947726 1.5952143569292123 5.341368559518794 27
280 0.1 13.816425120772946 0.0 13.816425120772946 1.5952143569292123 5.582772455176971 28
290 0.1 14.118792599805257 0.0 14.118792599805257 1.5952143569292123 5.866691512611315 29
300 0.1 16.125954198473284 0.0 16.125954198473284 1.5952143569292123 6.141761548851113 30
310 0.1 17.123935666982025 0.0 17.123935666982025 1.5952143569292123 6.463832279484087 31
320 0.1 16.650717703349283 0.0 17.123935666982025 1.5952143569292123 6.796960510343397 32
330 0.1 15.774099318403115 0.0 17.123935666982025 1.5952143569292123 7.095559213161757 33
340 0.1 19.00668576886342 0.0 19.00668576886342 1.5952143569292123 7.350810392727679 34
350 0.1 20.285714285714285 0.0 20.285714285714285 1.5952143569292123 7.683835403474414 35
360 0.1 19.808612440191386 0.0 20.285714285714285 1.5952143569292123 8.033887594647744 36
370 0.1 20.342205323193916 0.0 20.342205323193916 1.5952143569292123 8.352123401284059 37
380 0.1 20.923656927426958 0.0 20.923656927426958 1.5952143569292123 8.667651872913266 38
390 0.1 20.415879017013232 0.0 20.923656927426958 1.5952143569292123 8.981908412772592 39
400 0.1 24.81203007518797 0.0 24.81203007518797 1.5952143569292123 9.26775767787861 40
410 0.1 25.770308123249297 0.0 25.770308123249297 1.5952143569292123 9.646886272934935 41
420 0.1 32.28492136910268 0.0 32.28492136910268 1.5952143569292123 10.030777269370992 42
430 0.1 37.111517367458866 0.0 37.111517367458866 1.5952143569292123 10.548315504248473 43
440 0.1 44.08888888888889 0.0 44.08888888888889 1.5952143569292123 11.152024637503255 44
450 0.1 45.65217391304348 0.0 45.65217391304348 1.5952143569292123 11.883954954200714 45
460 0.1 47.65342960288809 0.0 47.65342960288809 1.5952143569292123 12.618046670697296 46
470 0.1 47.33455882352941 0.0 47.65342960288809 1.5952143569292123 13.363480350105611 47
480 0.1 48.36601307189542 0.0 48.36601307189542 1.5952143569292123 14.071211151635273 48
490 0.1 47.675478577939835 0.0 48.36601307189542 1.5952143569292123 14.771105068375276 49
500 0.1 47.392497712717294 0.0 48.36601307189542 1.5952143569292123 15.429192538566568 50
510 0.1 47.55760368663594 0.0 48.36601307189542 1.5952143569292123 16.055924012569523 51
520 0.1 48.25367647058824 0.0 48.36601307189542 1.5952143569292123 16.661725544763108 52
530 0.1 47.97742238946378 0.0 48.36601307189542 1.5952143569292123 17.257800090533394 53
540 0.1 48.49624060150376 0.0 48.49624060150376 1.5952143569292123 17.82668198495803 54
550 0.1 48.29222011385199 0.0 48.49624060150376 1.5952143569292123 18.38431032344068 55
560 0.1 47.98464491362764 0.0 48.49624060150376 1.5952143569292123 18.918380141126594 56
570 0.1 47.830279652844744 0.0 48.49624060150376 1.5952143569292123 19.428314610819594 57
580 0.1 48.0806142034549 0.0 48.49624060150376 1.5952143569292123 19.9180036632683 58
590 0.1 48.45261121856866 0.0 48.49624060150376 1.5952143569292123 20.39533604530536 59
600 0.1 49.06219151036525 0.0 49.06219151036525 1.5952143569292123 20.86295729819308 60
610 0.1 49.27113702623907 0.0 49.27113702623907 1.5952143569292123 21.325239826261477 61
620 0.1 49.25816023738873 0.0 49.27113702623907 1.5952143569292123 21.77598010368047 62
630 0.1 49.164208456243855 0.0 49.27113702623907 1.5952143569292123 22.212205185167903 63
640 0.1 48.97760467380721 0.0 49.27113702623907 1.5952143569292123 22.633330236278464 64
650 0.1 49.311023622047244 0.0 49.311023622047244 1.5952143569292123 23.0386267660866 65
660 0.1 49.36831875607386 0.0 49.36831875607386 1.5952143569292123 23.436693385116307 66
670 0.1 49.21259842519685 0.0 49.36831875607386 1.5952143569292123 23.823732569757464 67
680 0.1 49.25962487660415 0.0 49.36831875607386 1.5952143569292123 24.19709824410216 68
690 0.1 49.40357852882703 0.0 49.40357852882703 1.5952143569292123 24.56032326776161 69
700 0.1 49.404761904761905 0.0 49.404761904761905 1.5952143569292123 24.91522691434826 70
710 0.1 49.19839679358717 0.0 49.404761904761905 1.5952143569292123 25.260149942382256 71
720 0.1 49.35579781962339 0.0 49.404761904761905 1.5952143569292123 25.592625593093434 72
730 0.1 49.25816023738873 0.0 49.404761904761905 1.5952143569292123 25.918148500306174 73
740 0.1 49.35194416749751 0.0 49.404761904761905 1.5952143569292123 26.2335540643208 74
750 0.1 49.298597194388776 0.0 49.404761904761905 1.5952143569292123 26.541799265696486 75
760 0.1 47.39382239382239 0.0 49.404761904761905 1.5952143569292123 26.841230817389807 76
770 0.1 35.14492753623188 0.0 49.404761904761905 1.5952143569292123 27.10814759110971 77
780 0.1 29.879740980573544 0.0 49.404761904761905 1.5952143569292123 27.21118323143179 78
790 0.1 19.661335841956724 0.0 49.404761904761905 1.5952143569292123 27.24496244344624 79
800 0.1 9.426627793974733 0.0 49.404761904761905 1.5952143569292123 27.150167110927622 80
810 0.1 3.458498023715415 0.0 49.404761904761905 1.5952143569292123 26.93135798355783 81
820 0.1 1.394422310756972 0.0 49.404761904761905 1.394422310756972 26.645103593803658 82
830 0.1 1.1988011988011988 0.0 49.404761904761905 1.1988011988011988 26.3408785181043 83
840 0.1 0.998003992015968 0.0 49.404761904761905 0.998003992015968 26.04156807382688 84
850 0.1 0.20020020020020018 0.0 49.404761904761905 0.20020020020020018 25.746937908158515 85
860 0.1 0.0999000999000999 0.0 49.404761904761905 0.0999000999000999 25.44988281853109 86
870 0.1 0.1 0.0 49.404761904761905 0.0999000999000999 25.15850370682269 87
880 0.1 0.1 0.0 49.404761904761905 0.0999000999000999 24.873747982881522 88
890 0.1 0.1 0.0 49.404761904761905 0.0999000999000999 24.595391263972736 89
900 0.1 2.5 0.0 49.404761904761905 0.0999000999000999 24.323220249928596 90
