0 0 0
10 0 0
20 0 0
30 0 0
40 0.5 5
50 0.6 11
60 1.4 25
70 1.2 37
80 1.2 49
90 0.4 53
100 0.8 61
110 1.6 77
120 1.2 89
130 1.3 102
140 1.2 114
150 1.5 129
160 1.6 145
170 1.5 160
180 1.8 178
190 2.3 201
200 1.5 216
210 1.9 235
220 2.2 257
230 3.9 296
240 4.3 339
250 3.1 370
260 3.6 406
270 4.2 448
280 5.4 502
290 3.9 541
300 7 611
310 6.3 674
320 5.8 732
330 5.7 789
340 5.3 842
350 6 902
360 5.9 961
370 6.8 1029
380 5.6 1085
390 5.2 1137
400 4.4 1181
410 4 1221
420 3.8 1259
430 5.7 1316
440 8.3 1399
450 11.9 1518
460 13.1 1649
470 17.9 1828
480 23.9 2067
490 23.6 2303
500 21.3 2516
510 19.2 2708
520 21.8 2926
530 19.5 3121
540 20.9 3330
550 24.2 3572
560 25.5 3827
570 27.7 4104
580 24.1 4345
590 27.8 4623
600 29.7 4920
610 32 5240
620 32 5560
630 31.9 5879
640 31 6189
650 31.6 6505
660 35.2 6857
670 36.8 7225
680 40.9 7634
690 34.6 7980
700 37.2 8352
710 35.3 8705
720 34.8 9053
730 43.4 9487
740 38.5 9872
750 39.8 10270
760 23.7 10507
770 19.8 10705
780 19 10895
790 18.7 11082
800 8.7 11169
810 2.7 11196
820 0.8 11204
830 0 11204
840 0.1 11205
850 0.1 11206
860 0.1 11207
870 0 11207
880 0 11207
890 0 11207
900 0.2 11209
903 0 11209
