0 0.1 3512.265625 0 3512.265625 3512.265625 0 0
10 0.1 3513.41796875 0.0 3513.41796875 3512.265625 3512.265625 1
20 0.1 3510.30078125 0.0 3513.41796875 3510.30078125 3512.841796875 2
30 0.1 3504.53515625 0.0 3513.41796875 3504.53515625 3511.9947916666665 3
40 0.1 3497.7265625 0.0 3513.41796875 3497.7265625 3510.1298828125 4
50 0.1 3491.69921875 0.0 3513.41796875 3491.69921875 3507.64921875 5
60 0.1 3490.3828125 0.0 3513.41796875 3490.3828125 3504.9908854166665 6
70 0.1 3488.9375 0.0 3513.41796875 3488.9375 3502.9040178571427 7
80 0.1 3490.3828125 0.0 3513.41796875 3488.9375 3501.158203125 8
90 0.1 3490.2734375 0.0 3513.41796875 3488.9375 3499.9609375 9
100 0.1 3489.53515625 0.0 3513.41796875 3488.9375 3498.9921875 10
110 0.1 3487.40234375 0.0 3513.41796875 3487.40234375 3498.1324573863635 11
120 0.1 3487.2578125 0.0 3513.41796875 3487.2578125 3497.23828125 12
130 0.1 3489.84375 0.0 3513.41796875 3487.2578125 3496.4705528846152 13
140 0.1 3487.30859375 0.0 3513.41796875 3487.2578125 3495.9972098214284 14
150 0.1 3486.10546875 0.0 3513.41796875 3486.10546875 3495.41796875 15
160 0.1 3482.12109375 0.0 3513.41796875 3482.12109375 3494.8359375 16
170 0.1 3475.23046875 0.0 3513.41796875 3475.23046875 3494.088005514706 17
180 0.1 3473.88671875 0.0 3513.41796875 3473.88671875 3493.0403645833335 18
190 0.1 3473.07421875 0.0 3513.41796875 3473.07421875 3492.0322779605262 19
200 0.1 3472.00390625 0.0 3513.41796875 3472.00390625 3491.084375 20
210 0.1 3450.578125 0.0 3513.41796875 3450.578125 3490.17578125 21
220 0.1 3438.83203125 0.0 3513.41796875 3438.83203125 3488.375887784091 22
230 0.1 3438.91015625 0.0 3513.41796875 3438.83203125 3486.2218070652175 23
240 0.1 3428.71875 0.0 3513.41796875 3428.71875 3484.25048828125 24
250 0.1 3431.1171875 0.0 3513.41796875 3428.71875 3482.02921875 25
260 0.1 3426.44140625 0.0 3513.41796875 3426.44140625 3480.071063701923 26
270 0.1 3416.80859375 0.0 3513.41796875 3416.80859375 3478.0847800925926 27
280 0.1 3396.26953125 0.0 3513.41796875 3396.26953125 3475.8963448660716 28
290 0.1 3380.04296875 0.0 3513.41796875 3380.04296875 3473.150592672414 29
300 0.1 3380.24609375 0.0 3513.41796875 3380.04296875 3470.0470052083333 30
310 0.1 3383.328125 0.0 3513.41796875 3380.04296875 3467.1502016129034 31
320 0.1 3381.25390625 0.0 3513.41796875 3380.04296875 3464.53076171875 32
330 0.1 3368.22265625 0.0 3513.41796875 3368.22265625 3462.0072206439395 33
340 0.1 3343.58203125 0.0 3513.41796875 3343.58203125 3459.248851102941 34
350 0.1 3327.49609375 0.0 3513.41796875 3327.49609375 3455.9440848214285 35
360 0.1 3310.4296875 0.0 3513.41796875 3310.4296875 3452.3760850694443 36
370 0.1 3301.46875 0.0 3513.41796875 3301.46875 3448.539695945946 37
380 0.1 3257.51953125 0.0 3513.41796875 3257.51953125 3444.6694078947367 38
390 0.1 3254.29296875 0.0 3513.41796875 3254.29296875 3439.870693108974 39
400 0.1 3201.703125 0.0 3513.41796875 3201.703125 3435.23125 40
410 0.1 3150.53125 0.0 3513.41796875 3150.53125 3429.5354420731705 41
420 0.1 3126.453125 0.0 3513.41796875 3126.453125 3422.8924851190477 42
430 0.1 3057.84765625 0.0 3513.41796875 3057.84765625 3415.998546511628 43
440 0.1 3026.9921875 0.0 3513.41796875 3026.9921875 3407.8587535511365 44
450 0.1 3018.18359375 0.0 3513.41796875 3018.18359375 3399.395052083333 45
460 0.1 3023.59765625 0.0 3513.41796875 3018.18359375 3391.1078464673915 46
470 0.1 3016.39453125 0.0 3513.41796875 3016.39453125 3383.288480718085 47
480 0.1 3016.5625 0.0 3513.41796875 3016.39453125 3375.6448567708335 48
490 0.1 3025.453125 0.0 3513.41796875 3016.39453125 3368.3166454081634 49
500 0.1 3005.80078125 0.0 3513.41796875 3005.80078125 3361.459375 50
510 0.1 3002.80859375 0.0 3513.41796875 3002.80859375 3354.4856770833335 51
520 0.1 2999.9921875 0.0 3513.41796875 2999.9921875 3347.72265625 52
530 0.1 3001.6171875 0.0 3513.41796875 2999.9921875 3341.161704009434 53
540 0.1 2998.4921875 0.0 3513.41796875 2998.4921875 3334.8738425925926 54
550 0.1 2975.234375 0.0 3513.41796875 2975.234375 3328.7578125 55
560 0.1 2973.21875 0.0 3513.41796875 2973.21875 3322.444893973214 56
570 0.1 2969.81640625 0.0 3513.41796875 2969.81640625 3316.318119517544 57
580 0.1 2967.70703125 0.0 3513.41796875 2967.70703125 3310.343952047414 58
590 0.1 2976.60546875 0.0 3513.41796875 2967.70703125 3304.5365466101694 59
600 0.1 2986.625 0.0 3513.41796875 2967.70703125 3299.0710286458334 60
610 0.1 2986.55078125 0.0 3513.41796875 2967.70703125 3293.9489626024592 61
620 0.1 2987.2109375 0.0 3513.41796875 2967.70703125 3288.9909274193546 62
630 0.1 2971.9609375 0.0 3513.41796875 2967.70703125 3284.2007688492063 63
640 0.1 2984.54296875 0.0 3513.41796875 2967.70703125 3279.322021484375 64
650 0.1 2985.76953125 0.0 3513.41796875 2967.70703125 3274.7869591346152 65
660 0.1 2988.17578125 0.0 3513.41796875 2967.70703125 3270.4079071969695 66
670 0.1 3002.1640625 0.0 3513.41796875 2967.70703125 3266.1954874067164 67
680 0.1 3019.8671875 0.0 3513.41796875 2967.70703125 3262.312672334559 68
690 0.1 3029.6171875 0.0 3513.41796875 2967.70703125 3258.798969655797 69
700 0.1 3027.49609375 0.0 3513.41796875 2967.70703125 3255.5249441964284 70
710 0.1 3028.58984375 0.0 3513.41796875 2967.70703125 3252.3132702464786 71
720 0.1 3029.91796875 0.0 3513.41796875 2967.70703125 3249.2060004340274 72
730 0.1 3029.55859375 0.0 3513.41796875 2967.70703125 3246.2020547945203 73
740 0.1 3035.55859375 0.0 3513.41796875 2967.70703125 3243.274440456081 74
750 0.1 3051.34765625 0.0 3513.41796875 2967.70703125 3240.5048958333327 75
760 0.1 3053.2421875 0.0 3513.41796875 2967.70703125 3238.0159847861833 76
770 0.1 3062.671875 0.0 3513.41796875 2967.70703125 3235.6163250811683 77
780 0.1 3065.26953125 0.0 3513.41796875 2967.70703125 3233.3990885416665 78
790 0.1 3104.7421875 0.0 3513.41796875 2967.70703125 3231.2708662974683 79
800 0.1 3122.54296875 0.0 3513.41796875 2967.70703125 3229.6892578125 80
810 0.1 3151.27734375 0.0 3513.41796875 2967.70703125 3228.3664641203704 81
820 0.1 3233.7890625 0.0 3513.41796875 2967.70703125 3227.4263528963415 82
830 0.1 3249.9296875 0.0 3513.41796875 2967.70703125 3227.503012048193 83
840 0.1 3249.94140625 0.0 3513.41796875 2967.70703125 3227.769996279762 84
850 0.1 3250.203125 0.0 3513.41796875 2967.70703125 3228.030836397059 85
860 0.1 3250.2265625 0.0 3513.41796875 2967.70703125 3228.2886537063955 86
870 0.1 3250.2734375 0.0 3513.41796875 2967.70703125 3228.540813577586 87
880 0.1 3250.40234375 0.0 3513.41796875 2967.70703125 3228.787775213068 88
890 0.1 3250.83984375 0.0 3513.41796875 2967.70703125 3229.030635533708 89
900 0.1 3251.484375 0.0 3513.41796875 2967.70703125 3229.2729600694443 90
