0 0.1 3507.859375 0 3507.859375 3507.859375 0 0
10 0.1 3509.67578125 0.0 3509.67578125 3507.859375 3507.859375 1
20 0.1 3507.27734375 0.0 3509.67578125 3507.27734375 3508.767578125 2
30 0.1 3503.06640625 0.0 3509.67578125 3503.06640625 3508.2708333333335 3
40 0.1 3500.875 0.0 3509.67578125 3500.875 3506.9697265625 4
50 0.1 3494.796875 0.0 3509.67578125 3494.796875 3505.75078125 5
60 0.1 3490.69921875 0.0 3509.67578125 3490.69921875 3503.9251302083335 6
70 0.1 3489.7265625 0.0 3509.67578125 3489.7265625 3502.035714285714 7
80 0.1 3487.05859375 0.0 3509.67578125 3487.05859375 3500.4970703125 8
90 0.1 3486.5390625 0.0 3509.67578125 3486.5390625 3499.00390625 9
100 0.1 3479.875 0.0 3509.67578125 3479.875 3497.757421875 10
110 0.1 3475.38671875 0.0 3509.67578125 3475.38671875 3496.131747159091 11
120 0.1 3476.59765625 0.0 3509.67578125 3475.38671875 3494.4029947916665 12
130 0.1 3475.984375 0.0 3509.67578125 3475.38671875 3493.0333533653848 13
140 0.1 3474.51953125 0.0 3509.67578125 3474.51953125 3491.8155691964284 14
150 0.1 3474.17578125 0.0 3509.67578125 3474.17578125 3490.6625 15
160 0.1 3474.3515625 0.0 3509.67578125 3474.17578125 3489.632080078125 16
170 0.1 3464.046875 0.0 3509.67578125 3464.046875 3488.733226102941 17
180 0.1 3461.87890625 0.0 3509.67578125 3461.87890625 3487.361762152778 18
190 0.1 3460.8984375 0.0 3509.67578125 3460.8984375 3486.0205592105262 19
200 0.1 3460.33203125 0.0 3509.67578125 3460.33203125 3484.764453125 20
210 0.1 3455.625 0.0 3509.67578125 3455.625 3483.601004464286 21
220 0.1 3441.453125 0.0 3509.67578125 3441.453125 3482.3293678977275 22
230 0.1 3437.0390625 0.0 3509.67578125 3437.0390625 3480.552139945652 23
240 0.1 3433.98046875 0.0 3509.67578125 3433.98046875 3478.7390950520835 24
250 0.1 3421.3359375 0.0 3509.67578125 3421.3359375 3476.94875 25
260 0.1 3411.26953125 0.0 3509.67578125 3411.26953125 3474.809795673077 26
270 0.1 3409.0625 0.0 3509.67578125 3409.0625 3472.456452546296 27
280 0.1 3406.04296875 0.0 3509.67578125 3406.04296875 3470.1923828125 28
290 0.1 3404.9296875 0.0 3509.67578125 3404.9296875 3467.980334051724 29
300 0.1 3401.68359375 0.0 3509.67578125 3401.68359375 3465.8786458333334 30
310 0.1 3392.5234375 0.0 3509.67578125 3392.5234375 3463.8078377016127 31
320 0.1 3370.4140625 0.0 3509.67578125 3370.4140625 3461.5802001953125 32
330 0.1 3365.18359375 0.0 3509.67578125 3365.18359375 3458.817589962121 33
340 0.1 3326.88671875 0.0 3509.67578125 3326.88671875 3456.063648897059 34
350 0.1 3313.15234375 0.0 3509.67578125 3313.15234375 3452.3728794642857 35
360 0.1 3311.6875 0.0 3509.67578125 3311.6875 3448.5056423611113 36
370 0.1 3313.7421875 0.0 3509.67578125 3311.6875 3444.8078547297296 37
380 0.1 3292.2578125 0.0 3509.67578125 3292.2578125 3441.358758223684 38
390 0.1 3260.578125 0.0 3509.67578125 3260.578125 3437.535657051282 39
400 0.1 3244.703125 0.0 3509.67578125 3244.703125 3433.11171875 40
410 0.1 3215.7578125 0.0 3509.67578125 3215.7578125 3428.5163871951218 41
420 0.1 3186.859375 0.0 3509.67578125 3186.859375 3423.450706845238 42
430 0.1 3174.09765625 0.0 3509.67578125 3174.09765625 3417.9485828488373 43
440 0.1 3162.0859375 0.0 3509.67578125 3162.0859375 3412.4065163352275 44
450 0.1 3140.59375 0.0 3509.67578125 3140.59375 3406.8438368055554 45
460 0.1 3104.37109375 0.0 3509.67578125 3104.37109375 3401.0557914402175 46
470 0.1 3075.39453125 0.0 3509.67578125 3075.39453125 3394.74335106383 47
480 0.1 3057.3984375 0.0 3509.67578125 3057.3984375 3388.0902506510415 48
490 0.1 3017.6171875 0.0 3509.67578125 3017.6171875 3381.341438137755 49
500 0.1 2990.67578125 0.0 3509.67578125 2990.67578125 3374.066953125 50
510 0.1 2957.62890625 0.0 3509.67578125 2957.62890625 3366.5494791666665 51
520 0.1 2935.7734375 0.0 3509.67578125 2935.7734375 3358.6856219951924 52
530 0.1 2918.66015625 0.0 3509.67578125 2918.66015625 3350.7061468160377 53
540 0.1 2924.90625 0.0 3509.67578125 2918.66015625 3342.7052951388887 54
550 0.1 2912.08203125 0.0 3509.67578125 2912.08203125 3335.108948863636 55
560 0.1 2890.91015625 0.0 3509.67578125 2890.91015625 3327.5548967633927 56
570 0.1 2897.7578125 0.0 3509.67578125 2890.91015625 3319.894462719298 57
580 0.1 2910.22265625 0.0 3509.67578125 2890.91015625 3312.616244612069 58
590 0.1 2896.92578125 0.0 3509.67578125 2890.91015625 3305.7960143008477 59
600 0.1 2910.84375 0.0 3509.67578125 2890.91015625 3298.981510416667 60
610 0.1 2906.38671875 0.0 3509.67578125 2890.91015625 3292.6185963114754 61
620 0.1 2920.1875 0.0 3509.67578125 2890.91015625 3286.3890498991937 62
630 0.1 2921.91796875 0.0 3509.67578125 2890.91015625 3280.5763268849205 63
640 0.1 2924.578125 0.0 3509.67578125 2890.91015625 3274.9722900390625 64
650 0.1 2924.53515625 0.0 3509.67578125 2890.91015625 3269.581610576923 65
660 0.1 2918.6640625 0.0 3509.67578125 2890.91015625 3264.353633996212 66
670 0.1 2927.27734375 0.0 3509.67578125 2890.91015625 3259.194088152985 67
680 0.1 2903.41015625 0.0 3509.67578125 2890.91015625 3254.3129595588234 68
690 0.1 2919.48828125 0.0 3509.67578125 2890.91015625 3249.2274116847825 69
700 0.1 2921.15234375 0.0 3509.67578125 2890.91015625 3244.5168526785715 70
710 0.1 2929.16796875 0.0 3509.67578125 2890.91015625 3239.962422975352 71
720 0.1 2933.94140625 0.0 3509.67578125 2890.91015625 3235.6458333333335 72
730 0.1 2941.40625 0.0 3509.67578125 2890.91015625 3231.5128959760273 73
740 0.1 2960.6484375 0.0 3509.67578125 2890.91015625 3227.5925358952704 74
750 0.1 2997.0859375 0.0 3509.67578125 2890.91015625 3224.03328125 75
760 0.1 3066.90234375 0.0 3509.67578125 2890.91015625 3221.0471319901317 76
770 0.1 3119.41796875 0.0 3509.67578125 2890.91015625 3219.0452516233768 77
780 0.1 3151.48046875 0.0 3509.67578125 2890.91015625 3217.767978766026 78
790 0.1 3189.65234375 0.0 3509.67578125 2890.91015625 3216.92889636076 79
800 0.1 3198.03125 0.0 3509.67578125 2890.91015625 3216.5879394531257 80
810 0.1 3198.33203125 0.0 3509.67578125 2890.91015625 3216.3588445216055 81
820 0.1 3198.484375 0.0 3509.67578125 2890.91015625 3216.1390053353666 82
830 0.1 3198.53515625 0.0 3509.67578125 2890.91015625 3215.926298945784 83
838 0.1 3199.97265625 0.0 3509.67578125 2890.91015625 3215.719261532739 84
