0 0.1 0.0703125 0 0.0703125 0.0703125 0 0
10 0.1 0.12890625 0.0 0.12890625 0.0703125 0.0703125 1
20 0.1 0.26171875 0.0 0.26171875 0.0703125 0.099609375 2
30 0.1 0.21875 0.0 0.26171875 0.0703125 0.15364583333333334 3
40 0.1 0.19140625 0.0 0.26171875 0.0703125 0.169921875 4
50 0.1 0.16015625 0.0 0.26171875 0.0703125 0.17421875 5
60 0.1 0.2109375 0.0 0.26171875 0.0703125 0.171875 6
70 0.1 0.1796875 0.0 0.26171875 0.0703125 0.17745535714285715 7
80 0.1 0.1484375 0.0 0.26171875 0.0703125 0.177734375 8
90 0.1 0.12890625 0.0 0.26171875 0.0703125 0.17447916666666666 9
100 0.1 0.109375 0.0 0.26171875 0.0703125 0.169921875 10
110 0.1 0.08984375 0.0 0.26171875 0.0703125 0.16441761363636365 11
120 0.1 0.078125 0.0 0.26171875 0.0703125 0.158203125 12
130 0.1 0.05859375 0.0 0.26171875 0.05859375 0.15204326923076922 13
140 0.1 0.05078125 0.0 0.26171875 0.05078125 0.14536830357142858 14
150 0.1 0.05078125 0.0 0.26171875 0.05078125 0.1390625 15
160 0.1 0.12109375 0.0 0.26171875 0.05078125 0.133544921875 16
170 0.1 0.1015625 0.0 0.26171875 0.05078125 0.1328125 17
180 0.1 0.078125 0.0 0.26171875 0.05078125 0.1310763888888889 18
190 0.1 0.0703125 0.0 0.26171875 0.05078125 0.12828947368421054 19
200 0.1 0.05859375 0.0 0.26171875 0.05078125 0.125390625 20
210 0.1 0.05078125 0.0 0.26171875 0.05078125 0.12220982142857142 21
220 0.1 0.0390625 0.0 0.26171875 0.0390625 0.11896306818181818 22
230 0.1 0.0390625 0.0 0.26171875 0.0390625 0.11548913043478261 23
240 0.1 0.03125 0.0 0.26171875 0.03125 0.1123046875 24
250 0.1 0.1015625 0.0 0.26171875 0.03125 0.1090625 25
260 0.1 0.078125 0.0 0.26171875 0.03125 0.10877403846153846 26
270 0.1 0.0703125 0.0 0.26171875 0.03125 0.1076388888888889 27
280 0.1 0.05859375 0.0 0.26171875 0.03125 0.10630580357142858 28
290 0.1 0.05078125 0.0 0.26171875 0.03125 0.10466056034482758 29
300 0.1 0.0390625 0.0 0.26171875 0.03125 0.10286458333333333 30
310 0.1 0.03125 0.0 0.26171875 0.03125 0.10080645161290322 31
320 0.1 0.03125 0.0 0.26171875 0.03125 0.0986328125 32
330 0.1 0.01953125 0.0 0.26171875 0.01953125 0.09659090909090909 33
340 0.1 0.01953125 0.0 0.26171875 0.01953125 0.09432444852941177 34
350 0.1 0.1015625 0.0 0.26171875 0.01953125 0.0921875 35
360 0.1 0.16015625 0.0 0.26171875 0.01953125 0.09244791666666667 36
370 0.1 0.140625 0.0 0.26171875 0.01953125 0.09427787162162163 37
380 0.1 0.19140625 0.0 0.26171875 0.01953125 0.09549753289473685 38
390 0.1 0.16015625 0.0 0.26171875 0.01953125 0.09795673076923078 39
400 0.1 0.2109375 0.0 0.26171875 0.01953125 0.09951171875 40
410 0.1 0.26171875 0.0 0.26171875 0.01953125 0.10222942073170732 41
420 0.1 0.21875 0.0 0.26171875 0.01953125 0.10602678571428571 42
430 0.1 0.26171875 0.0 0.26171875 0.01953125 0.10864825581395349 43
440 0.1 0.53125 0.0 0.53125 0.01953125 0.11212713068181818 44
450 0.1 0.6015625 0.0 0.6015625 0.01953125 0.12144097222222222 45
460 0.1 0.73828125 0.0 0.73828125 0.01953125 0.13187839673913043 46
470 0.1 1.01953125 0.0 1.01953125 0.01953125 0.14478058510638298 47
480 0.1 1.08984375 0.0 1.08984375 0.01953125 0.16300455729166666 48
490 0.1 1.1484375 0.0 1.1484375 0.01953125 0.18191964285714285 49
500 0.1 1.19921875 0.0 1.19921875 0.01953125 0.20125 50
510 0.1 1.25 0.0 1.25 0.01953125 0.22081801470588236 51
520 0.1 1.2890625 0.0 1.2890625 0.01953125 0.24060997596153846 52
530 0.1 1.3203125 0.0 1.3203125 0.01953125 0.26039209905660377 53
540 0.1 1.26953125 0.0 1.3203125 0.01953125 0.28002025462962965 54
550 0.1 1.30859375 0.0 1.3203125 0.01953125 0.29801136363636366 55
560 0.1 1.26171875 0.0 1.3203125 0.01953125 0.31605747767857145 56
570 0.1 1.21875 0.0 1.3203125 0.01953125 0.3326480263157895 57
580 0.1 1.1796875 0.0 1.3203125 0.01953125 0.34792564655172414 58
590 0.1 1.078125 0.0 1.3203125 0.01953125 0.3620233050847458 59
600 0.1 1.140625 0.0 1.3203125 0.01953125 0.37395833333333334 60
610 0.1 1.12109375 0.0 1.3203125 0.01953125 0.3865266393442623 61
620 0.1 1.1015625 0.0 1.3203125 0.01953125 0.39837449596774194 62
630 0.1 1.23828125 0.0 1.3203125 0.01953125 0.4095362103174603 63
640 0.1 1.2109375 0.0 1.3203125 0.01953125 0.4224853515625 64
650 0.1 1.171875 0.0 1.3203125 0.01953125 0.4346153846153846 65
660 0.1 1.12890625 0.0 1.3203125 0.01953125 0.44578598484848486 66
670 0.1 1.109375 0.0 1.3203125 0.01953125 0.45598180970149255 67
680 0.1 1.1015625 0.0 1.3203125 0.01953125 0.4655905330882353 68
690 0.1 1.078125 0.0 1.3203125 0.01953125 0.474807518115942 69
700 0.1 1.0703125 0.0 1.3203125 0.01953125 0.48342633928571427 70
710 0.1 1.05859375 0.0 1.3203125 0.01953125 0.49169234154929575 71
720 0.1 1.05078125 0.0 1.3203125 0.01953125 0.4995659722222222 72
730 0.1 1.0390625 0.0 1.3203125 0.01953125 0.5071168664383562 73
740 0.1 1.03125 0.0 1.3203125 0.01953125 0.5143053209459459 74
750 0.1 1.03125 0.0 1.3203125 0.01953125 0.5211979166666667 75
760 0.1 1.01953125 0.0 1.3203125 0.01953125 0.5279091282894737 76
770 0.1 0.94140625 0.0 1.3203125 0.01953125 0.5342938311688312 77
780 0.1 0.87890625 0.0 1.3203125 0.01953125 0.5395132211538463 78
790 0.1 0.73828125 0.0 1.3203125 0.01953125 0.5438093354430381 79
800 0.1 0.62890625 0.0 1.3203125 0.01953125 0.5462402343750001 80
810 0.1 0.53125 0.0 1.3203125 0.01953125 0.547260802469136 81
820 0.1 0.44921875 0.0 1.3203125 0.01953125 0.547065548780488 82
830 0.1 0.37890625 0.0 1.3203125 0.01953125 0.5458866716867472 83
840 0.1 0.3203125 0.0 1.3203125 0.01953125 0.5438988095238098 84
850 0.1 0.26953125 0.0 1.3203125 0.01953125 0.5412683823529414 85
860 0.1 0.23046875 0.0 1.3203125 0.01953125 0.5381086482558142 86
870 0.1 0.19140625 0.0 1.3203125 0.01953125 0.5345725574712646 87
880 0.1 0.16015625 0.0 1.3203125 0.01953125 0.5306729403409093 88
890 0.1 0.140625 0.0 1.3203125 0.01953125 0.5265098314606743 89
900 0.1 0.12109375 0.0 1.3203125 0.01953125 0.5222222222222224 90
