0 0.1 0.01171875 0 0.01171875 0.01171875 0 0
10 0.1 0.01171875 0.0 0.01171875 0.01171875 0.01171875 1
20 0.1 0.01171875 0.0 0.01171875 0.01171875 0.01171875 2
30 0.1 0.171875 0.0 0.171875 0.01171875 0.01171875 3
40 0.1 0.140625 0.0 0.171875 0.01171875 0.0517578125 4
50 0.1 0.12109375 0.0 0.171875 0.01171875 0.06953125 5
60 0.1 0.1015625 0.0 0.171875 0.01171875 0.078125 6
70 0.1 0.078125 0.0 0.171875 0.01171875 0.08147321428571429 7
80 0.1 0.0703125 0.0 0.171875 0.01171875 0.0810546875 8
90 0.1 0.2109375 0.0 0.2109375 0.01171875 0.0798611111111111 9
100 0.1 0.171875 0.0 0.2109375 0.01171875 0.09296875 10
110 0.1 0.30859375 0.0 0.30859375 0.01171875 0.10014204545454546 11
120 0.1 0.26171875 0.0 0.30859375 0.01171875 0.11751302083333333 12
130 0.1 0.21875 0.0 0.30859375 0.01171875 0.12860576923076922 13
140 0.1 0.26171875 0.0 0.30859375 0.01171875 0.13504464285714285 14
150 0.1 0.21875 0.0 0.30859375 0.01171875 0.14348958333333334 15
160 0.1 0.26953125 0.0 0.30859375 0.01171875 0.148193359375 16
170 0.1 0.21875 0.0 0.30859375 0.01171875 0.15533088235294118 17
180 0.1 0.19140625 0.0 0.30859375 0.01171875 0.15885416666666666 18
190 0.1 0.16015625 0.0 0.30859375 0.01171875 0.16056743421052633 19
200 0.1 0.12890625 0.0 0.30859375 0.01171875 0.160546875 20
210 0.1 0.26953125 0.0 0.30859375 0.01171875 0.15904017857142858 21
220 0.1 0.23046875 0.0 0.30859375 0.01171875 0.1640625 22
230 0.1 0.19921875 0.0 0.30859375 0.01171875 0.16694972826086957 23
240 0.1 0.30859375 0.0 0.30859375 0.01171875 0.16829427083333334 24
250 0.1 0.41015625 0.0 0.41015625 0.01171875 0.17390625 25
260 0.1 0.3515625 0.0 0.41015625 0.01171875 0.18299278846153846 26
270 0.1 0.2890625 0.0 0.41015625 0.01171875 0.1892361111111111 27
280 0.1 0.3984375 0.0 0.41015625 0.01171875 0.19280133928571427 28
290 0.1 0.328125 0.0 0.41015625 0.01171875 0.19989224137931033 29
300 0.1 0.28125 0.0 0.41015625 0.01171875 0.20416666666666666 30
310 0.1 0.30859375 0.0 0.41015625 0.01171875 0.20665322580645162 31
320 0.1 0.421875 0.0 0.421875 0.01171875 0.2098388671875 32
330 0.1 0.44140625 0.0 0.44140625 0.01171875 0.21626420454545456 33
340 0.1 0.53125 0.0 0.53125 0.01171875 0.22288602941176472 34
350 0.1 0.609375 0.0 0.609375 0.01171875 0.23169642857142858 35
360 0.1 0.51953125 0.0 0.609375 0.01171875 0.2421875 36
370 0.1 0.578125 0.0 0.609375 0.01171875 0.24968327702702703 37
380 0.1 0.5703125 0.0 0.609375 0.01171875 0.2583264802631579 38
390 0.1 0.55859375 0.0 0.609375 0.01171875 0.2663261217948718 39
400 0.1 0.55078125 0.0 0.609375 0.01171875 0.2736328125 40
410 0.1 0.69921875 0.0 0.69921875 0.01171875 0.2803925304878049 41
420 0.1 0.58984375 0.0 0.69921875 0.01171875 0.2903645833333333 42
430 0.1 0.890625 0.0 0.890625 0.01171875 0.2973292151162791 43
440 0.1 1.05859375 0.0 1.05859375 0.01171875 0.3108132102272727 44
450 0.1 1.05078125 0.0 1.05859375 0.01171875 0.32743055555555556 45
460 0.1 1.05078125 0.0 1.05859375 0.01171875 0.3431555706521739 46
470 0.1 1.26953125 0.0 1.26953125 0.01171875 0.3582114361702128 47
480 0.1 1.37890625 0.0 1.37890625 0.01171875 0.377197265625 48
490 0.1 1.46875 0.0 1.46875 0.01171875 0.397640306122449 49
500 0.1 1.3984375 0.0 1.46875 0.01171875 0.4190625 50
510 0.1 1.33984375 0.0 1.46875 0.01171875 0.43826593137254904 51
520 0.1 1.359375 0.0 1.46875 0.01171875 0.45560396634615385 52
530 0.1 1.4609375 0.0 1.46875 0.01171875 0.47265625 53
540 0.1 1.5390625 0.0 1.5390625 0.01171875 0.49095775462962965 54
550 0.1 1.5390625 0.0 1.5390625 0.01171875 0.5100142045454545 55
560 0.1 1.4609375 0.0 1.5390625 0.01171875 0.5283900669642857 56
570 0.1 1.390625 0.0 1.5390625 0.01171875 0.5447505482456141 57
580 0.1 1.328125 0.0 1.5390625 0.01171875 0.5593345905172413 58
590 0.1 1.359375 0.0 1.5390625 0.01171875 0.572364936440678 59
600 0.1 1.37890625 0.0 1.5390625 0.01171875 0.5854817708333333 60
610 0.1 1.3203125 0.0 1.5390625 0.01171875 0.5984887295081968 61
620 0.1 1.26953125 0.0 1.5390625 0.01171875 0.6101310483870968 62
630 0.1 1.23046875 0.0 1.5390625 0.01171875 0.6205977182539683 63
640 0.1 1.26953125 0.0 1.5390625 0.01171875 0.630126953125 64
650 0.1 1.23046875 0.0 1.5390625 0.01171875 0.6399639423076923 65
660 0.1 1.19140625 0.0 1.5390625 0.01171875 0.6489109848484849 66
670 0.1 1.16015625 0.0 1.5390625 0.01171875 0.6570079291044776 67
680 0.1 1.140625 0.0 1.5390625 0.01171875 0.6644071691176471 68
690 0.1 1.109375 0.0 1.5390625 0.01171875 0.6713088768115942 69
700 0.1 1.1015625 0.0 1.5390625 0.01171875 0.6775669642857143 70
710 0.1 1.078125 0.0 1.5390625 0.01171875 0.6835387323943662 71
720 0.1 1.0703125 0.0 1.5390625 0.01171875 0.6890190972222222 72
730 0.1 1.05078125 0.0 1.5390625 0.01171875 0.694242294520548 73
740 0.1 1.12109375 0.0 1.5390625 0.01171875 0.6990603885135135 74
750 0.1 1.1015625 0.0 1.5390625 0.01171875 0.7046875 75
760 0.1 1.078125 0.0 1.5390625 0.01171875 0.7099095394736842 76
770 0.1 1.05859375 0.0 1.5390625 0.01171875 0.7146915584415584 77
780 0.1 0.8984375 0.0 1.5390625 0.01171875 0.7191005608974359 78
790 0.1 0.76171875 0.0 1.5390625 0.01171875 0.7213706487341772 79
800 0.1 0.640625 0.0 1.5390625 0.01171875 0.721875 80
810 0.1 0.5390625 0.0 1.5390625 0.01171875 0.7208719135802469 81
820 0.1 0.4609375 0.0 1.5390625 0.01171875 0.7186547256097561 82
830 0.1 0.390625 0.0 1.5390625 0.01171875 0.7155496987951807 83
838 0.1 0.328125 0.0 1.5390625 0.01171875 0.7116815476190477 84
