0 1.1 15.33736363636364 11.55522019201497 49.9 7.456 0 0
10 3.4 38.17808823529413 46.85573034160449 161.016 6.713 15.33736363636364 11
20 8.5 44.77617647058824 45.0888161211198 161.016 6.713 32.59480000000001 45
30 14.3 46.37223776223776 38.50746279572893 163.942 6.713 40.55954615384616 130
40 19.7 48.80621827411168 44.52647894131925 341.498 6.713 43.60428937728938 273
50 21.1 44.3893412322275 33.99965598121408 341.498 6.713 45.78467234042554 470
60 21.7 34.43497695852536 27.647100320857206 341.498 6.507 45.35234508076359 681
70 16.8 39.600565476190475 36.326516753415675 341.498 6.347 42.714183741648114 898
80 19.1 42.90908376963348 40.34343258027848 341.498 6.347 42.22348217636023 1066
90 22.1 42.93041628959276 33.51769615524328 341.498 6.045 42.32765871121718 1257
100 25.7 46.874490272373556 37.19871611515194 341.498 5.958 42.41778687415427 1478
110 27.8 43.60610791366905 36.95835700194638 341.498 5.958 43.07794409221903 1735
120 25.6 41.457382812500015 33.99711853050037 341.498 5.958 43.150884749130654 2013
130 27.9 45.81531182795703 39.02348712144798 341.498 5.895 42.95981533715293 2269
140 31.6 35.71198101265823 28.86251284784547 341.498 5.895 43.27248547880691 2548
150 32.7 49.43007645259935 43.99409673379247 341.498 5.895 42.43829574022347 2864
160 36.7 51.07113351498641 44.519835218733185 341.498 5.857 43.15478345346286 3191
170 37 48.67511621621618 40.14411537125396 341.498 5.857 43.97133783024171 3558
180 39.1 47.269823529411745 38.67676349082052 341.498 5.857 44.41441267820773 3928
190 42.3 47.69500709219859 44.70763803537463 341.498 5.579 44.67291363741606 4319
200 48.6 61.766193415637915 57.61795510288705 341.498 5.579 44.942493040911 4742
210 65.7 57.657639269406275 51.30487644586609 347.411 5.579 46.506440703902065 5228
220 73 64.92939041095885 58.117434849512264 380.615 5.579 47.75135785896345 5885
230 74.8 58.74393048128347 49.46124834405064 380.615 5.579 49.64704399092969 6615
240 76.6 64.30084595300255 61.06340984146834 380.615 5.579 50.57118783104711 7363
250 85.9 63.82706402793958 62.37638564078744 446.701 5.579 51.86494082913026 8129
260 92.3 69.36107908992425 69.18210493729548 505.022 5.579 53.008183355585224 8988
270 108.1 87.12575855689158 78.82979590098476 505.022 5.579 54.53110967611745 9911
280 113 122.14083893805311 135.2142178912294 879.435 5.579 57.73660598617175 10992
290 121.2 154.5901922442246 275.4869439745989 3360.353 5.579 63.740300362976406 12122
300 129.2 94.97953173374611 82.26221772865095 3360.353 5.579 71.99814264286788 13334
310 128.8 98.49926009316759 92.57572828952985 3360.353 5.579 74.02822295911393 14626
320 134 159.10371417910483 143.99667018929853 3360.353 5.579 76.0087869800176 15914
330 145.2 223.18147933884325 195.28262918203865 3360.353 5.504 82.4622008229976 17254
340 156.5 402.99343322683734 289.18484724410257 3360.353 5.417 93.38513423500486 18706
350 159.1 569.9392042740418 437.8562967130626 3360.353 5.417 117.28809846578865 20271
360 157.6 774.4309454314742 518.0345978278237 3360.353 5.417 150.22963672125158 21862
370 156.8 1232.5779451530625 853.5965909125789 3514.418 5.417 192.20170185169405 23438
380 154.6 1531.9420899094443 980.8963106261615 5029.257 5.417 257.43844301367704 25006
390 163.9 2035.3031568029305 1382.6616345338578 6196.369 0.771 331.64688825700546 26552
400 155.4 2723.4490070785073 1512.9423432919552 6196.369 0.771 430.69596860700267 28191
410 174.5 3097.821600573066 1840.958801800855 6352.645 0.746 550.4787294671378 29745
420 201 2893.86726467661 2052.333789667368 6906.453 0.746 691.6382502699274 31490
430 257.7 2515.2448180054316 2269.4299021890392 7251.531 0.734 823.7719911343283 33500
440 310.8 1998.3862323037295 2188.741350904902 7263.909 0.734 944.5948277018597 36077
450 342.7 1759.1910790779077 2160.6506785280194 7685.037 0.647 1028.1774150567815 39185
460 399.5 1627.8333879849872 2082.9807707969812 7685.037 0.647 1086.9679864122775 42612
470 419.7 1526.9747543483497 2098.9188796139647 8814.636 0.647 1133.3292042397063 46607
480 423.4 1531.6718188474235 2048.836669168001 9036.672 0.647 1165.8488950870014 50804
490 411.8 1580.7055143273403 2037.8017423099568 9036.672 0.647 1193.9911651404486 55038
500 417.8 1538.0315787458114 2003.298365028259 9036.672 0.647 1220.9113370579482 59156
510 428.7 1488.5520711453282 1983.7032695950056 9036.672 0.647 1241.8310384785423 63334
520 426 1429.5467570422477 1978.691854681763 9036.672 0.647 1257.472526581979 67621
530 473 1350.6012613107823 1889.5287362051351 9036.672 0.647 1267.6704401023912 71881
540 490.9 1275.4201332246862 1845.4977182778669 9036.672 0.647 1272.7906289044654 76611
550 527.1 1258.5775934357807 1883.3362993328938 9036.672 0.647 1272.9489733194305 81520
560 537.2 1163.9779201414726 1777.1251090771914 9036.672 0.647 1272.0761691880493 86791
570 569.9 1114.6839191086158 1859.5924377085228 9161.16 0.647 1265.7753348632314 92163
580 583.7 819.9517623779275 1822.816458840898 11649.654 0.647 1256.976516339335 97862
590 623.2 1257.066876604624 3027.263749257921 16771.706 0.647 1232.3773062324608 103699
600 637.8 1110.6055809031093 2162.313927471332 18016.356 0.647 1233.7769605843662 109931
610 618.6 1007.0307124151304 1728.2443657884307 18016.356 0.647 1227.022650431179 116309
620 662.4 759.0054850543488 1644.8727190453062 18016.356 0.647 1215.9130530715538 122495
630 670.4 889.3796940632429 2509.6499961652944 18016.356 0.647 1192.4730037329905 129119
640 692.2 971.3926485119863 2624.0733361817342 18016.356 0.647 1177.5128162240562 135823
650 708.9 918.3777559599401 2497.661744820635 33228.672 0.647 1167.5176233913617 142745
660 708.3 933.0012613299449 2161.8844980813183 33228.672 0.647 1155.7302285395835 149834
670 739.6 786.1414436181705 1811.7057900515936 33228.672 0.647 1145.676574220766 156917
680 738.6 892.0015720281631 3208.374436651617 60200.681 0.647 1129.4933031105265 164313
690 710 844.8005784507051 1883.5206077726207 60200.681 0.647 1119.2770879562486 171699
700 718.7 861.2137672185901 1912.4723447965328 60200.681 0.647 1108.3777920010734 178799
710 726.1 841.9779165404212 1917.1513989111922 60200.681 0.647 1098.8267083382616 185986
720 714.4 752.6196311590128 1892.802645524683 60200.681 0.647 1089.1759552748551 193247
730 694.2 680.7150012964572 1931.1856091024683 60200.681 0.647 1077.1776201226598 200391
740 585.9 712.3490909711545 1979.5355071250972 60200.681 0.647 1063.9031124471257 207333
750 433.4 804.0351165205319 2688.733385163977 60200.681 0.647 1054.2416100838677 213192
760 252.4 1305.480788034865 2218.067200080464 60200.681 0.647 1049.2564821308713 217526
770 173 1857.7087317919056 2299.8250568885537 60200.681 0.647 1052.1954057759597 220050
780 128.6 1486.9942278382578 2353.5108683497597 60200.681 0.647 1058.4788310352599 221780
790 69.8 1506.0247392550143 2250.454935709532 60200.681 0.647 1060.9492693821555 223066
800 25 2610.5515360000004 8499.983097143031 60200.681 0.647 1062.337619062941 223764
810 7.8 8723.513743589741 19763.54798811485 60200.681 0.647 1064.065428392868 224014
820 3.8 401.50852631578954 1348.7806325834247 60200.681 0.647 1066.7314627385178 224092
830 2.6 7.999192307692307 5.008028262540295 60200.681 0.647 1066.6186778744477 224130
840 1.6 320.2831875 1211.2527118919702 60200.681 0.647 1066.495887912882 224156
850 0.3 3341.3123333333333 2359.3475715435025 60200.681 0.647 1066.4426279017894 224172
860 0.1 4.025 0.0 60200.681 0.647 1066.4730711230063 224175
870 0 0 0 60200.681 0.647 1066.4683317750337 224176
880 0 0 0 60200.681 0.647 1066.4683317750337 224176
890 0 0 0 60200.681 0.647 1066.4683317750337 224176
900 0.4 30003.52025 29997.78125444994 60200.681 0.647 1066.4683317750337 224176
903 0 0 0 60200.681 0.647 1066.9846499464713 224180
