10 0.1 189 0 189 189 0 0
20 0.1 417.0 0.0 417 189 189.0 1
30 0.1 849.0 0.0 849 189 303.0 2
40 0.1 1128.0 0.0 1128 189 485.0 3
50 0.1 1277.0 0.0 1277 189 645.75 4
60 0.1 1601.0 0.0 1601 189 772.0 5
70 0.1 1934.0 0.0 1934 189 910.1666666666666 6
80 0.1 2459.0 0.0 2459 189 1056.4285714285713 7
90 0.1 2674.0 0.0 2674 189 1231.75 8
100 0.1 2788.0 0.0 2788 189 1392.0 9
110 0.1 3052.0 0.0 3052 189 1531.6 10
120 0.1 3244.0 0.0 3244 189 1669.8181818181818 11
130 0.1 3554.0 0.0 3554 189 1801.0 12
140 0.1 3374.0 0.0 3554 189 1935.8461538461538 13
150 0.1 3576.0 0.0 3576 189 2038.5714285714287 14
160 0.1 4185.0 0.0 4185 189 2141.0666666666666 15
170 0.1 4632.0 0.0 4632 189 2268.8125 16
180 0.1 4548.0 0.0 4632 189 2407.823529411765 17
190 0.1 4580.0 0.0 4632 189 2526.722222222222 18
200 0.1 4978.0 0.0 4978 189 2634.7894736842104 19
210 0.1 5902.0 0.0 5902 189 2751.95 20
220 0.1 7012.0 0.0 7012 189 2901.9523809523807 21
230 0.1 8193.0 0.0 8193 189 3088.7727272727275 22
240 0.1 8509.0 0.0 8509 189 3310.695652173913 23
250 0.1 9309.0 0.0 9309 189 3527.2916666666665 24
260 0.1 9114.0 0.0 9309 189 3758.56 25
270 0.1 10303.0 0.0 10303 189 3964.5384615384614 26
280 0.1 10773.0 0.0 10773 189 4199.2962962962965 27
290 0.1 12244.0 0.0 12244 189 4434.071428571428 28
300 0.1 12206.0 0.0 12244 189 4703.379310344828 29
310 0.1 13299.0 0.0 13299 189 4953.466666666666 30
320 0.1 14358.0 0.0 14358 189 5222.677419354839 31
330 0.1 16513.0 0.0 16513 189 5508.15625 32
340 0.1 19675.0 0.0 19675 189 5841.636363636364 33
350 0.1 21956.0 0.0 21956 189 6248.5 34
360 0.1 21741.0 0.0 21956 189 6697.285714285715 35
370 0.1 22940.0 0.0 22940 189 7115.166666666667 36
380 0.1 23249.0 0.0 23249 189 7542.864864864865 37
390 0.1 25994.0 0.0 25994 189 7956.184210526316 38
400 0.1 29098.0 0.0 29098 189 8418.692307692309 39
410 0.1 31956.0 0.0 31956 189 8935.675000000001 40
420 0.1 32898.0 0.0 32898 189 9497.146341463416 41
430 0.1 33935.0 0.0 33935 189 10054.309523809525 42
440 0.1 33101.0 0.0 33935 189 10609.674418604653 43
450 0.1 32535.0 0.0 33935 189 11120.84090909091 44
460 0.1 34646.0 0.0 34646 189 11596.711111111112 45
470 0.1 35249.0 0.0 35249 189 12097.782608695652 46
480 0.1 35804.0 0.0 35804 189 12590.36170212766 47
490 0.1 37934.0 0.0 37934 189 13073.979166666666 48
500 0.1 33804.0 0.0 37934 189 13581.326530612245 49
510 0.1 35240.0 0.0 37934 189 13985.78 50
520 0.1 35990.0 0.0 37934 189 14402.529411764706 51
530 0.1 40166.0 0.0 40166 189 14817.673076923076 52
540 0.1 41848.0 0.0 41848 189 15295.943396226416 53
550 0.1 44665.0 0.0 44665 189 15787.648148148148 54
560 0.1 46099.0 0.0 46099 189 16312.690909090908 55
570 0.1 46324.0 0.0 46324 189 16844.589285714286 56
580 0.1 46906.0 0.0 46906 189 17361.77192982456 57
590 0.1 47707.0 0.0 47707 189 17871.155172413793 58
600 0.1 49362.0 0.0 49362 189 18376.84745762712 59
610 0.1 49760.0 0.0 49760 189 18893.266666666666 60
620 0.1 49961.0 0.0 49961 189 19399.27868852459 61
630 0.1 50579.0 0.0 50579 189 19892.209677419356 62
640 0.1 51410.0 0.0 51410 189 20379.301587301587 63
650 0.1 50414.0 0.0 51410 189 20864.15625 64
660 0.1 51907.0 0.0 51907 189 21318.76923076923 65
670 0.1 51261.0 0.0 51907 189 21782.227272727272 66
680 0.1 51476.0 0.0 51907 189 22222.20895522388 67
690 0.1 50929.0 0.0 51907 189 22652.41176470588 68
700 0.1 53262.0 0.0 53262 189 23062.217391304348 69
710 0.1 53823.0 0.0 53823 189 23493.64285714286 70
720 0.1 53145.0 0.0 53823 189 23920.816901408452 71
730 0.1 47810.0 0.0 53823 189 24326.708333333336 72
740 0.1 47985.0 0.0 53823 189 24648.397260273974 73
750 0.1 45672.0 0.0 53823 189 24963.756756756757 74
760 0.1 37310.0 0.0 53823 189 25239.866666666665 75
770 0.1 16859.0 0.0 53823 189 25398.684210526313 76
780 0.1 4164.0 0.0 53823 189 25287.77922077922 77
790 0.1 863.0 0.0 53823 189 25016.961538461535 78
800 0.1 211.0 0.0 53823 189 24711.215189873416 79
810 0.1 152.0 0.0 53823 152 24404.962499999998 80
820 0.1 147.0 0.0 53823 147 24105.54320987654 81
830 0.1 111.0 0.0 53823 111 23813.365853658535 82
838 0.1 89.0 0.0 53823 89 23527.795180722893 83
