10 0.1 1026 0 1026 1026 0 0
20 0.1 903.0 0.0 1026 903 1026.0 1
30 0.1 1198.0 0.0 1198 903 964.5 2
40 0.1 1926.0 0.0 1926 903 1042.3333333333333 3
50 0.1 2383.0 0.0 2383 903 1263.25 4
60 0.1 2407.0 0.0 2407 903 1487.2 5
70 0.1 2289.0 0.0 2407 903 1640.5 6
80 0.1 1915.0 0.0 2407 903 1733.142857142857 7
90 0.1 2089.0 0.0 2407 903 1755.875 8
100 0.1 2770.0 0.0 2770 903 1792.888888888889 9
110 0.1 3028.0 0.0 3028 903 1890.6 10
120 0.1 2920.0 0.0 3028 903 1994.0 11
130 0.1 2947.0 0.0 3028 903 2071.1666666666665 12
140 0.1 3268.0 0.0 3268 903 2138.5384615384614 13
150 0.1 3.4e3 0.0 3400 903 2219.214285714286 14
160 0.1 4084.0 0.0 4084 903 2297.9333333333334 15
170 0.1 4078.0 0.0 4084 903 2409.5625 16
180 0.1 4449.0 0.0 4449 903 2507.705882352941 17
190 0.1 4396.0 0.0 4449 903 2615.5555555555557 18
200 0.1 4868.0 0.0 4868 903 2709.2631578947367 19
210 0.1 6061.0 0.0 6061 903 2817.2 20
220 0.1 8072.0 0.0 8072 903 2971.6666666666665 21
230 0.1 8823.0 0.0 8823 903 3203.5 22
240 0.1 8808.0 0.0 8823 903 3447.8260869565215 23
250 0.1 9048.0 0.0 9048 903 3671.1666666666665 24
260 0.1 10442.0 0.0 10442 903 3886.24 25
270 0.1 11153.0 0.0 11153 903 4138.384615384615 26
280 0.1 13057.0 0.0 13057 903 4398.185185185185 27
290 0.1 13978.0 0.0 13978 903 4707.428571428572 28
300 0.1 14922.0 0.0 14922 903 5027.103448275862 29
310 0.1 15205.0 0.0 15205 903 5356.933333333333 30
320 0.1 15521.0 0.0 15521 903 5674.612903225807 31
330 0.1 16438.0 0.0 16438 903 5982.3125 32
340 0.1 18644.0 0.0 18644 903 6299.151515151515 33
350 0.1 19785.0 0.0 19785 903 6662.235294117647 34
360 0.1 20140.0 0.0 20140 903 7037.171428571429 35
370 0.1 19572.0 0.0 20140 903 7401.138888888889 36
380 0.1 19821.0 0.0 20140 903 7730.081081081081 37
390 0.1 19189.0 0.0 20140 903 8048.263157894737 38
400 0.1 20337.0 0.0 20337 903 8333.923076923076 39
410 0.1 19687.0 0.0 20337 903 8634.0 40
420 0.1 21018.0 0.0 21018 903 8903.585365853658 41
430 0.1 22514.0 0.0 22514 903 9192.02380952381 42
440 0.1 24796.0 0.0 24796 903 9501.837209302326 43
450 0.1 27986.0 0.0 27986 903 9849.43181818182 44
460 0.1 31287.0 0.0 31287 903 10252.466666666667 45
470 0.1 32349.0 0.0 32349 903 10709.739130434782 46
480 0.1 32527.0 0.0 32527 903 11170.148936170213 47
490 0.1 32488.0 0.0 32527 903 11615.083333333334 48
500 0.1 32268.0 0.0 32527 903 12041.061224489797 49
510 0.1 32999.0 0.0 32999 903 12445.6 50
520 0.1 33206.0 0.0 33206 903 12848.607843137255 51
530 0.1 34850.0 0.0 34850 903 13240.096153846154 52
540 0.1 36227.0 0.0 36227 903 13647.830188679245 53
550 0.1 36761.0 0.0 36761 903 14065.962962962964 54
560 0.1 39127.0 0.0 39127 903 14478.6 55
570 0.1 38052.0 0.0 39127 903 14918.75 56
580 0.1 39707.0 0.0 39707 903 15324.59649122807 57
590 0.1 36429.0 0.0 39707 903 15744.98275862069 58
600 0.1 39518.0 0.0 39707 903 16095.559322033898 59
610 0.1 46151.0 0.0 46151 903 16485.933333333334 60
620 0.1 44831.0 0.0 46151 903 16972.245901639344 61
630 0.1 38240.0 0.0 46151 903 17421.58064516129 62
640 0.1 39208.0 0.0 46151 903 17752.031746031746 63
650 0.1 40220.0 0.0 46151 903 18087.28125 64
660 0.1 43733.0 0.0 46151 903 18427.784615384615 65
670 0.1 46452.0 0.0 46452 903 18811.196969696968 66
680 0.1 46218.0 0.0 46452 903 19223.746268656716 67
690 0.1 44890.0 0.0 46452 903 19620.720588235294 68
700 0.1 44411.0 0.0 46452 903 19986.942028985508 69
710 0.1 43708.0 0.0 46452 903 20335.85714285714 70
720 0.1 44999.0 0.0 46452 903 20665.042253521126 71
730 0.1 43727.0 0.0 46452 903 21003.01388888889 72
740 0.1 38733.0 0.0 46452 903 21314.301369863013 73
750 0.1 31576.0 0.0 46452 903 21549.68918918919 74
760 0.1 22471.0 0.0 46452 903 21683.373333333333 75
770 0.1 14941.0 0.0 46452 903 21693.736842105263 76
780 0.1 12205.0 0.0 46452 903 21606.03896103896 77
790 0.1 6323.0 0.0 46452 903 21485.51282051282 78
800 0.1 2758.0 0.0 46452 903 21293.58227848101 79
810 0.1 695.0 0.0 46452 695 21061.8875 80
820 0.1 306.0 0.0 46452 306 20810.444444444445 81
830 0.1 298.0 0.0 46452 298 20560.39024390244 82
840 0.1 207.0 0.0 46452 207 20316.265060240963 83
850 0.1 45.0 0.0 46452 45 20076.869047619046 84
860 0.1 6.0 0.0 46452 6 19841.199999999997 85
870 0.1 0.0 0.0 46452 0 19610.55813953488 86
880 0.1 0.0 0.0 46452 0 19385.149425287353 87
890 0.1 2.0 0.0 46452 0 19164.863636363632 88
900 0.1 331.0 0.0 46452 0 18949.550561797747 89
