0 1.1 15.33736363636364 11.55522019201497 49.9 7.456 0 0
10 4.4 29.467181818181828 27.129006639382677 88.513 6.713 15.33736363636364 11
20 12.3 30.90235772357724 26.734107870132323 108.627 5.646 26.641218181818193 55
30 23 28.880773913043488 24.525352030469413 152.634 5.548 29.58571348314607 178
40 30.5 31.407908196721305 31.946704019911568 327.192 4.783 29.18832107843138 408
50 32.6 28.687079754601232 22.289796942594723 327.192 4.783 30.13779382889201 713
60 31.5 23.686104761904765 18.780910129200027 327.192 4.783 29.682613089509147 1039
70 24.3 27.33855144032921 22.60257424431068 327.192 4.476 28.287561299852296 1354
80 27.6 29.655173913043463 25.14417037513492 327.192 4.476 28.143159674389484 1597
90 35 27.081142857142872 22.28456414631035 327.192 4.476 28.365965830218897 1873
100 39.6 30.432457070707045 24.800143110345378 327.192 4.476 28.163677013045437 2223
110 40.8 29.604855392156846 23.408598741077075 327.192 4.455 28.506722794959906 2619
120 38.1 27.86230446194226 21.667583527785226 327.192 4.276 28.654736703006268 3027
130 42.3 30.139371158392436 24.88863465670641 327.192 4.22 28.566146126760557 3408
140 46 24.49556086956522 19.017197068951525 327.192 4.22 28.739853824066817 3831
150 50.1 32.26343512974048 29.319127493912134 327.192 4.22 28.284860871591697 4291
160 55.3 33.81417179023505 29.45485215402268 327.192 4.22 28.70081782136894 4792
170 57.5 31.477314782608666 28.263598226018246 327.192 4.22 29.22985144995322 5345
180 57.1 32.132626970227676 25.83989296733106 327.192 4.22 29.448143918918905 5920
190 60.3 33.420323383084536 29.799189928997144 327.192 4.22 29.68429240486827 6491
200 74.1 40.73561943319849 36.58645702602969 327.192 4.22 30.00186030448265 7094
210 101.3 37.38549160908192 34.99519160984337 327.192 4.22 31.01701225271219 7835
220 112.2 42.01634670231715 40.69243325048326 354.376 4.22 31.74613404159132 8848
230 110.5 39.71544886877834 34.86566308413274 354.376 4.22 32.9019192577733 9970
240 114.3 43.0652327209098 41.84170222298528 354.376 4.22 33.581734176072224 11075
250 128.5 42.62265758754866 44.387715815379366 355.397 4.22 34.46892019970533 12218
260 136.9 46.722604090577015 47.68044617253635 355.397 4.103 35.244862771236 13503
270 163.6 57.604216992664966 56.00867071202325 399.187 4.103 36.30141386498115 14872
280 172.9 79.79935396182768 93.69470244435452 718.683 4.103 38.41259546886355 16508
290 184.3 101.63603689636456 218.67405454449232 3353.215 4.039 42.33636064045619 18237
300 191.3 64.17639832723484 60.99775186665858 3353.215 3.989 47.77905502988045 20080
310 189.8 66.6854726027398 68.4653609688573 3353.215 3.989 49.20533237848405 21993
320 200 107.32444749999999 102.35173898640535 3353.215 3.989 50.59402712318446 23891
330 221.6 147.41655866426004 137.8855841498352 3353.215 3.989 54.97627735506547 25891
340 236 268.0262919491528 188.31308072958194 3353.215 3.989 62.26441423844595 28107
350 242.2 381.00414657308045 309.62485997600214 3353.215 3.989 78.20290609511933 30467
360 239.3 521.3156126201438 326.0222951732131 3353.215 3.989 100.50168697740892 32889
370 232.8 834.4698539518891 551.3649581364135 3353.215 3.989 129.04337180431966 35282
380 231.8 1072.1344167385676 620.094109676912 3353.215 3.989 172.70816442435535 37610
390 243.9 1377.3535801558012 867.4748757337072 3353.215 0.299 224.92390407733933 39928
400 240.1 1861.0133252811345 845.5179722798316 3363.668 0.299 291.2674256850852 42367
410 268.1 2027.8942413278683 988.1552272287574 3503.449 0.27 375.4561297802003 44768
420 306 1937.3223846405206 1217.8358558900754 3988.551 0.27 468.8234626441025 47449
430 390.6 1644.9925937019989 1390.9977152148024 3988.551 0.269 557.7899181532007 50509
440 475.3 1302.733317694082 1405.7404270608918 4339.355 0.256 635.8311503629518 54415
450 524.2 1134.5071945822187 1394.064680355379 4339.355 0.256 689.4037910018927 59168
460 607 1078.6782752883075 1399.0497086323523 4339.355 0.256 725.6284772550844 64410
470 629.2 999.7139553401189 1441.3828180903015 5182.842 0.256 756.0344402809309 70480
480 628.5 1048.735089419254 1458.9808826447556 5182.842 0.256 776.0056733965514 76772
490 607.9 1051.6547262707697 1392.2978735545653 5182.842 0.256 796.6433605234967 83057
500 625 1038.1413950399983 1402.5063991273214 5182.842 0.256 814.0349205259387 89136
510 642.3 988.1950551144333 1366.4508633689009 5182.842 0.256 828.7191033799517 95386
520 641 955.8820419656756 1361.3424271344704 5182.842 0.256 838.78023783752 101809
530 716.1 887.3702582041602 1305.937431012769 5182.842 0.256 845.7163818091099 108219
540 739 846.8157755074391 1280.8545032058032 5182.842 0.245 848.3016080949908 115380
550 787.9 835.3142153826609 1324.1013782900404 5182.842 0.245 848.2121700985583 122770
560 802.2 781.5684340563485 1275.7439761674116 5182.842 0.245 847.4343380048832 130649
570 849.4 748.9370216623498 1339.2659277332925 5474.092 0.245 843.6240512003233 138671
580 880.4 539.9454968196258 1309.5066071496035 7993.209 0.245 838.1589499269529 147165
590 946.2 882.3507022828151 2451.803282907172 13102.636 0.245 821.3256609967366 155969
600 959.8 678.7534894769738 1249.1111534441557 13102.636 0.245 824.8160524025122 165431
610 921 677.6288814332233 1260.7128441999967 13102.636 0.245 816.8064741100046 175029
620 983.3 474.16313586901435 1171.907555277746 13102.636 0.245 809.8490675427026 184239
630 1005.3 592.4089624987589 2090.3763004873335 13162.758 0.245 792.8409480502081 194072
640 1045 642.4863745454525 2182.857462472713 14671.085 0.245 782.9698261849358 204125
650 1069.3 606.9917082203287 2075.9495221413727 33209.355 0.245 776.1281527857393 214575
660 1068.4 613.2678924560064 1805.3546321841452 33209.355 0.245 768.099600120745 225268
670 1106.2 522.4922611643465 1521.8059297239693 33209.355 0.245 761.0887590823555 235952
680 1100.9 593.8657815423751 2656.554811248814 60187.569 0.245 750.4037191252316 247014
690 1062.2 562.2623496516668 1586.338973286136 60187.569 0.245 743.7247557969637 258023
700 1072.2 574.6816249766816 1612.955520665972 60187.569 0.245 736.549883091068 268645
710 1093.7 556.7154801133726 1608.160520473931 60187.569 0.245 730.3374404493013 279367
720 1092.7 489.70263979134376 1568.2286544177828 60187.569 0.245 723.7963546213622 290304
730 1060 444.30965235849027 1593.7689027916872 60187.569 0.245 715.3047252009253 301231
740 881.8 472.541369811749 1647.0122797662693 60187.569 0.245 706.0928515510002 311831
750 636.9 546.562691317318 2248.70698908408 60187.569 0.245 699.67007472657 320649
760 368.3 894.5066470268796 1933.0097125795985 60187.569 0.245 696.6881565296097 327018
770 247 1301.0356433198415 2103.849743788418 60187.569 0.245 698.8912508670973 330701
780 173 1105.925189595375 2130.1760050947532 60187.569 0.245 703.3553148143144 333171
790 85.9 1222.4486961583245 2112.3965479020108 60187.569 0.245 705.4348723055468 334901
800 29 2250.4480758620693 7943.217007249735 60187.569 0.245 706.7575875625445 335760
810 9.2 7395.986217391302 18465.476186270967 60187.569 0.245 708.0897412349351 336050
820 5.6 272.37683928571454 1126.7903934813314 60187.569 0.245 709.920177407167 336142
830 4.3 4.75279069767442 3.874569950979043 60187.569 0.245 709.847296465178 336198
840 2.1 243.9752857142857 1066.0388005070852 60187.569 0.245 709.7571258323641 336241
850 0.3 3341.3123333333333 2359.3475715435025 60187.569 0.245 709.7280371496033 336262
860 0.1 4.025 0.0 60187.569 0.245 709.7515149212672 336265
870 0 0 0 60187.569 0.245 709.7494162062175 336266
880 0 0 0 60187.569 0.245 709.7494162062175 336266
890 0 0 0 60187.569 0.245 709.7494162062175 336266
900 0.4 30003.52025 29997.78125444994 60187.569 0.245 709.7494162062175 336266
903 0 0 0 60187.569 0.245 710.0978715645164 336270
