10 0.1 147 0 147 147 0 0
20 0.1 268.0 0.0 268 147 147.0 1
30 0.1 551.0 0.0 551 147 207.5 2
40 0.1 766.0 0.0 766 147 322.0 3
50 0.1 892.0 0.0 892 147 433.0 4
60 0.1 1054.0 0.0 1054 147 524.8 5
70 0.1 1313.0 0.0 1313 147 613.0 6
80 0.1 1.6e3 0.0 1600 147 713.0 7
90 0.1 1849.0 0.0 1849 147 823.875 8
100 0.1 1914.0 0.0 1914 147 937.7777777777778 9
110 0.1 2084.0 0.0 2084 147 1035.4 10
120 0.1 2178.0 0.0 2178 147 1130.7272727272727 11
130 0.1 2384.0 0.0 2384 147 1218.0 12
140 0.1 2375.0 0.0 2384 147 1307.6923076923076 13
150 0.1 2401.0 0.0 2401 147 1383.9285714285713 14
160 0.1 2705.0 0.0 2705 147 1451.7333333333333 15
170 0.1 3118.0 0.0 3118 147 1530.0625 16
180 0.1 3076.0 0.0 3118 147 1623.4705882352941 17
190 0.1 3169.0 0.0 3169 147 1704.1666666666667 18
200 0.1 3417.0 0.0 3417 147 1781.2631578947369 19
210 0.1 3965.0 0.0 3965 147 1863.05 20
220 0.1 4598.0 0.0 4598 147 1963.142857142857 21
230 0.1 5464.0 0.0 5464 147 2082.909090909091 22
240 0.1 5539.0 0.0 5539 147 2229.913043478261 23
250 0.1 6450.0 0.0 6450 147 2367.7916666666665 24
260 0.1 6148.0 0.0 6450 147 2531.08 25
270 0.1 6833.0 0.0 6833 147 2670.1923076923076 26
280 0.1 7181.0 0.0 7181 147 2824.3703703703704 27
290 0.1 8074.0 0.0 8074 147 2979.964285714286 28
300 0.1 8192.0 0.0 8192 147 3155.6206896551726 29
310 0.1 8766.0 0.0 8766 147 3323.5 30
320 0.1 9481.0 0.0 9481 147 3499.064516129032 31
330 0.1 10567.0 0.0 10567 147 3686.0 32
340 0.1 12511.0 0.0 12511 147 3894.5151515151515 33
350 0.1 13796.0 0.0 13796 147 4147.941176470588 34
360 0.1 13695.0 0.0 13796 147 4423.6 35
370 0.1 14562.0 0.0 14562 147 4681.138888888889 36
380 0.1 14736.0 0.0 14736 147 4948.189189189189 37
390 0.1 15880.0 0.0 15880 147 5205.763157894737 38
400 0.1 17343.0 0.0 17343 147 5479.461538461538 39
410 0.1 18915.0 0.0 18915 147 5776.05 40
420 0.1 19391.0 0.0 19391 147 6096.512195121952 41
430 0.1 19903.0 0.0 19903 147 6413.047619047619 42
440 0.1 19536.0 0.0 19903 147 6726.767441860465 43
450 0.1 19027.0 0.0 19903 147 7017.886363636364 44
460 0.1 19899.0 0.0 19903 147 7284.7555555555555 45
470 0.1 20353.0 0.0 20353 147 7558.978260869565 46
480 0.1 20696.0 0.0 20696 147 7831.191489361702 47
490 0.1 21977.0 0.0 21977 147 8099.208333333333 48
500 0.1 20631.0 0.0 21977 147 8382.42857142857 49
510 0.1 21027.0 0.0 21977 147 8627.4 50
520 0.1 22218.0 0.0 22218 147 8870.529411764706 51
530 0.1 24858.0 0.0 24858 147 9127.211538461539 52
540 0.1 26539.0 0.0 26539 147 9424.018867924528 53
550 0.1 28924.0 0.0 28924 147 9740.962962962964 54
560 0.1 3.09e4 0.0 30900 147 10089.745454545455 55
570 0.1 31560.0 0.0 31560 147 10461.357142857143 56
580 0.1 32214.0 0.0 32214 147 10831.508771929824 57
590 0.1 33251.0 0.0 33251 147 11200.172413793103 58
600 0.1 34770.0 0.0 34770 147 11573.915254237289 59
610 0.1 34862.0 0.0 34862 147 11960.516666666666 60
620 0.1 34989.0 0.0 34989 147 12335.95081967213 61
630 0.1 35279.0 0.0 35279 147 12701.322580645161 62
640 0.1 36041.0 0.0 36041 147 13059.698412698413 63
650 0.1 34831.0 0.0 36041 147 13418.78125 64
660 0.1 36749.0 0.0 36749 147 13748.2 65
670 0.1 35847.0 0.0 36749 147 14096.69696969697 66
680 0.1 36595.0 0.0 36749 147 14421.328358208955 67
690 0.1 36893.0 0.0 36893 147 14747.411764705883 68
700 0.1 37791.0 0.0 37791 147 15068.36231884058 69
710 0.1 38823.0 0.0 38823 147 15392.971428571429 70
720 0.1 37051.0 0.0 38823 147 15722.971830985916 71
730 0.1 32640.0 0.0 38823 147 16019.194444444445 72
740 0.1 29397.0 0.0 38823 147 16246.876712328767 73
750 0.1 27451.0 0.0 38823 147 16424.58108108108 74
760 0.1 23324.0 0.0 38823 147 16571.6 75
770 0.1 12077.0 0.0 38823 147 16660.447368421053 76
780 0.1 3601.0 0.0 38823 147 16600.922077922078 77
790 0.1 721.0 0.0 38823 147 16434.25641025641 78
800 0.1 174.0 0.0 38823 147 16235.354430379746 79
810 0.1 110.0 0.0 38823 110 16034.5875 80
820 0.1 101.0 0.0 38823 101 15837.987654320988 81
830 0.1 71.0 0.0 38823 71 15646.073170731708 82
838 0.1 71.0 0.0 38823 71 15458.421686746988 83
