10 0.1 749 0 749 749 0 0
20 0.1 748.0 0.0 749 748 749.0 1
30 0.1 639.0 0.0 749 639 748.5 2
40 0.1 966.0 0.0 966 639 712.0 3
50 0.1 1161.0 0.0 1161 639 775.5 4
60 0.1 1183.0 0.0 1183 639 852.6 5
70 0.1 1216.0 0.0 1216 639 907.6666666666666 6
80 0.1 997.0 0.0 1216 639 951.7142857142857 7
90 0.1 1112.0 0.0 1216 639 957.375 8
100 0.1 1358.0 0.0 1358 639 974.5555555555555 9
110 0.1 1527.0 0.0 1527 639 1012.9 10
120 0.1 1521.0 0.0 1527 639 1059.6363636363637 11
130 0.1 1474.0 0.0 1527 639 1098.0833333333335 12
140 0.1 1550.0 0.0 1550 639 1127.0000000000002 13
150 0.1 1790.0 0.0 1790 639 1157.214285714286 14
160 0.1 2005.0 0.0 2005 639 1199.4000000000003 15
170 0.1 2048.0 0.0 2048 639 1249.7500000000002 16
180 0.1 2250.0 0.0 2250 639 1296.7058823529414 17
190 0.1 2288.0 0.0 2288 639 1349.666666666667 18
200 0.1 2627.0 0.0 2627 639 1399.0526315789477 19
210 0.1 3059.0 0.0 3059 639 1460.4500000000003 20
220 0.1 3983.0 0.0 3983 639 1536.571428571429 21
230 0.1 4286.0 0.0 4286 639 1647.7727272727277 22
240 0.1 4553.0 0.0 4553 639 1762.4782608695655 23
250 0.1 4606.0 0.0 4606 639 1878.7500000000002 24
260 0.1 5236.0 0.0 5236 639 1987.8400000000004 25
270 0.1 5635.0 0.0 5635 639 2112.769230769231 26
280 0.1 6546.0 0.0 6546 639 2243.2222222222226 27
290 0.1 6765.0 0.0 6765 639 2396.892857142858 28
300 0.1 7365.0 0.0 7365 639 2547.5172413793107 29
310 0.1 7715.0 0.0 7715 639 2708.1000000000004 30
320 0.1 8082.0 0.0 8082 639 2869.612903225807 31
330 0.1 8078.0 0.0 8082 639 3032.5000000000005 32
340 0.1 9153.0 0.0 9153 639 3185.39393939394 33
350 0.1 9994.0 0.0 9994 639 3360.911764705883 34
360 0.1 10022.0 0.0 10022 639 3550.428571428572 35
370 0.1 10057.0 0.0 10057 639 3730.1944444444443 36
380 0.1 10279.0 0.0 10279 639 3901.189189189189 37
390 0.1 10182.0 0.0 10279 639 4069.0263157894738 38
400 0.1 10914.0 0.0 10914 639 4225.7692307692305 39
410 0.1 10532.0 0.0 10914 639 4392.975 40
420 0.1 11316.0 0.0 11316 639 4542.707317073171 41
430 0.1 12985.0 0.0 12985 639 4703.976190476191 42
440 0.1 15546.0 0.0 15546 639 4896.558139534884 43
450 0.1 18661.0 0.0 18661 639 5138.590909090909 44
460 0.1 21890.0 0.0 21890 639 5439.0888888888885 45
470 0.1 23403.0 0.0 23403 639 5796.717391304348 46
480 0.1 24317.0 0.0 24317 639 6171.31914893617 47
490 0.1 24684.0 0.0 24684 639 6549.354166666667 48
500 0.1 24115.0 0.0 24684 639 6919.448979591837 49
510 0.1 24550.0 0.0 24684 639 7263.36 50
520 0.1 24924.0 0.0 24924 639 7602.313725490196 51
530 0.1 26115.0 0.0 26115 639 7935.423076923077 52
540 0.1 27241.0 0.0 27241 639 8278.433962264151 53
550 0.1 28154.0 0.0 28154 639 8629.592592592593 54
560 0.1 30588.0 0.0 30588 639 8984.581818181818 55
570 0.1 30406.0 0.0 30588 639 9370.357142857143 56
580 0.1 32302.0 0.0 32302 639 9739.40350877193 57
590 0.1 32569.0 0.0 32569 639 10128.413793103447 58
600 0.1 35152.0 0.0 35152 639 10508.762711864407 59
610 0.1 37103.0 0.0 37103 639 10919.483333333334 60
620 0.1 36752.0 0.0 37103 639 11348.72131147541 61
630 0.1 35942.0 0.0 37103 639 11758.451612903225 62
640 0.1 37855.0 0.0 37855 639 12142.317460317461 63
650 0.1 38648.0 0.0 38648 639 12544.078125 64
660 0.1 40915.0 0.0 40915 639 12945.676923076922 65
670 0.1 43221.0 0.0 43221 639 13369.454545454546 66
680 0.1 42105.0 0.0 43221 639 13815.0 67
690 0.1 41224.0 0.0 43221 639 14231.029411764706 68
700 0.1 40265.0 0.0 43221 639 14622.231884057972 69
710 0.1 39891.0 0.0 43221 639 14988.557142857142 70
720 0.1 41195.0 0.0 43221 639 15339.295774647888 71
730 0.1 41716.0 0.0 43221 639 15698.402777777777 72
740 0.1 36414.0 0.0 43221 639 16054.808219178081 73
750 0.1 29726.0 0.0 43221 639 16329.932432432432 74
760 0.1 20705.0 0.0 43221 639 16508.546666666665 75
770 0.1 12944.0 0.0 43221 639 16563.763157894737 76
780 0.1 10583.0 0.0 43221 639 16516.753246753247 77
790 0.1 6022.0 0.0 43221 639 16440.67948717949 78
800 0.1 2736.0 0.0 43221 639 16308.79746835443 79
810 0.1 714.0 0.0 43221 639 16139.1375 80
820 0.1 295.0 0.0 43221 295 15948.703703703704 81
830 0.1 254.0 0.0 43221 254 15757.80487804878 82
840 0.1 183.0 0.0 43221 183 15571.012048192772 83
850 0.1 50.0 0.0 43221 50 15387.82142857143 84
860 0.1 6.0 0.0 43221 6 15207.376470588235 85
870 0.1 0.0 0.0 43221 0 15030.616279069767 86
880 0.1 0.0 0.0 43221 0 14857.850574712644 87
890 0.1 1.0 0.0 43221 0 14689.011363636364 88
900 0.1 241.0 0.0 43221 0 14523.977528089888 89
