40 0.5 42511.7292 3444.139880628162 47076.436 37780.777 0 0
50 0.6 44469.79616666667 4487.994541652852 52108.324 37780.777 42511.7292 5
60 1.4 45294.58228571428 6416.430482421542 61207.289 37780.777 43579.76572727273 11
70 1.2 49342.256083333334 6254.443148588656 66870.375 37780.777 44540.062999999995 25
80 1.2 53108.742999999995 11500.558355995292 76295.017 37063.286 46097.53102702703 37
90 0.4 54906.689249999996 2204.399715634209 76295.017 37063.286 47814.56253061225 49
100 0.8 51927.368624999996 12503.876730422191 78723.142 37063.286 48349.8173773585 53
110 1.6 46589.2416875 5701.079478404076 78723.142 37063.286 48819.00442622952 61
120 1.2 50111.02583333334 9413.848018405391 78723.142 35934.549 48355.67710389611 77
130 1.3 49490.51723076922 9651.799189495297 78723.142 35934.549 48592.35333707866 89
140 1.2 59483.56508333333 13959.067676560615 83190.455 35934.549 48706.82520588236 102
150 1.5 52800.17173333333 10920.60234060446 83190.455 35934.549 49841.21887719298 114
160 1.6 50192.9755625 10386.622252270801 83190.455 35934.549 50185.28316279069 129
170 1.5 46091.51546666667 6295.862521813923 83190.455 35934.549 50186.13197931034 145
180 1.8 45539.29422222223 8398.388371372843 83190.455 35934.549 49802.26168124999 160
190 2.3 50601.58660869566 10460.406977242774 87558.02 35934.549 49371.17508426966 178
200 1.5 58473.39393333334 21392.581231410742 131441.692 35934.549 49511.96844278607 201
210 1.9 50147.32405263157 6482.417714696034 131441.692 35934.549 50134.289657407404 216
220 2.2 51897.95881818183 14091.389942270996 131441.692 33880.998 50135.34350212766 235
230 3.9 44399.783794871815 5357.367234561339 131441.692 33880.998 50286.22885992218 257
240 4.3 48499.12320930232 10284.058295306762 131441.692 33880.998 49510.64994932433 296
250 3.1 53239.41206451614 11787.17865043874 131441.692 33880.998 49382.34419764012 339
260 3.6 48279.98827777778 5737.769349825886 131441.692 33880.998 49705.50393783784 370
270 4.2 47093.084190476184 7101.041926832324 131441.692 33880.998 49579.10353448277 406
280 5.4 49549.16585185187 9310.698024384594 131441.692 33880.998 49346.03922098215 448
290 3.9 47455.61341025642 7079.933245420476 131441.692 33880.998 49367.88949601594 502
300 7 48076.30651428573 6764.452417536601 131441.692 33880.998 49230.03595194086 541
310 6.3 50942.25452380952 11196.945217268634 131441.692 33880.998 49097.85745662849 611
320 5.8 48825.099224137964 10187.241045017183 131441.692 33880.998 49270.256589020784 674
330 5.7 52286.545403508746 9251.865530907886 131441.692 33880.998 49234.984557377065 732
340 5.3 53196.272207547154 10042.123435972358 131441.692 33880.998 49455.439523447414 789
350 6 51569.09258333333 8797.102827888686 131441.692 33880.998 49690.907614014264 842
360 5.9 54395.33691525424 7423.504913433038 131441.692 33880.998 49815.84231263859 902
370 6.8 58414.950279411736 8738.187567098636 131441.692 33880.998 50096.99754838711 961
380 5.6 63415.362803571436 8467.017425278791 131441.692 33880.998 50646.6776122449 1029
390 5.2 67031.07142307691 10285.355973680123 131441.692 33880.998 51305.706525345624 1085
400 4.4 70889.4467272727 10355.891801883785 131441.692 33880.998 52024.89647669306 1137
410 4 75773.333225 8760.458356029194 131441.692 33880.998 52727.72476714649 1181
420 3.8 84292.92571052632 10681.944716864053 131441.692 33880.998 53482.69965520065 1221
430 5.7 87711.31080701752 10038.572023335222 131441.692 33880.998 54412.63499285147 1259
440 8.3 90325.36804819276 11244.068372228256 131441.692 33880.998 55854.9028662614 1316
450 11.9 91225.34361344537 14955.014236170182 154340.938 33880.998 57899.96977841315 1399
460 13.1 91905.26429007632 14080.464012681801 154340.938 33880.998 60512.433208168644 1518
470 17.9 89552.63069832399 14898.324056600242 154340.938 33880.998 63006.345198302 1649
480 23.9 86994.08390794978 17529.76883810178 154340.938 33880.998 65605.79000382932 1828
490 23.6 84917.83391949147 17923.758534719193 154340.938 33880.998 68078.84382244799 2067
500 21.3 82351.79806103285 19467.453409349113 160223.346 33880.998 69804.41988102473 2303
510 19.2 78664.3264843751 18507.445386462357 160223.346 33880.998 70866.65817686803 2516
520 21.8 80134.84827981643 17924.099274840908 160223.346 33880.998 71419.520922452 2708
530 19.5 79135.29394871798 17884.14725261416 160223.346 33880.998 72068.85153212576 2926
540 20.9 79706.59084210526 18010.729378667413 160223.346 33880.998 72510.36267318166 3121
550 24.2 75557.61671900818 16485.161517757595 160223.346 33880.998 72962.01783453452 3330
560 25.5 75682.33899215683 15209.888169834534 160223.346 33880.998 73137.86747900334 3572
570 27.7 73969.95505415165 15377.276306638036 160223.346 33880.998 73307.41026339168 3827
580 24.1 73347.88980082989 15899.695609543094 160223.346 33880.998 73352.1288079922 4104
590 27.8 73408.60597841724 17508.0839116507 160223.346 33880.998 73351.89368699653 4345
600 29.7 71885.87246801346 18156.404256229453 160223.346 33880.998 73355.30403028334 4623
610 32 69083.39167499999 14846.750643465011 160223.346 33880.998 73266.60053963414 4920
620 32 67341.04433749989 15142.657016673727 160223.346 33880.998 73011.13740286259 5240
630 31.9 69865.56593416928 16561.323318654133 160223.346 33880.998 72684.80111133092 5560
640 31 70582.96895806456 16211.682778723685 160223.346 33880.998 72531.8267923116 5879
650 31.6 68656.95535126583 16881.969924913483 160223.346 33880.998 72434.21071077716 6189
660 35.2 67096.52631534098 15381.016334289126 160223.346 33880.998 72250.71913604916 6505
670 36.8 68523.60866032614 15215.75769145262 160223.346 33880.998 71986.13172568176 6857
680 40.9 69055.04227383855 17478.741006498174 160223.346 33880.998 71809.77068927333 7225
690 34.6 67402.19824277467 16215.48916305691 178108.381 33880.998 71662.18306523445 7634
700 37.2 65814.17298655908 12632.51588852504 178108.381 33880.998 71477.47695639095 7980
710 35.3 66070.96721529744 13493.385904943067 178108.381 33880.998 71225.23209566568 8352
720 34.8 66912.0984224137 14816.67695000157 178108.381 33880.998 71016.21940149336 8705
730 43.4 64514.593011520745 15036.771370210887 178108.381 33880.998 70858.45577609629 9053
740 38.5 64615.57117142855 14303.685203394305 178108.381 33880.998 70568.24428249181 9487
750 39.8 61656.77748743722 12527.182489078961 178108.381 33880.998 70336.09485504455 9872
760 23.7 65882.43143037974 12247.43667848327 178108.381 33880.998 69999.73961528722 10270
770 19.8 70218.29130303029 11131.730960746729 178108.381 33880.998 69906.86800209382 10507
780 19 73714.81274210525 8869.326132295322 178108.381 33880.998 69912.62809677719 10705
790 18.7 81963.6989411765 10268.96856709389 178108.381 33880.998 69978.9351259293 10895
800 8.7 90942.64063218396 9325.171660858241 178108.381 33880.998 70181.16855251759 11082
810 2.7 105464.05607407409 13539.460334881067 178108.381 33880.998 70342.88831891843 11169
820 0.8 113555.573875 10556.088230346251 178108.381 33880.998 70427.5856688103 11196
830 0 0 0 178108.381 33880.998 70458.38037656194 11204
840 0.1 124560.698 0.0 178108.381 33880.998 70458.38037656194 11204
850 0.1 133547.587 0.0 178108.381 33880.998 70463.20878509594 11205
860 0.1 149672.437 0.0 178108.381 33880.998 70468.83830305193 11206
870 0 0 0 178108.381 33880.998 70475.90563585258 11207
880 0 0 0 178108.381 33880.998 70475.90563585258 11207
890 0 0 0 178108.381 33880.998 70475.90563585258 11207
900 0.2 191486.324 2593.9370000000054 194080.261 33880.998 70475.90563585258 11207
903 0 0 0 194080.261 33880.998 70497.49728869658 11209
