0 2.47265625 2.47265625
10 21.015625 23.48828125
20 71.98984375 95.478125
30 139.703125 235.18125
40 187.27890625 422.46015625
50 205.62890625 628.0890625
60 189.7375 817.8265625
70 147.0421875 964.86875
80 171.81953125 1136.68828125
90 212.1171875 1348.80546875
100 247.0796875 1595.88515625
110 250.103125 1845.98828125
120 236.58046875 2082.56875
130 261.53203125 2344.10078125
140 276.62890625 2620.7296875
150 310.584375 2931.3140625
160 343.41640625 3274.73046875
170 356.15234375 3630.8828125
180 350.1171875 3981
190 356.46171875 4337.46171875
200 461.38203125 4798.84375
210 619.58828125 5418.43203125
220 697.2140625 6115.64609375
230 674.8484375 6790.49453125
240 706.85078125 7497.3453125
250 786.64921875 8283.99453125
260 829.40703125 9113.4015625
270 1013.921875 10127.3234375
280 1075.7921875 11203.115625
290 1138.33984375 12341.45546875
300 1183.05390625 13524.509375
310 1148.61640625 14673.12578125
320 1244.1875 15917.31328125
330 1379.98203125 17297.2953125
340 1453.3109375 18750.60625
350 1518.0734375 20268.6796875
360 1515.94296875 21784.62265625
370 1409.70625 23194.32890625
380 1480.44296875 24674.771875
390 1495.6921875 26170.4640625
400 1504.60625 27675.0703125
410 1581.25390625 29256.32421875
420 1724.4453125 30980.76953125
430 2024.4578125 33005.22734375
440 2329.12578125 35334.353125
450 2477.87578125 37812.22890625
460 2798.54140625 40610.7703125
470 2873.9015625 43484.671875
480 2817.70390625 46302.37578125
490 2737.6828125 49040.05859375
500 2816.2125 51856.27109375
510 2880.16328125 54736.434375
520 2838.9109375 57575.3453125
530 3160.228125 60735.5734375
540 3261.72734375 63997.30078125
550 3368.0265625 67365.32734375
560 3458.3453125 70823.67265625
570 3576.81328125 74400.4859375
580 3608.79921875 78009.28515625
590 3723.35078125 81732.6359375
600 3815.82109375 85548.45703125
610 3752.70390625 89301.1609375
620 3944.90859375 93246.06953125
630 3787.6140625 97033.68359375
640 3810.66484375 100844.3484375
650 3800.84296875 104645.19140625
660 3732.90390625 108378.0953125
670 3929.80234375 112307.89765625
680 3904.91484375 116212.8125
690 3826.88984375 120039.70234375
700 3880.0453125 123919.74765625
710 3928.23359375 127847.98125
720 3869.00859375 131716.98984375
730 3839.66171875 135556.6515625
740 3215.50625 138772.1578125
750 2426.53359375 141198.69140625
760 1432.99375 142631.68515625
770 986.93515625 143618.6203125
780 727.0546875 144345.675
790 376.32734375 144722.00234375
800 131.709375 144853.71171875
810 40.2796875 144893.99140625
820 23.22578125 144917.2171875
830 16.3875 144933.6046875
840 10.68046875 144944.28515625
850 1.23984375 144945.525
860 0.76328125 144946.28828125
870 0 144946.28828125
880 0 144946.28828125
890 0 144946.28828125
900 1.521875 144947.81015625
903 0 144947.81015625
