0 129.57421875 129.57421875
10 231.6265625 361.20078125
20 590.86875 952.06953125
30 612.56484375 1564.634375
40 806.8234375 2371.4578125
50 1105.71796875 3477.17578125
60 1106.83203125 4584.0078125
70 1524.72734375 6108.73515625
80 1624.78359375 7733.51875
90 1787.83359375 9521.35234375
100 1919.16171875 11440.5140625
110 1985.32109375 13425.83515625
120 2138.25859375 15564.09375
130 2191.02890625 17755.12265625
140 2291.34375 20046.46640625
150 2522.4359375 22568.90234375
160 2913.6921875 25482.59453125
170 2784.334375 28266.92890625
180 2782.1890625 31049.11796875
190 3226.19453125 34275.3125
200 3642.59140625 37917.90390625
210 4307.11328125 42225.0171875
220 5012.87890625 47237.89609375
230 5157.14765625 52395.04375
240 5587.34921875 57982.39296875
250 5881.371875 63863.76484375
260 6166.29453125 70030.059375
270 6673.89140625 76703.95078125
280 7088.41015625 83792.3609375
290 7636.434375 91428.7953125
300 8229.55546875 99658.35078125
310 8775.43984375 108433.790625
320 9901.578125 118335.36875
330 12039.990625 130375.359375
340 13088.49140625 143463.85078125
350 13420.66171875 156884.5125
360 13787.89921875 170672.41171875
370 14334.48984375 185006.9015625
380 14826.02265625 199832.92421875
390 17254.48828125 217087.4125
400 19357.490625 236444.903125
410 19518.084375 255962.9875
420 20240.65625 276203.64375
430 20040.990625 296244.634375
440 19667.58671875 315912.22109375
450 20084.94375 335997.16484375
460 20995.45703125 356992.621875
470 20152.28125 377144.903125
480 22302.46484375 399447.36796875
490 20557.3734375 420004.74140625
500 19920.17265625 439924.9140625
510 19494.09765625 459419.01171875
520 20356.871875 479775.88359375
530 21332.4546875 501108.33828125
540 21774.85703125 522883.1953125
550 21929.0421875 544812.2375
560 21098.03203125 565910.26953125
570 19838.07109375 585748.340625
580 21328.65390625 607076.99453125
590 21299.21171875 628376.20625
600 21912.15703125 650288.36328125
610 21750.71171875 672039.075
620 22378.3640625 694417.4390625
630 20761.40625 715178.8453125
640 21780.465625 736959.3109375
650 22053.0984375 759012.409375
660 22844.9328125 781857.3421875
670 21546.84375 803404.1859375
680 20228.1953125 823632.38125
690 22107.6 845739.98125
700 20379.18984375 866119.17109375
710 22231.1765625 888350.34765625
720 21819.66640625 910170.0140625
730 22172.11328125 932342.12734375
740 25125.24140625 957467.36875
750 23873.32109375 981340.68984375
760 16602.98828125 997943.678125
770 5820.1515625 1003763.8296875
780 1268.12578125 1005031.95546875
790 282.05703125 1005314.0125
800 107.515625 1005421.528125
810 81.90390625 1005503.43203125
820 66.7890625 1005570.22109375
830 67.54453125 1005637.765625
838 20.9859375 1005658.7515625
