0 0.9 9
10 0.7 16
20 0.8 24
30 0.6 30
40 1 40
50 1.6 56
60 1.2 68
70 1.2 80
80 1.6 96
90 2 116
100 1.8 134
110 1.2 146
120 1.2 158
130 2.8 186
140 2.3 209
150 2.1 230
160 2 250
170 1.5 265
180 2.8 293
190 4.2 335
200 4.4 379
210 4.5 424
220 4.6 470
230 3.4 504
240 6.1 565
250 5.7 622
260 4.6 668
270 6.8 736
280 5.5 791
290 5.2 843
300 9.6 939
310 10.4 1043
320 10.2 1145
330 11.8 1263
340 11.1 1374
350 8 1454
360 12.8 1582
370 15.8 1740
380 16.2 1902
390 15.6 2058
400 16.1 2219
410 14.6 2365
420 17.9 2544
430 20.7 2751
440 17.5 2926
450 19.9 3125
460 19.3 3318
470 17.7 3495
480 23.1 3726
490 23.6 3962
500 23.9 4201
510 23 4431
520 24.1 4672
530 22 4892
540 27 5162
550 30.6 5468
560 30.6 5774
570 27.7 6051
580 30.2 6353
590 25.2 6605
600 27 6875
610 31.5 7190
620 31.5 7505
630 27.8 7783
640 30 8083
650 30.1 8384
660 32.6 8710
670 34.5 9055
680 32.3 9378
690 27.1 9649
700 23.3 9882
710 24.7 10129
720 4.2 10171
730 0 10171
740 0 10171
750 0 10171
760 0 10171
770 0 10171
780 0 10171
790 0 10171
800 0 10171
810 0 10171
820 0 10171
830 0 10171
838 0 10171
