0 9 9
10 22 22
20 37 37
30 47 47
40 51 52
50 49 52
60 54 54
70 59 60
80 57 61
90 68 69
100 68 71
110 65 71
120 69 71
130 71 73
140 87 89
150 95 100
160 95 101
170 95 101
180 108 108
190 127 127
200 150 153
210 174 175
220 186 186
230 199 207
240 199 207
250 232 238
260 268 269
270 293 295
280 296 297
290 317 327
300 322 327
310 372 373
320 401 401
330 439 440
340 501 502
350 550 551
360 603 604
370 682 682
380 793 793
390 910 910
400 1013 1013
410 1120 1120
420 1266 1266
430 1396 1398
440 1490 1491
450 1573 1574
460 1631 1635
470 1653 1656
480 1659 1659
490 1662 1668
500 1690 1699
510 1746 1751
520 1763 1771
530 1809 1817
540 1878 1878
550 1980 1982
560 2034 2039
570 2080 2081
580 2158 2166
590 2164 2169
600 2232 2239
610 2271 2281
620 2282 2289
630 2325 2335
640 2382 2385
650 2402 2410
660 2369 2410
670 2403 2428
680 2333 2428
690 2371 2428
700 2375 2428
710 2394 2428
720 2156 2428
730 1722 2428
740 1337 2428
750 939 2428
760 702 2428
770 504 2428
780 314 2428
790 127 2428
800 40 2428
810 13 2428
820 5 2428
830 5 2428
840 4 2428
850 3 2428
860 2 2428
870 2 2428
880 2 2428
890 2 2428
900 0 2428
903 0 2428
