0 1.3 13
10 1.8 31
20 5.7 88
30 7.6 164
40 11.7 281
50 12.5 406
60 12.9 535
70 12.3 658
80 13.3 791
90 15.9 950
100 19.7 1147
110 20.3 1350
120 19.9 1549
130 20.5 1754
140 21.2 1966
150 23.8 2204
160 25.1 2455
170 25.2 2707
180 29 2997
190 31.7 3314
200 38.8 3702
210 45.1 4153
220 50.7 4660
230 53.6 5196
240 54 5736
250 64.2 6378
260 68.8 7066
270 78.4 7850
280 83.3 8683
290 85.2 9535
300 84.7 10382
310 88.8 11270
320 98.7 12257
330 101.5 13272
340 98.4 14256
350 96.8 15224
360 105.5 16279
370 101.8 17297
380 100 18297
390 103.4 19331
400 87.9 20210
410 96.2 21172
420 90.1 22073
430 93.1 23004
440 94 23944
450 84.3 24787
460 95.3 25740
470 102.2 26762
480 103.1 27793
490 106.7 28860
500 103.6 29896
510 92.9 30825
520 89.3 31718
530 98.1 32699
540 102.3 33722
550 96.8 34690
560 92.9 35619
570 109.6 36715
580 108.1 37796
590 103.1 38827
600 105.2 39879
610 107.9 40958
620 108.9 42047
630 111.3 43160
640 110.6 44266
650 105.6 45322
660 108.3 46405
670 109.4 47499
680 118.6 48685
690 99.3 49678
700 115.5 50833
710 112.5 51958
720 90.9 52867
730 76.7 53634
740 65.9 54293
750 62.6 54919
760 57 55489
770 55.7 56046
780 53.1 56577
790 56.2 57139
800 57.8 57717
810 63.5 58352
820 60.1 58953
830 17.1 59124
838 0.2 59126
