10 1 10
20 4.5 55
30 8.1 136
40 13.6 272
50 15.3 425
60 15.4 579
70 12.3 702
80 12.9 831
90 17.1 1002
100 23.7 1239
110 23.8 1477
120 22.9 1706
130 19.7 1903
140 24 2143
150 28.7 2430
160 29.6 2726
170 26.7 2993
180 29 3283
190 33.3 3616
200 43 4046
210 52.4 4570
220 56.1 5131
230 60.5 5736
240 58.4 6320
250 68.7 7007
260 75.9 7766
270 91.2 8678
280 96.6 9644
290 98.6 10630
300 90.7 11537
310 92 12457
320 104.9 13506
330 115.3 14659
340 112.5 15784
350 107.5 16859
360 111 17969
370 100.8 18977
380 95.9 19936
390 101 20946
400 81 21756
410 81.7 22573
420 73.1 23304
430 66 23964
440 68.1 24645
450 62.3 25268
460 58.6 25854
470 62 26474
480 63.2 27106
490 65.7 27763
500 63.2 28395
510 57 28965
520 51.4 29479
530 64.9 30128
540 52.7 30655
550 56.1 31216
560 50.6 31722
570 57 32292
580 58.6 32878
590 56.3 33441
600 53.2 33973
610 54 34513
620 50.5 35018
630 52.1 35539
640 58.4 36123
650 51.7 36640
660 50.4 37144
670 50.1 37645
680 53.5 38180
690 48.7 38667
700 48.9 39156
710 51.6 39672
720 51.8 40190
730 44.7 40637
740 39.1 41028
750 42.3 41451
760 42.8 41879
770 57.7 42456
780 67.8 43134
790 66.1 43795
800 71 44505
810 72.7 45232
820 63.2 45864
830 16.9 46033
838 0.7 46040
