400 26.2 262
410 80.8 1070
420 143.3 2503
430 199.1 4494
440 229.5 6789
450 233.6 9125
460 256.5 11690
470 238 14070
480 210.5 16175
490 203 18205
500 211.6 20321
510 253.6 22857
520 270.2 25559
530 304.3 28602
540 313.4 31736
550 330.9 35045
560 344.1 38486
570 364.5 42131
580 386.9 46000
590 420.4 50204
600 413.2 54336
610 435.9 58695
620 440.3 63098
630 450.1 67599
640 484.4 72443
650 509.9 77542
660 497.9 82521
670 453.5 87056
680 487.4 91930
690 452.8 96458
700 488.2 101340
710 503.5 106375
720 518.4 111559
730 473.6 116295
740 348.3 119778
750 223.9 122017
760 98.9 123006
770 33.8 123344
780 8.7 123431
790 2.4 123455
800 0.3 123458
810 0 123458
820 0 123458
830 0 123458
838 0 123458
