400 4.8 48
410 16 208
420 25.7 465
430 34.2 807
440 41.4 1221
450 40.1 1622
460 44.9 2071
470 42.1 2492
480 49.7 2989
490 46.8 3457
500 49.1 3948
510 43.1 4379
520 46.4 4843
530 54.7 5390
540 57.5 5965
550 54.7 6512
560 57.1 7083
570 61.3 7696
580 59.3 8289
590 65.7 8946
600 71.4 9660
610 74.5 10405
620 74 11145
630 73.8 11883
640 80.8 12691
650 79.5 13486
660 85.4 14340
670 76.5 15105
680 90.8 16013
690 73.2 16745
700 86.3 17608
710 86.3 18471
720 90.3 19374
730 81.1 20185
740 67.8 20863
750 64 21503
760 44.4 21947
770 24.8 22195
780 9.6 22291
790 2.8 22319
800 0.2 22321
810 0 22321
820 0 22321
830 0 22321
838 0 22321
