400 2 20
410 0.8 28
420 2.2 50
430 4.4 94
440 6.3 157
450 9.2 249
460 10.4 353
470 12.5 478
480 14.9 627
490 15.8 785
500 16 945
510 12.4 1069
520 15.6 1225
530 14.6 1371
540 19.9 1570
550 23 1800
560 19.6 1996
570 19.9 2195
580 19.4 2389
590 20.8 2597
600 24.1 2838
610 24 3078
620 28.8 3366
630 27.5 3641
640 23.7 3878
650 26.6 4144
660 31.9 4463
670 26.2 4725
680 31.7 5042
690 24.7 5289
700 31.8 5607
710 27.8 5885
720 33.1 6216
730 35.9 6575
740 35.4 6929
750 40.6 7335
760 35.5 7690
770 23.1 7921
780 9.1 8012
790 3 8042
800 0.2 8044
810 0 8044
820 0 8044
830 0 8044
838 0 8044
