400 24.1 241
410 56.7 808
420 92.9 1737
430 122.4 2961
440 150.2 4463
450 163 6093
460 166.8 7761
470 154.4 9305
480 129 10595
490 130.7 11902
500 126.9 13171
510 174.9 14920
520 177.3 16693
530 193.4 18627
540 203.1 20658
550 226.5 22923
560 242.6 25349
570 245.3 27802
580 272.4 30526
590 290.2 33428
600 270.7 36135
610 295.7 39092
620 305.2 42144
630 300 45144
640 323.6 48380
650 331.8 51698
660 325.4 54952
670 310.9 58061
680 324 61301
690 317.6 64477
700 316.6 67643
710 324 70883
720 310.5 73988
730 275.7 76745
740 195.6 78701
750 106.2 79763
760 21.8 79981
770 0 79981
780 0 79981
790 0 79981
800 0 79981
810 0 79981
820 0 79981
830 0 79981
838 0 79981
