0 0.9 4.020555555555556 7.249211575691236 24.524 1.344 0 0
10 0.6 1.3826666666666665 0.0856673151726426 24.524 1.223 4.020555555555556 9
20 1.4 1.451 0.10961882007340583 24.524 1.204 2.9654000000000003 15
30 0.8 1.4538749999999998 0.07167188692227933 24.524 1.204 2.2343103448275863 29
40 0.8 1.4157499999999998 0.11925576505980749 24.524 1.204 2.0655675675675678 37
50 0.9 1.448 0.12364465212858987 24.524 1.204 1.9500444444444442 45
60 0.5 2.9619999999999997 3.197465308646835 24.524 1.204 1.8663703703703702 54
70 1.9 1.4026315789473682 0.19156672893367743 24.524 1.063 1.9592203389830507 59
80 1.8 1.5172222222222222 0.37988793019280415 24.524 1.063 1.8236410256410256 78
90 0.9 1.4224444444444444 0.06689645582890871 24.524 1.063 1.7661875 96
100 1.7 1.370176470588235 0.0966553825494398 24.524 1.063 1.7367238095238096 105
110 1.3 1.3357692307692306 0.08279925106141575 24.524 1.063 1.6856475409836065 122
120 2.1 1.7359523809523811 1.6627962242700431 24.524 1.063 1.6519555555555556 135
130 2.2 1.4372272727272728 0.13446152941478087 24.524 1.063 1.6632628205128204 156
140 1.6 1.4575 0.14824641648282766 24.524 1.063 1.635325842696629 178
150 1.6 1.3944999999999999 0.06661925397360735 24.524 1.063 1.6206597938144327 194
160 1.8 1.3200555555555553 0.08462694095737157 24.524 1.063 1.6034285714285712 210
170 2.5 1.3719999999999999 0.12607458110182243 24.524 1.063 1.5810570175438596 228
180 3.7 1.6613783783783782 1.5364232833039373 24.524 1.063 1.560399209486166 253
190 3.7 1.4545675675675676 0.32577529484588164 24.524 1.063 1.5732827586206897 290
200 3.9 1.7143589743589747 1.3194047120631078 24.524 1.063 1.559850152905199 327
210 3.5 1.819485714285714 2.4838003068044 24.524 1.063 1.5763142076502734 366
220 3.5 1.3778571428571427 0.1421779856090131 24.524 1.063 1.5975386533665836 401
230 4.6 1.337739130434783 0.10931117027582288 24.524 1.063 1.5799036697247708 436
240 5.6 1.788482142857143 2.860672142490988 24.524 1.063 1.5567925311203323 482
250 7.3 1.3280136986301367 0.19507325586766963 24.524 1.059 1.5809089219330856 538
260 6.5 1.4926000000000001 0.8961465676825587 24.524 1.059 1.5506939443535188 611
270 5.4 1.3954444444444445 0.20240513705480112 24.524 1.059 1.5451079881656804 676
280 5.6 1.3308928571428578 0.171437689489654 24.524 1.059 1.5340369863013699 730
290 5.7 1.491228070175439 0.799344380859755 24.524 1.059 1.5195636132315522 786
300 9.3 1.6141612903225808 2.2734589311487112 24.524 1.059 1.5176476868327402 843
310 10.9 1.3442110091743122 0.1514808900894246 24.524 1.059 1.5272371794871793 936
320 10.5 1.3901619047619052 0.23521743229087996 24.524 1.059 1.5081464114832535 1045
330 9.1 1.3567362637362637 0.13576489335376432 24.524 1.059 1.4973739130434782 1150
340 9.4 1.3517872340425536 0.19772621692205353 24.524 1.039 1.4870612409347301 1241
350 11.4 1.3910350877192985 0.26838754807523096 24.524 1.039 1.477536329588015 1335
360 12.1 1.5197851239669424 1.124567620907511 24.524 1.039 1.470730848861284 1449
370 15.6 1.345942307692308 0.3078758124672461 24.524 1.036 1.4745114649681532 1570
380 17.4 1.5476551724137924 0.9454120044221093 24.524 1.036 1.4628910776361534 1726
390 17.1 1.3883508771929822 0.8862403108531577 24.524 1.036 1.4706536842105267 1900
400 36.9 1.4622195121951211 1.4322471127297813 24.524 0.898 1.4638580395943992 2071
410 88.8 1.8513209459459454 2.1382568707751477 24.524 0.788 1.4636102459016396 2440
420 147.1 2.4062195785180114 2.8790587535939425 24.524 0.783 1.5670618990384617 3328
430 211.2 2.9695847537878746 3.4682215078446044 24.524 0.783 1.8242823504896846 4799
440 265.4 3.5362995478523045 3.814541821277765 29.239 0.783 2.1742864997829527 6911
450 267.7 3.8629585356742626 4.210301680576275 50.135 0.783 2.5522041819132255 9565
460 288.6 3.8701555786555777 3.9968237436518033 50.135 0.783 2.8388313184120246 12242
470 283 3.6122925795052954 3.8430670938121927 50.135 0.764 3.0355791909042833 15128
480 256.5 3.4121111111111015 3.8623575507755 50.135 0.764 3.1264634146341455 17958
490 254.8 3.43449450549451 3.8966111903560643 50.135 0.764 3.162164157286944 20523
500 254.2 3.9906447678992953 4.361427574713018 50.135 0.764 3.192240778466472 23071
510 290 4.075116206896548 4.362654427889693 50.135 0.764 3.2714795611603478 25613
520 307.8 4.161993827160506 4.2490708867406175 50.135 0.764 3.353215831375161 28513
530 349.3 4.317307472087043 4.364684948167259 50.135 0.764 3.432017346712672 31591
540 366.5 4.813433560709399 4.586037543913115 50.135 0.764 3.520157764223009 35084
550 372.9 4.7014279967819705 4.58060626115603 50.135 0.764 3.6424797801233577 38749
560 369 5.301168834688339 5.039144578431432 53.417 0.764 3.73544126371298 42478
570 399.5 5.393682603254062 4.905831565144406 53.417 0.764 3.8605828062727414 46168
580 426.7 6.204796109678921 5.563684565414351 53.417 0.764 3.982679445009268 50163
590 451.3 6.508961444715262 5.367081384218032 53.417 0.764 4.156880654051073 54430
600 451.2 7.902367686170208 6.000337305844689 53.417 0.764 4.336968885194168 58943
610 482 7.8178516597510095 5.751322196402608 53.417 0.764 4.5904883775904155 63455
620 479.5 8.33096934306568 6.015872957845871 53.417 0.764 4.818330062248256 68275
630 482.4 8.617773009950202 5.931780211408768 53.417 0.764 5.048836499247292 73070
640 514.8 11.170420551670531 7.229011590626347 53.417 0.764 5.2698618635581616 77894
650 535 12.607314766355172 7.822912810335944 53.417 0.764 5.635653584932917 83042
660 541.5 13.224703231763563 9.882204783210192 65.911 0.764 6.057619230247075 88392
670 490.1 10.996174658233024 6.768400023723872 65.911 0.764 6.471338460882441 93807
680 530.8 10.4972324792766 6.851445621680325 65.911 0.764 6.696003353324951 98708
690 490.4 10.607443515497527 7.041794775738079 65.911 0.764 6.889982396938927 104016
700 523.6 11.71510962566839 7.500509974450301 65.911 0.764 7.057356885787727 108920
710 536 12.92929384328358 7.979749736801078 65.911 0.764 7.270994306037343 114156
720 532 10.272385714285733 6.773514810028525 65.911 0.764 7.524755187589937 119516
730 485.4 15.740918211784097 26.19200598313908 162.902 0.764 7.64184796853471 124836
740 373.6 5.14075936830835 4.511850658455532 162.902 0.764 7.944977638985264 129690
750 249.8 3.772136108887123 4.1565596037685975 162.902 0.764 7.866458014180138 133426
760 117 3.81006495726495 6.980450570710998 162.902 0.764 7.791212905741437 135924
770 42.2 1.5330213270142194 2.012848416048922 162.902 0.764 7.757236633258926 137094
780 12 1.349933333333334 0.5710905902063367 162.902 0.764 7.73813617324529 137516
790 2.9 1.3856896551724143 0.1519727978037349 162.902 0.764 7.73256652329332 137636
800 0.8 1.4627500000000002 0.3388527519439675 162.902 0.764 7.731229513674496 137665
810 0 0 0 162.902 0.764 7.730865260435957 137673
820 0 0 0 162.902 0.764 7.730865260435957 137673
830 0 0 0 162.902 0.764 7.730865260435957 137673
838 0 0 0 162.902 0.764 7.730865260435957 137673
