0 9 9
10 15 6
20 29 14
30 37 8
40 41 4
50 46 5
60 42 -4
70 47 5
80 59 12
90 58 -1
100 71 13
110 72 1
120 74 2
130 80 6
140 85 5
150 89 4
160 93 4
170 97 4
180 115 18
190 137 22
200 161 24
210 173 12
220 175 2
230 189 14
240 216 27
250 250 34
260 269 19
270 287 18
280 294 7
290 293 -1
300 316 23
310 373 57
320 414 41
330 455 41
340 511 56
350 581 70
360 656 75
370 765 109
380 901 136
390 1041 140
400 1086 45
410 1125 39
420 1102 -23
430 1056 -46
440 1080 24
450 1113 33
460 1042 -71
470 1090 48
480 1101 11
490 1124 23
500 1145 21
510 1130 -15
520 1137 7
530 1091 -46
540 1200 109
550 1365 165
560 1373 8
570 1448 75
580 1389 -59
590 1423 34
600 1397 -26
610 1479 82
620 1523 44
630 1525 2
640 1507 -18
650 1445 -62
660 1515 70
670 1512 -3
680 1557 45
690 1551 -6
700 1549 -2
710 1451 -98
720 1255 -196
730 1020 -235
740 919 -101
750 833 -86
760 765 -68
770 647 -118
780 536 -111
790 454 -82
800 369 -85
810 262 -107
820 121 -141
830 6 -115
838 0 -6
