0 0.1 12.049548100115581 0 12.049548100115581 12.049548100115581 0 0
10 0.1 0.4008016032064128 0.0 12.049548100115581 0.4008016032064128 12.049548100115581 1
20 0.1 0.20060180541624875 0.0 12.049548100115581 0.20060180541624875 6.225174851660997 2
30 0.1 0.6036217303822937 0.0 12.049548100115581 0.20060180541624875 4.21698383624608 3
40 0.1 0.9054325955734407 0.0 12.049548100115581 0.20060180541624875 3.313643309780134 4
50 0.1 1.903807615230461 0.0 12.049548100115581 0.20060180541624875 2.8320011669387952 5
60 0.1 1.4127144298688195 0.0 12.049548100115581 0.20060180541624875 2.6773022416540733 6
70 0.1 1.5090543259557343 0.0 12.049548100115581 0.20060180541624875 2.4966468399704658 7
80 0.1 1.30784708249497 0.0 12.049548100115581 0.20060180541624875 2.3731977757186242 8
90 0.1 1.5120967741935485 0.0 12.049548100115581 0.20060180541624875 2.2548254764715514 9
100 0.1 2.0100502512562812 0.0 12.049548100115581 0.20060180541624875 2.1805526062437512 10
110 0.1 2.6183282980866065 0.0 12.049548100115581 0.20060180541624875 2.165052392153981 11
120 0.1 2.127659574468085 0.0 12.049548100115581 0.20060180541624875 2.2028253843150334 12
130 0.1 2.1212121212121215 0.0 12.049548100115581 0.20060180541624875 2.197043398942191 13
140 0.1 1.8218623481781375 0.0 12.049548100115581 0.20060180541624875 2.191626879104329 14
150 0.1 2.82258064516129 0.0 12.049548100115581 0.20060180541624875 2.1669759103759163 15
160 0.1 2.2357723577235773 0.0 12.049548100115581 0.20060180541624875 2.207951206300002 16
170 0.1 3.0303030303030303 0.0 12.049548100115581 0.20060180541624875 2.2095877446190357 17
180 0.1 2.42914979757085 0.0 12.049548100115581 0.20060180541624875 2.2551830382681466 18
190 0.1 3.5317860746720484 0.0 12.049548100115581 0.20060180541624875 2.2643391834946045 19
200 0.1 3.5496957403651117 0.0 12.049548100115581 0.20060180541624875 2.3277115280534764 20
210 0.1 4.276985743380855 0.0 12.049548100115581 0.20060180541624875 2.3859012524492687 21
220 0.1 5.402650356778797 0.0 12.049548100115581 0.20060180541624875 2.4718596384007046 22
230 0.1 6.079027355623101 0.0 12.049548100115581 0.20060180541624875 2.599285321808448 23
240 0.1 5.696846388606307 0.0 12.049548100115581 0.20060180541624875 2.744274573217392 24
250 0.1 6.8158697863682605 0.0 12.049548100115581 0.20060180541624875 2.8623774458329483 25
260 0.1 6.864754098360656 0.0 12.049548100115581 0.20060180541624875 3.014434843545845 26
270 0.1 8.739837398373984 0.0 12.049548100115581 0.20060180541624875 3.157039260390838 27
280 0.1 10.172939979654121 0.0 12.049548100115581 0.20060180541624875 3.35642490817595 28
290 0.1 9.509202453987731 0.0 12.049548100115581 0.20060180541624875 3.591477152020025 29
300 0.1 10.467479674796747 0.0 12.049548100115581 0.20060180541624875 3.788734662085615 30
310 0.1 9.548254620123203 0.0 12.049548100115581 0.20060180541624875 4.004178049592426 31
320 0.1 10.164271047227926 0.0 12.049548100115581 0.20060180541624875 4.177430442421512 32
330 0.1 11.099585062240664 0.0 12.049548100115581 0.20060180541624875 4.358849854688373 33
340 0.1 11.13423517169615 0.0 12.049548100115581 0.20060180541624875 4.557106772557558 34
350 0.1 11.11111111111111 0.0 12.049548100115581 0.20060180541624875 4.74502472681866 35
360 0.1 10.471204188481675 0.0 12.049548100115581 0.20060180541624875 4.921860459715672 36
370 0.1 11.855670103092782 0.0 12.049548100115581 0.20060180541624875 5.071842722655294 37
380 0.1 12.461695607763023 0.0 12.461695607763023 0.20060180541624875 5.2503644958247015 38
390 0.1 10.157068062827225 0.0 12.461695607763023 0.20060180541624875 5.435270421771839 39
400 0.1 12.345679012345679 0.0 12.461695607763023 0.20060180541624875 5.553315362798224 40
410 0.1 23.55289421157685 0.0 23.55289421157685 0.20060180541624875 5.7189827688847465 41
420 0.1 35.531496062992126 0.0 35.531496062992126 0.20060180541624875 6.143599707996463 42
430 0.1 41.27906976744186 0.0 41.27906976744186 0.20060180541624875 6.827039158112641 43
440 0.1 43.86129334582943 0.0 43.86129334582943 0.20060180541624875 7.610039853779214 44
450 0.1 45.173745173745175 0.0 45.173745173745175 0.20060180541624875 8.415623264713664 45
460 0.1 45.01915708812261 0.0 45.173745173745175 0.20060180541624875 9.214712871431741 46
470 0.1 44.797687861271676 0.0 45.173745173745175 0.20060180541624875 9.97650955689325 47
480 0.1 44.51923076923077 0.0 45.173745173745175 0.20060180541624875 10.7019507715678 48
490 0.1 44.47674418604651 0.0 45.173745173745175 0.20060180541624875 11.392099342948676 49
500 0.1 44.03846153846154 0.0 45.173745173745175 0.20060180541624875 12.053792239810631 50
510 0.1 44.75728155339806 0.0 45.173745173745175 0.20060180541624875 12.680942618215552 51
520 0.1 45.5609756097561 0.0 45.5609756097561 0.20060180541624875 13.297795290045984 52
530 0.1 46.12403100775194 0.0 46.12403100775194 0.20060180541624875 13.906534541361268 53
540 0.1 46.68615984405458 0.0 46.68615984405458 0.20060180541624875 14.503154846294429 54
550 0.1 47.01273261508325 0.0 47.01273261508325 0.20060180541624875 15.088300391708248 55
560 0.1 46.484375 0.0 47.01273261508325 0.20060180541624875 15.65837953855423 56
570 0.1 47.4609375 0.0 47.4609375 0.20060180541624875 16.19918647647433 57
580 0.1 47.77131782945737 0.0 47.77131782945737 0.20060180541624875 16.738182183776498 58
590 0.1 48.50299401197605 0.0 48.50299401197605 0.20060180541624875 17.264167533703294 59
600 0.1 49.107142857142854 0.0 49.107142857142854 0.20060180541624875 17.784814641674508 60
610 0.1 49.150849150849155 0.0 49.150849150849155 0.20060180541624875 18.298295432092022 61
620 0.1 49.40119760479042 0.0 49.40119760479042 0.20060180541624875 18.795917266265523 62
630 0.1 49.40711462450593 0.0 49.40711462450593 0.20060180541624875 19.28171536687703 63
640 0.1 49.1609081934847 0.0 49.40711462450593 0.20060180541624875 19.752424730277482 64
650 0.1 49.25962487660415 0.0 49.40711462450593 0.20060180541624875 20.204862937403746 65
660 0.1 49.50980392156863 0.0 49.50980392156863 0.20060180541624875 20.645086603149206 66
670 0.1 49.25816023738873 0.0 49.50980392156863 0.20060180541624875 21.075903279543528 67
680 0.1 49.3583415597236 0.0 49.50980392156863 0.20060180541624875 21.490348234805957 68
690 0.1 49.3570722057369 0.0 49.50980392156863 0.20060180541624875 21.894232196036647 69
700 0.1 49.306930693069305 0.0 49.50980392156863 0.20060180541624875 22.286558481889507 70
710 0.1 49.40944881889764 0.0 49.50980392156863 0.20060180541624875 22.66712710458218 71
720 0.1 49.217221135029355 0.0 49.50980392156863 0.20060180541624875 23.038548239503225 72
730 0.1 49.2 0.0 49.50980392156863 0.20060180541624875 23.397160196976188 73
740 0.1 49.25668979187314 0.0 49.50980392156863 0.20060180541624875 23.745847221341375 74
750 0.1 49.25224327018943 0.0 49.50980392156863 0.20060180541624875 24.085991788948466 75
760 0.1 49.30139720558882 0.0 49.50980392156863 0.20060180541624875 24.417126676859528 76
770 0.1 31.093279839518555 0.0 49.50980392156863 0.20060180541624875 24.740299021388477 77
780 0.1 16.902834008097166 0.0 49.50980392156863 0.20060180541624875 24.821747493415785 78
790 0.1 9.12820512820513 0.0 49.50980392156863 0.20060180541624875 24.72150808220922 79
800 0.1 7.597535934291582 0.0 49.50980392156863 0.20060180541624875 24.52659179528417 80
810 0.1 6.550665301944729 0.0 49.50980392156863 0.20060180541624875 24.317591105642283 81
820 0.1 7.062436028659161 0.0 49.50980392156863 0.20060180541624875 24.100921278767924 82
830 0.1 3.983656792645557 0.0 49.50980392156863 0.20060180541624875 23.895638323947338 83
838 0.1 0.9009009009009009 0.0 49.50980392156863 0.20060180541624875 23.658590924765175 84
