0 0 0
10 0 0
20 0 0
30 0 0
40 0.4 4
50 0.4 8
60 0.9 17
70 1.4 31
80 0.6 37
90 1 47
100 0.5 52
110 1.2 64
120 1.8 82
130 1.6 98
140 1.1 109
150 1.2 121
160 1.4 135
170 2.1 156
180 1.9 175
190 1.5 190
200 1.5 205
210 2.4 229
220 3.2 261
230 3.3 294
240 3.1 325
250 3.7 362
260 4.7 409
270 3.5 444
280 4.9 493
290 5.7 550
300 7 620
310 5.1 671
320 6.5 736
330 4.9 785
340 3.9 824
350 4.3 867
360 4.7 914
370 4.8 962
380 3.6 998
390 3.2 1030
400 3.1 1061
410 3.9 1100
420 6.2 1162
430 7 1232
440 11.7 1349
450 15.7 1506
460 20 1706
470 21.8 1924
480 22.7 2151
490 23.6 2387
500 18.9 2576
510 18.3 2759
520 19.3 2952
530 20.2 3154
540 20.5 3359
550 25.2 3611
560 24.5 3856
570 27 4126
580 26.2 4388
590 27.5 4663
600 32.4 4987
610 31.2 5299
620 35 5649
630 31.9 5968
640 31.5 6283
650 30.8 6591
660 36.6 6957
670 38.6 7343
680 37.1 7714
690 36.5 8079
700 34.4 8423
710 36.1 8784
720 32.8 9112
730 34.9 9461
740 36.7 9828
750 34 10168
760 24.7 10415
770 19.8 10613
780 14.2 10755
790 8.6 10841
800 8.9 10930
810 11 11040
820 13.9 11179
830 11.4 11293
838 0.6 11299
