0 0.1 3498.0390625 0 3498.0390625 3498.0390625 0 0
10 0.1 3500.71875 0.0 3500.71875 3498.0390625 3498.0390625 1
20 0.1 3500.0078125 0.0 3500.71875 3498.0390625 3499.37890625 2
30 0.1 3493.83984375 0.0 3500.71875 3493.83984375 3499.5885416666665 3
40 0.1 3484.765625 0.0 3500.71875 3484.765625 3498.1513671875 4
50 0.1 3478.84375 0.0 3500.71875 3478.84375 3495.47421875 5
60 0.1 3475.21875 0.0 3500.71875 3475.21875 3492.7024739583335 6
70 0.1 3476.19921875 0.0 3500.71875 3475.21875 3490.2047991071427 7
80 0.1 3474.75390625 0.0 3500.71875 3474.75390625 3488.4541015625 8
90 0.1 3474.3828125 0.0 3500.71875 3474.3828125 3486.9318576388887 9
100 0.1 3468.59765625 0.0 3500.71875 3468.59765625 3485.676953125 10
110 0.1 3467.515625 0.0 3500.71875 3467.515625 3484.1242897727275 11
120 0.1 3459.171875 0.0 3500.71875 3459.171875 3482.740234375 12
130 0.1 3458.5703125 0.0 3500.71875 3458.5703125 3480.927283653846 13
140 0.1 3457.75 0.0 3500.71875 3457.75 3479.3303571428573 14
150 0.1 3453.640625 0.0 3500.71875 3453.640625 3477.891666666667 15
160 0.1 3452.078125 0.0 3500.71875 3452.078125 3476.3759765625 16
170 0.1 3451.34375 0.0 3500.71875 3451.34375 3474.9466911764707 17
180 0.1 3451.734375 0.0 3500.71875 3451.34375 3473.6354166666665 18
190 0.1 3449.6875 0.0 3500.71875 3449.6875 3472.482730263158 19
200 0.1 3438.91796875 0.0 3500.71875 3438.91796875 3471.34296875 20
210 0.1 3430.078125 0.0 3500.71875 3430.078125 3469.7989211309523 21
220 0.1 3404.3984375 0.0 3500.71875 3404.3984375 3467.9934303977275 22
230 0.1 3402.71484375 0.0 3500.71875 3402.71484375 3465.2284307065215 23
240 0.1 3401.3671875 0.0 3500.71875 3401.3671875 3462.6236979166665 24
250 0.1 3400.5625 0.0 3500.71875 3400.5625 3460.1734375 25
260 0.1 3377.3359375 0.0 3500.71875 3377.3359375 3457.8807091346152 26
270 0.1 3375.953125 0.0 3500.71875 3375.953125 3454.8975694444443 27
280 0.1 3352.89453125 0.0 3500.71875 3352.89453125 3452.078125 28
290 0.1 3351.7890625 0.0 3500.71875 3351.7890625 3448.658001077586 29
300 0.1 3343.16796875 0.0 3500.71875 3343.16796875 3445.4290364583335 30
310 0.1 3341.53125 0.0 3500.71875 3341.53125 3442.1302923387098 31
320 0.1 3336.39453125 0.0 3500.71875 3336.39453125 3438.986572265625 32
330 0.1 3303.453125 0.0 3500.71875 3303.453125 3435.877722537879 33
340 0.1 3279.02734375 0.0 3500.71875 3279.02734375 3431.9828814338234 34
350 0.1 3261.1484375 0.0 3500.71875 3261.1484375 3427.612723214286 35
360 0.1 3219.109375 0.0 3500.71875 3219.109375 3422.988715277778 36
370 0.1 3183.66015625 0.0 3500.71875 3183.66015625 3417.478462837838 37
380 0.1 3143.0390625 0.0 3500.71875 3143.0390625 3411.3253495065787 38
390 0.1 3106.29296875 0.0 3500.71875 3106.29296875 3404.4462139423076 39
400 0.1 3030.30078125 0.0 3500.71875 3030.30078125 3396.9923828125 40
410 0.1 2974.72265625 0.0 3500.71875 2974.72265625 3388.0486852134145 41
420 0.1 2955.16796875 0.0 3500.71875 2955.16796875 3378.207589285714 42
430 0.1 2935.33203125 0.0 3500.71875 2935.33203125 3368.3694585755816 43
440 0.1 2932.375 0.0 3500.71875 2932.375 3358.5276988636365 44
450 0.1 2931.01953125 0.0 3500.71875 2931.01953125 3349.057638888889 45
460 0.1 2927.5703125 0.0 3500.71875 2927.5703125 3339.9698539402175 46
470 0.1 2935.2890625 0.0 3500.71875 2927.5703125 3331.195395611702 47
480 0.1 2942.24609375 0.0 3500.71875 2927.5703125 3322.9473470052085 48
490 0.1 2944.37890625 0.0 3500.71875 2927.5703125 3315.1779336734694 49
500 0.1 2941.94921875 0.0 3500.71875 2927.5703125 3307.761953125 50
510 0.1 2943.1640625 0.0 3500.71875 2927.5703125 3300.589154411765 51
520 0.1 2960.36328125 0.0 3500.71875 2927.5703125 3293.715594951923 52
530 0.1 2968.69921875 0.0 3500.71875 2927.5703125 3287.4259286556603 53
540 0.1 2974.515625 0.0 3500.71875 2927.5703125 3281.523582175926 54
550 0.1 2953.69140625 0.0 3500.71875 2927.5703125 3275.941619318182 55
560 0.1 2953.0546875 0.0 3500.71875 2927.5703125 3270.1871512276784 56
570 0.1 2947.2578125 0.0 3500.71875 2927.5703125 3264.6234237938597 57
580 0.1 2945.58203125 0.0 3500.71875 2927.5703125 3259.151602909483 58
590 0.1 2941.875 0.0 3500.71875 2927.5703125 3253.8368644067796 59
600 0.1 2948.765625 0.0 3500.71875 2927.5703125 3248.6375 60
610 0.1 2946.26953125 0.0 3500.71875 2927.5703125 3243.7215676229507 61
620 0.1 2943.6015625 0.0 3500.71875 2927.5703125 3238.9239541330644 62
630 0.1 2944.625 0.0 3500.71875 2927.5703125 3234.236297123016 63
640 0.1 2946.421875 0.0 3500.71875 2927.5703125 3229.7111206054688 64
650 0.1 2929.32421875 0.0 3500.71875 2927.5703125 3225.3528245192306 65
660 0.1 2929.3359375 0.0 3500.71875 2927.5703125 3220.8675426136365 66
670 0.1 2931.33203125 0.0 3500.71875 2927.5703125 3216.5163246268658 67
680 0.1 2925.60546875 0.0 3500.71875 2925.60546875 3212.322437959559 68
690 0.1 2927.0546875 0.0 3500.71875 2925.60546875 3208.1671195652175 69
700 0.1 2923.734375 0.0 3500.71875 2923.734375 3204.1512276785716 70
710 0.1 2925.46484375 0.0 3500.71875 2923.734375 3200.2016945422533 71
720 0.1 2945.52734375 0.0 3500.71875 2923.734375 3196.3859049479165 72
730 0.1 2961.42578125 0.0 3500.71875 2923.734375 3192.9494863013697 73
740 0.1 2973.23046875 0.0 3500.71875 2923.734375 3189.8207875844596 74
750 0.1 2985.07421875 0.0 3500.71875 2923.734375 3186.9329166666666 75
760 0.1 2987.12890625 0.0 3500.71875 2923.734375 3184.2768811677633 76
770 0.1 2990.4765625 0.0 3500.71875 2923.734375 3181.7165178571427 77
780 0.1 2990.78515625 0.0 3500.71875 2923.734375 3179.264723557692 78
790 0.1 3022.90234375 0.0 3500.71875 2923.734375 3176.8789062499995 79
800 0.1 3021.78125 0.0 3500.71875 2923.734375 3174.9541992187496 80
810 0.1 3070.90234375 0.0 3500.71875 2923.734375 3173.0631751543206 81
820 0.1 3094.53515625 0.0 3500.71875 2923.734375 3171.817311356707 82
830 0.1 3151.27734375 0.0 3500.71875 2923.734375 3170.886201054217 83
838 0.1 3204.71875 0.0 3500.71875 2923.734375 3170.652762276786 84
