0 0.1 0.16015625 0 0.16015625 0.16015625 0 0
10 0.1 0.12890625 0.0 0.16015625 0.12890625 0.16015625 1
20 0.1 0.109375 0.0 0.16015625 0.109375 0.14453125 2
30 0.1 0.1015625 0.0 0.16015625 0.1015625 0.1328125 3
40 0.1 0.078125 0.0 0.16015625 0.078125 0.125 4
50 0.1 0.0703125 0.0 0.16015625 0.0703125 0.115625 5
60 0.1 0.05859375 0.0 0.16015625 0.05859375 0.10807291666666667 6
70 0.1 0.05078125 0.0 0.16015625 0.05078125 0.10100446428571429 7
80 0.1 0.0390625 0.0 0.16015625 0.0390625 0.0947265625 8
90 0.1 0.03125 0.0 0.16015625 0.03125 0.08854166666666667 9
100 0.1 0.03125 0.0 0.16015625 0.03125 0.0828125 10
110 0.1 0.01953125 0.0 0.16015625 0.01953125 0.078125 11
120 0.1 0.01953125 0.0 0.16015625 0.01953125 0.0732421875 12
130 0.1 0.01953125 0.0 0.16015625 0.01953125 0.06911057692307693 13
140 0.1 0.01171875 0.0 0.16015625 0.01171875 0.06556919642857142 14
150 0.1 0.01171875 0.0 0.16015625 0.01171875 0.06197916666666667 15
160 0.1 0.01171875 0.0 0.16015625 0.01171875 0.058837890625 16
170 0.1 0.01171875 0.0 0.16015625 0.01171875 0.05606617647058824 17
180 0.1 0.0 0.0 0.16015625 0.0 0.05360243055555555 18
190 0.1 0.0 0.0 0.16015625 0.0 0.05078125 19
200 0.1 0.0 0.0 0.16015625 0.0 0.0482421875 20
210 0.1 0.0 0.0 0.16015625 0.0 0.04594494047619048 21
220 0.1 0.0 0.0 0.16015625 0.0 0.043856534090909095 22
230 0.1 0.0 0.0 0.16015625 0.0 0.04194972826086957 23
240 0.1 0.0 0.0 0.16015625 0.0 0.040201822916666664 24
250 0.1 0.078125 0.0 0.16015625 0.0 0.03859375 25
260 0.1 0.0703125 0.0 0.16015625 0.0 0.040114182692307696 26
270 0.1 0.05859375 0.0 0.16015625 0.0 0.04123263888888889 27
280 0.1 0.05078125 0.0 0.16015625 0.0 0.04185267857142857 28
290 0.1 0.0390625 0.0 0.16015625 0.0 0.04216056034482758 29
300 0.1 0.03125 0.0 0.16015625 0.0 0.04205729166666667 30
310 0.1 0.03125 0.0 0.16015625 0.0 0.04170866935483871 31
320 0.1 0.1015625 0.0 0.16015625 0.0 0.0413818359375 32
330 0.1 0.08984375 0.0 0.16015625 0.0 0.043205492424242424 33
340 0.1 0.0703125 0.0 0.16015625 0.0 0.04457720588235294 34
350 0.1 0.05859375 0.0 0.16015625 0.0 0.0453125 35
360 0.1 0.05078125 0.0 0.16015625 0.0 0.04568142361111111 36
370 0.1 0.0390625 0.0 0.16015625 0.0 0.04581925675675676 37
380 0.1 0.109375 0.0 0.16015625 0.0 0.04564144736842105 38
390 0.1 0.08984375 0.0 0.16015625 0.0 0.047275641025641024 39
400 0.1 0.078125 0.0 0.16015625 0.0 0.04833984375 40
410 0.1 0.0703125 0.0 0.16015625 0.0 0.049066310975609755 41
420 0.1 0.05859375 0.0 0.16015625 0.0 0.049572172619047616 42
430 0.1 0.28125 0.0 0.28125 0.0 0.049781976744186045 43
440 0.1 0.37890625 0.0 0.37890625 0.0 0.05504261363636364 44
450 0.1 0.46875 0.0 0.46875 0.0 0.062239583333333334 45
460 0.1 0.7109375 0.0 0.7109375 0.0 0.07107676630434782 46
470 0.1 0.91015625 0.0 0.91015625 0.0 0.08469082446808511 47
480 0.1 0.91015625 0.0 0.91015625 0.0 0.10188802083333333 48
490 0.1 1.01171875 0.0 1.01171875 0.0 0.11838329081632654 49
500 0.1 1.08984375 0.0 1.08984375 0.0 0.13625 50
510 0.1 1.1484375 0.0 1.1484375 0.0 0.15494791666666669 51
520 0.1 0.96875 0.0 1.1484375 0.0 0.17405348557692307 52
530 0.1 1.05078125 0.0 1.1484375 0.0 0.18904775943396226 53
540 0.1 1.12109375 0.0 1.1484375 0.0 0.20500578703703703 54
550 0.1 1.33984375 0.0 1.33984375 0.0 0.2216619318181818 55
560 0.1 1.28125 0.0 1.33984375 0.0 0.24162946428571427 56
570 0.1 1.23828125 0.0 1.33984375 0.0 0.2598684210526316 57
580 0.1 1.28125 0.0 1.33984375 0.0 0.27673760775862066 58
590 0.1 1.30859375 0.0 1.33984375 0.0 0.2937632415254237 59
600 0.1 1.33984375 0.0 1.33984375 0.0 0.3106770833333333 60
610 0.1 1.2890625 0.0 1.33984375 0.0 0.32754866803278687 61
620 0.1 1.23828125 0.0 1.33984375 0.0 0.3430569556451613 62
630 0.1 1.359375 0.0 1.359375 0.0 0.35726686507936506 63
640 0.1 1.30078125 0.0 1.359375 0.0 0.3729248046875 64
650 0.1 1.26171875 0.0 1.359375 0.0 0.38719951923076923 65
660 0.1 1.21875 0.0 1.359375 0.0 0.4004498106060606 66
670 0.1 1.1796875 0.0 1.359375 0.0 0.4126632462686567 67
680 0.1 1.1484375 0.0 1.359375 0.0 0.42394301470588236 68
690 0.1 1.12890625 0.0 1.359375 0.0 0.4344429347826087 69
700 0.1 1.109375 0.0 1.359375 0.0 0.44436383928571427 70
710 0.1 1.08984375 0.0 1.359375 0.0 0.4537301936619718 71
720 0.1 1.078125 0.0 1.359375 0.0 0.4625651041666667 72
730 0.1 1.0703125 0.0 1.359375 0.0 0.4709974315068493 73
740 0.1 1.05859375 0.0 1.359375 0.0 0.47909628378378377 74
750 0.1 1.05078125 0.0 1.359375 0.0 0.48682291666666666 75
760 0.1 1.0390625 0.0 1.359375 0.0 0.4942434210526316 76
770 0.1 0.94921875 0.0 1.359375 0.0 0.5013189935064936 77
780 0.1 1.19140625 0.0 1.359375 0.0 0.5070612980769231 78
790 0.1 1.0 0.0 1.359375 0.0 0.5157238924050633 79
800 0.1 0.8515625 0.0 1.359375 0.0 0.52177734375 80
810 0.1 0.71875 0.0 1.359375 0.0 0.5258487654320988 81
820 0.1 0.609375 0.0 1.359375 0.0 0.5282012195121951 82
830 0.1 0.51171875 0.0 1.359375 0.0 0.5291792168674698 83
838 0.1 0.4296875 0.0 1.359375 0.0 0.5289713541666666 84
