0 1.3 9.142384615384616 6.321795114321219 30.893 5.682 0 0
10 2 71.5522 74.65184042781532 251.339 5.603 9.142384615384616 13
20 7 51.96797142857144 56.36941995443259 251.339 5.603 46.96651515151515 33
30 10 54.25884000000002 45.08193352834814 251.339 5.603 50.36556310679612 103
40 16.3 53.362662576687136 43.83528268152929 251.339 5.603 52.283433497536954 203
50 17.7 49.390401129943506 35.65469768674081 251.339 5.428 52.76407377049182 366
60 19 45.8967894736842 36.47133188608764 251.339 5.428 51.66436832412524 543
70 17.5 37.32596571428568 30.425263252744823 251.339 5.428 50.16936152796727 733
80 17.8 44.47315168539327 39.61597301303006 251.339 5.271 47.69403744493392 908
90 21.6 46.44746296296297 41.43822761071166 323.182 5.271 47.16612062615102 1086
100 27.6 47.65226086956525 36.271691711985774 323.182 5.271 47.04689631336406 1302
110 29.3 42.51738566552903 31.922079153665727 323.182 5.271 47.15277756653993 1578
120 29 42.66687586206897 33.919975273633376 323.182 5.271 46.42687172634956 1871
130 28.1 42.631676156583595 38.08505469408846 323.182 5.198 45.92229106894957 2161
140 29.5 45.84508474576272 36.97713619095378 323.182 5.198 45.543641277641285 2442
150 34.1 48.06907331378302 37.85302204445309 323.182 5.198 45.576131530873226 2737
160 36.4 43.702725274725225 33.592914794433405 323.182 5.198 45.85231513970112 3078
170 35.4 42.61368079096045 36.13686878031306 323.182 5.198 45.62499070307961 3442
180 39.7 43.96906801007559 40.70373962969156 323.182 5.198 45.34416780821918 3796
190 43 49.180839534883745 42.992192617825424 323.182 5.138 45.21397114238016 4193
200 54 47.22261666666658 38.20905013004239 323.182 5.138 45.582942245295264 4623
210 63.6 49.74505974842767 39.19767158772245 323.182 5.138 45.75443637420104 5163
220 71.6 49.93876815642457 40.555590287691786 323.182 5.138 46.19210432833247 5799
230 75.5 49.214989403973426 39.222510146309766 323.182 5.138 46.60386354566385 6515
240 75.2 51.03780984042549 44.30531081903184 323.182 5.138 46.87503273727646 7270
250 89.5 51.29492402234649 43.358640038749705 323.182 5.138 47.26526065818996 8022
260 96.8 55.676571280991745 48.295212876455054 323.182 5.138 47.66971829090501 8917
270 109.8 63.84087704918041 53.77248982139801 432.789 5.138 48.4537985837127 9885
280 119.3 71.75766638725922 67.60538174664167 465.701 5.138 49.99208613311482 10983
290 121.6 74.41959046052624 75.16981304083309 495.3 5.138 52.12466967805522 12176
300 119.6 65.64865635451508 60.16835884512044 495.3 5.138 54.14905913978497 13392
310 123.1 64.83652396425667 62.19149377509835 495.3 5.138 55.091855840416805 14588
320 135.9 89.73721265636506 92.35312854873106 495.3 5.138 55.85016461217525 15819
330 141 248.1551354609933 348.0699199712055 1889.738 5.138 58.53106450110609 17178
340 135.8 723.4717430044187 727.4457867703616 3599.135 5.138 72.91507246610722 18588
350 133.8 1151.1932107623295 1046.7574265115607 4563.676 5.138 117.20745984157233 19946
360 144.8 1475.6517866022068 1280.549499810105 6699.484 5.138 182.2080675624882 21284
370 136.9 1857.2032980277563 1653.6454450504266 7227.419 5.138 264.5988165141648 22732
380 129.3 2628.4898847641125 2175.4894054457045 8726.072 5.138 355.06292734741265 24101
390 135.1 3369.9652612879313 2595.0353910012723 9244.266 5.138 470.8202344254544 25394
400 149.4 3659.1693393574214 3274.3026104909864 11322.737 0.756 617.2679790988964 26745
410 218.4 2972.0625709706947 3653.573325323062 12457.567 0.751 778.2014623039049 28239
420 276.9 2271.5185164319223 3480.775422780932 12930.401 0.751 935.6939075370598 30423
430 335.5 1887.4771156482855 3366.0224691712933 12930.401 0.749 1047.1333610809822 33192
440 386.5 1719.2629692108753 3255.4769953536893 12930.401 0.728 1124.2765820450368 36547
450 391.4 1549.5199660194198 3074.9747426073473 12930.401 0.728 1181.1810259328909 40412
460 419.4 1558.209847162611 3104.956078627083 13077.51 0.728 1213.7054723412894 44326
470 409.9 1580.8039599902438 3069.833517441289 13087.224 0.728 1243.4839420032972 48520
480 386.3 1699.9212552420422 3112.2839615956946 13411.073 0.728 1269.7610425511696 52619
490 387.4 1618.6554907072748 3004.918397791262 13411.073 0.728 1299.1811923621685 56482
500 382.2 1699.1471881214006 3127.9185557040187 13411.073 0.728 1319.6869156007685 60356
510 421.5 1456.7259957295398 3042.8582302706636 13411.073 0.728 1342.28495794509 64178
520 431.5 1467.856994438009 3136.3959747036915 13698.292 0.728 1349.337857719357 68393
530 479.1 1330.8813992903347 2910.723010027328 13698.292 0.728 1356.3716101942014 72708
540 498.7 1321.207752957691 2961.6970412117635 13698.292 0.728 1354.795801468406 77499
550 530.4 1243.6863702865808 2839.203176196409 13698.292 0.728 1352.7651102247653 82486
560 538.9 1200.9869272592305 2795.1489284382283 13698.292 0.728 1346.1749104681628 87790
570 572.4 1137.143137316566 2712.2915030946097 13726.04 0.728 1337.7779750909542 93179
580 599.1 1096.703489734604 2661.9445945793345 13726.04 0.728 1326.1662564229603 98903
590 635.5 989.0345546813539 2502.6581882304185 13726.04 0.728 1313.0605360268466 104894
600 625 1031.5533471999993 2561.4028458858434 13726.04 0.728 1294.5508405558708 111249
610 661.1 981.1060476478555 2498.9700780781463 13726.04 0.728 1280.5614931276014 117499
620 678.6 959.3907197170639 2462.7514894553547 13726.04 0.728 1264.6103211828217 124110
630 674.8 966.8020871369308 2479.9360567741815 13726.04 0.728 1248.7869177514974 130896
640 714.1 925.6784010642741 2415.650053185648 13726.04 0.728 1234.9626054895236 137644
650 728.8 918.0888622392982 2419.9056576106314 13726.04 0.728 1219.70827317747 144785
660 733.4 908.4758384237805 2386.802366404877 13726.04 0.728 1205.2533583213324 152073
670 689 908.1399657474616 2361.30792698036 13726.04 0.728 1191.5992130772172 159407
680 740.8 917.6397715982691 2381.23396889401 15255.328 0.728 1179.8549590371445 166297
690 680.5 890.7934289493041 2387.237425292248 15255.328 0.728 1168.6722636135978 173705
700 725.3 918.6925393630218 2446.144321246929 15255.328 0.728 1158.1965809927428 180510
710 732.4 884.1466759967235 2384.604515558554 15255.328 0.728 1148.9449030053845 187763
720 712.7 931.0259675880443 2457.1948639652137 15255.328 0.728 1139.0037884533567 195087
730 642.5 1005.1091600000008 2522.024043829812 15255.328 0.728 1131.6736435113296 202214
740 502 1228.4244340637485 2847.2270113217683 15255.328 0.728 1127.776113296172 208639
750 367 1731.1495564032696 3270.596291126913 15255.328 0.728 1130.1408841237676 213659
760 210.1 3037.3675049976196 3966.8390604850074 15255.328 0.728 1140.2900212718969 217329
770 139.1 4622.160717469448 4154.552363639196 15255.328 0.728 1158.4541729070777 219430
780 106.5 4605.3540582159685 3391.206687474404 15255.328 0.728 1180.2728215115412 220821
790 91.1 4323.502472008793 2776.9007128909984 15255.328 0.728 1196.7123964152765 221886
800 91.1 3179.926947310648 2401.256173203272 15255.328 0.728 1209.497603392326 222797
810 99.1 2020.096036326943 1937.5066738927235 15255.328 0.728 1217.5217291826848 223708
820 95.5 433.89392356020994 738.2114450322274 15255.328 0.728 1221.0613583683062 224699
830 31.7 81.33250788643538 87.91704126737277 15255.328 0.728 1217.7299532071227 225654
838 0.9 35.49755555555556 51.5972074892756 15255.328 0.728 1216.1357752366455 225971
