10 0.1 154 0 154 154 0 0
20 0.1 374.0 0.0 374 154 154.0 1
30 0.1 825.0 0.0 825 154 264.0 2
40 0.1 1206.0 0.0 1206 154 451.0 3
50 0.1 1995.0 0.0 1995 154 639.75 4
60 0.1 1975.0 0.0 1995 154 910.8 5
70 0.1 1901.0 0.0 1995 154 1088.1666666666667 6
80 0.1 1663.0 0.0 1995 154 1204.2857142857142 7
90 0.1 2026.0 0.0 2026 154 1261.625 8
100 0.1 2296.0 0.0 2296 154 1346.5555555555557 9
110 0.1 3204.0 0.0 3204 154 1441.5 10
120 0.1 3116.0 0.0 3204 154 1601.7272727272727 11
130 0.1 2768.0 0.0 3204 154 1727.9166666666667 12
140 0.1 2935.0 0.0 3204 154 1807.923076923077 13
150 0.1 3207.0 0.0 3207 154 1888.4285714285713 14
160 0.1 3730.0 0.0 3730 154 1976.3333333333333 15
170 0.1 3809.0 0.0 3809 154 2085.9375 16
180 0.1 3533.0 0.0 3809 154 2187.294117647059 17
190 0.1 4218.0 0.0 4218 154 2262.0555555555557 18
200 0.1 4846.0 0.0 4846 154 2365.0 19
210 0.1 6149.0 0.0 6149 154 2489.05 20
220 0.1 6716.0 0.0 6716 154 2663.3333333333335 21
230 0.1 7619.0 0.0 7619 154 2847.5454545454545 22
240 0.1 8136.0 0.0 8136 154 3055.0 23
250 0.1 8640.0 0.0 8640 154 3266.7083333333335 24
260 0.1 9611.0 0.0 9611 154 3481.64 25
270 0.1 10558.0 0.0 10558 154 3717.3846153846152 26
280 0.1 12205.0 0.0 12205 154 3970.740740740741 27
290 0.1 12847.0 0.0 12847 154 4264.821428571428 28
300 0.1 12629.0 0.0 12847 154 4560.758620689655 29
310 0.1 12687.0 0.0 12847 154 4829.7 30
320 0.1 13460.0 0.0 13460 154 5083.1612903225805 31
330 0.1 15078.0 0.0 15078 154 5344.9375 32
340 0.1 16238.0 0.0 16238 154 5639.878787878788 33
350 0.1 15723.0 0.0 16238 154 5951.588235294118 34
360 0.1 15694.0 0.0 16238 154 6230.771428571428 35
370 0.1 16059.0 0.0 16238 154 6493.638888888889 36
380 0.1 15974.0 0.0 16238 154 6752.1621621621625 37
390 0.1 15507.0 0.0 16238 154 6994.8421052631575 38
400 0.1 15514.0 0.0 16238 154 7213.102564102564 39
410 0.1 17471.0 0.0 17471 154 7420.625 40
420 0.1 20542.0 0.0 20542 154 7665.756097560976 41
430 0.1 25172.0 0.0 25172 154 7972.333333333333 42
440 0.1 28458.0 0.0 28458 154 8372.32558139535 43
450 0.1 31552.0 0.0 31552 154 8828.818181818182 44
460 0.1 31764.0 0.0 31764 154 9333.777777777777 45
470 0.1 33252.0 0.0 33252 154 9821.391304347826 46
480 0.1 32405.0 0.0 33252 154 10319.91489361702 47
490 0.1 31198.0 0.0 33252 154 10780.020833333332 48
500 0.1 30907.0 0.0 33252 154 11196.714285714286 49
510 0.1 31471.0 0.0 33252 154 11590.92 50
520 0.1 32802.0 0.0 33252 154 11980.725490196079 51
530 0.1 35363.0 0.0 35363 154 12381.134615384615 52
540 0.1 36374.0 0.0 36374 154 12814.754716981131 53
550 0.1 37367.0 0.0 37367 154 13251.037037037036 54
560 0.1 38036.0 0.0 38036 154 13689.50909090909 55
570 0.1 38274.0 0.0 38274 154 14124.267857142857 56
580 0.1 40898.0 0.0 40898 154 14547.947368421053 57
590 0.1 42912.0 0.0 42912 154 15002.258620689656 58
600 0.1 44212.0 0.0 44212 154 15475.305084745763 59
610 0.1 45971.0 0.0 45971 154 15954.25 60
620 0.1 45515.0 0.0 45971 154 16446.32786885246 61
630 0.1 46493.0 0.0 46493 154 16915.177419354837 62
640 0.1 47843.0 0.0 47843 154 17384.666666666668 63
650 0.1 49437.0 0.0 49437 154 17860.578125 64
660 0.1 50529.0 0.0 50529 154 18346.36923076923 65
670 0.1 50216.0 0.0 50529 154 18833.984848484848 66
680 0.1 49260.0 0.0 50529 154 19302.373134328358 67
690 0.1 47845.0 0.0 50529 154 19742.926470588234 68
700 0.1 48175.0 0.0 50529 154 20150.202898550724 69
710 0.1 50364.0 0.0 50529 154 20550.557142857142 70
720 0.1 51872.0 0.0 51872 154 20970.464788732395 71
730 0.1 46502.0 0.0 51872 154 21399.652777777777 72
740 0.1 42485.0 0.0 51872 154 21743.520547945205 73
750 0.1 33138.0 0.0 51872 154 22023.81081081081 74
760 0.1 22593.0 0.0 51872 154 22172.0 75
770 0.1 14810.0 0.0 51872 154 22177.53947368421 76
780 0.1 10626.0 0.0 51872 154 22081.85714285714 77
790 0.1 9148.0 0.0 51872 154 21934.987179487176 78
800 0.1 8754.0 0.0 51872 154 21773.126582278477 79
810 0.1 8982.0 0.0 51872 154 21610.387499999997 80
820 0.1 9602.0 0.0 51872 154 21454.481481481478 81
830 0.1 5633.0 0.0 51872 154 21309.93902439024 82
838 0.1 577.0 0.0 51872 154 21121.060240963852 83
