0 1.3 9.142384615384616 6.321795114321219 30.893 5.682 0 0
10 2.8 51.06446428571428 41.647364155560524 140.436 5.603 9.142384615384616 13
20 10.2 35.61929411764707 37.51194429192593 197.395 5.603 37.77209756097561 41
30 15.7 34.6258025477707 27.87162855826109 197.395 5.603 36.23653146853148 143
40 25.3 34.29767588932808 28.389022805713683 197.395 5.603 35.39358333333334 300
50 27.8 31.433104316546764 24.25373757312667 197.395 5.428 34.89220072332732 553
60 28.3 30.711021201413455 24.338255297916216 197.395 5.428 33.73500601684718 831
70 24.6 26.59212601626015 20.74927532705518 197.395 5.428 32.966794434470394 1114
80 26.2 30.123454198473258 24.15475615161713 197.395 5.271 31.813729411764722 1360
90 33 30.341830303030292 25.171861566613988 197.395 5.271 31.54070098643651 1622
100 43.4 30.275582949308774 24.243717274663364 197.395 5.271 31.338023053278693 1952
110 44.1 28.410405895691614 22.597651776965265 197.395 5.271 31.14477116512993 2386
120 42.8 28.7032757009346 22.860071554263452 197.395 5.271 30.718221789883273 2827
130 40.2 29.701263681592007 25.277242511598725 197.395 5.198 30.45327649769586 3255
140 45.2 29.87668362831857 22.951977117188886 197.395 5.198 30.370610609789445 3657
150 52.5 31.214255238095227 25.418384759509657 197.395 5.198 30.316277439766367 4109
160 54.7 29.02037294332723 22.523344519406724 197.395 5.198 30.418012084592146 4634
170 51.9 29.03578420038535 24.509365374158286 204.594 5.198 30.270452036286432 5181
180 58 30.037205172413803 25.84595288490238 206.418 5.198 30.15803228070175 5700
190 65 32.482512307692275 27.271785287599435 206.418 5.138 30.146873089171972 6280
200 81.8 31.135562347188223 25.46276032379911 206.418 5.138 30.365944588744583 6930
210 97.5 32.51248717948723 26.708669067044728 206.418 5.138 30.447197470314908 7748
220 106.8 33.33318258426965 26.86511754065516 206.418 5.138 30.678042072681414 8723
230 114.1 32.53187467134088 26.323560586813503 206.418 5.138 30.96766418139107 9791
240 112.4 34.106162811387776 30.044311592198518 211.867 5.138 31.130924716428826 10932
250 132.8 34.54699774096396 29.272669723818908 211.867 5.138 31.40831088254809 12056
260 144.8 37.17012845303862 32.828260440486574 222.321 5.138 31.71974066049013 13384
270 169.6 41.409650943396265 37.66332624812542 281.899 5.138 32.25184432308521 14832
280 179.9 47.519115619788835 52.80668482946193 458.998 5.138 33.19156116892545 16528
290 183.8 49.113681175190415 56.45025908932568 476.268 5.138 34.59797086266165 18327
300 175.4 44.74156955530214 45.608061279479514 476.268 5.138 35.92104924373915 20165
310 180.8 44.12628816371688 45.59515198554062 476.268 5.138 36.626884027555995 21919
320 203.6 60.11736787819246 70.08795831808189 476.268 5.138 37.19833944451469 23727
330 216.8 163.10495848708518 274.1654002469042 1646.703 5.138 39.009585878973716 25763
340 210.9 489.3744257942153 562.2801403548533 2984.822 5.138 48.64184995166663 27931
350 204.3 773.5129867841408 781.4117573988763 4374.313 5.138 79.58409370838883 30040
360 216.5 1010.2308674364884 874.4096912116589 4447.606 5.138 123.77250278963939 32083
370 202.6 1278.7154560710724 1062.5814595800684 4855.623 5.138 179.81029651366498 34248
380 195.9 1850.8453802960696 1342.1881075133047 5850.415 5.138 241.1870912774988 36274
390 204.4 2390.3718204500956 1447.8080752684111 6103.696 5.138 323.66350139931455 38233
400 226 2522.2716269911516 1927.6771828716605 7228.393 0.701 428.5459853017848 40277
410 332.2 1966.5121577363027 2165.8217383531464 7873.748 0.7 539.7860809883158 42537
420 427.3 1488.66081909665 2111.5901625282586 7873.748 0.691 643.1373103425715 45859
430 519.2 1216.9829140986176 2024.0056753140275 7873.748 0.69 715.2054894079623 50132
440 589.5 1104.5348242578489 1953.8117800090781 7942.683 0.69 762.2958731292024 55324
450 592.5 1027.8649281012663 1903.1287100260313 7942.683 0.69 795.2513055423972 61219
460 632.5 1015.7877228458465 1919.3803958455385 7942.683 0.69 815.7778710383654 67144
470 611.2 1064.9171855366512 1915.611766774685 7942.683 0.69 832.9968656167906 73469
480 570.4 1145.5481730364654 1949.2320112598313 7942.683 0.69 850.8088684233674 79581
490 568.7 1116.0905880077294 1897.24992066689 7949.471 0.683 870.5215141818608 85285
500 570.4 1140.82849018233 1970.9510890531324 7949.471 0.683 885.8729555357687 90972
510 633.9 993.5101945101736 1948.8656579214849 8066.646 0.683 900.9156379970204 96676
520 650.2 939.2207363888047 1903.6819390815947 8106.015 0.683 906.6134188419157 103015
530 730 898.5989591780826 1836.2293167049654 8106.015 0.683 908.5493080526307 109517
540 748.9 869.2690062758671 1854.939728428251 8360.911 0.683 907.9275017506011 116817
550 787.9 820.7553563904061 1789.2831008540488 8360.911 0.683 905.5984631473939 124306
560 807 794.4083627013645 1803.3006335378707 8360.911 0.683 900.5413171918142 132185
570 857.6 761.0481223180961 1720.2467963860804 8360.911 0.683 894.4346333464046 140255
580 904.7 723.5344735271397 1685.7428507002464 8360.911 0.683 886.7485819284958 148831
590 956.5 663.9834095138498 1629.6509438258588 8360.911 0.683 877.3958029554466 157878
600 937.8 690.6222232885506 1671.206559705721 8360.911 0.683 865.2048511493462 167443
610 992 652.7021187500022 1617.0253408899957 8360.911 0.683 855.9455669914773 176821
620 1007.4 633.9120515187651 1595.5145514262758 8360.911 0.683 845.1489288319118 186741
630 1014.9 644.6136853877207 1617.7854638078818 8360.911 0.683 834.3367432665198 196815
640 1081.5 609.1806537216796 1555.640033780738 8360.911 0.683 825.0331962032047 206964
650 1105.1 599.1362237806553 1574.2209353552955 8360.911 0.683 814.3138649226969 217779
660 1099.2 602.0832883915533 1574.7009815376994 8360.911 0.683 803.9221850194468 228830
670 1026.8 602.0939171211569 1546.0937190841819 8360.911 0.683 794.6711023342311 239822
680 1104.9 623.1796354421242 1589.9503842881188 9443.688 0.683 786.764418589308 250090
690 1017.3 602.4677884596476 1577.3788500068551 9443.688 0.683 779.8430155472757 261139
700 1087.4 606.1287188707004 1582.4261206612491 9443.688 0.683 773.1922290536359 271312
710 1105.8 591.1016189184298 1561.4784280480517 9443.688 0.683 766.7544588959057 282186
720 1094.7 595.9583838494544 1570.592806609575 9443.688 0.683 760.1307288128659 293244
730 988 657.3179864372489 1662.8469519796383 9443.688 0.683 754.2226162772731 304191
740 752.1 803.0066044408978 1849.6713635083806 9443.688 0.683 751.1742044760581 314071
750 539.6 1195.2969314306931 2168.925176400794 9443.688 0.683 752.3863971927163 321592
760 300.4 2130.020018308922 2586.924363127799 9443.688 0.683 759.6953664599314 326988
770 195.1 3193.2855351101935 2500.7942743418544 9443.688 0.683 772.1697757006232 329992
780 148.3 3114.0876716116 1920.3951566422193 9443.688 0.683 786.3999201730419 331943
790 130.5 2873.462626053644 1705.2212792576138 9443.688 0.683 796.7529248438935 333426
800 129.5 2152.2664015443984 1541.1965693598258 9443.688 0.683 804.8492952430461 334731
810 136.2 1367.5996380323065 1340.115962307232 9443.688 0.683 810.0420635188946 336026
820 123.3 320.55203892943945 578.6789647655517 9443.688 0.683 812.2928650189102 337388
830 34 75.6787411764706 85.65903026942176 9443.688 0.683 810.5023191325997 338621
838 0.9 35.49755555555556 51.5972074892756 9443.688 0.683 809.7652431371163 338961
