10 0.1 122 0 122 122 0 0
20 0.1 233.0 0.0 233 122 122.0 1
30 0.1 514.0 0.0 514 122 177.5 2
40 0.1 681.0 0.0 681 122 289.6666666666667 3
50 0.1 1220.0 0.0 1220 122 387.5 4
60 0.1 1156.0 0.0 1220 122 554.0 5
70 0.1 1184.0 0.0 1220 122 654.3333333333334 6
80 0.1 1091.0 0.0 1220 122 730.0 7
90 0.1 1238.0 0.0 1238 122 775.125 8
100 0.1 1431.0 0.0 1431 122 826.5555555555555 9
110 0.1 1902.0 0.0 1902 122 887.0 10
120 0.1 1888.0 0.0 1902 122 979.2727272727273 11
130 0.1 1746.0 0.0 1902 122 1055.0 12
140 0.1 1803.0 0.0 1902 122 1108.1538461538462 13
150 0.1 1919.0 0.0 1919 122 1157.7857142857142 14
160 0.1 2236.0 0.0 2236 122 1208.5333333333333 15
170 0.1 2387.0 0.0 2387 122 1272.75 16
180 0.1 2286.0 0.0 2387 122 1338.2941176470588 17
190 0.1 2647.0 0.0 2647 122 1390.9444444444443 18
200 0.1 2974.0 0.0 2974 122 1457.0526315789473 19
210 0.1 3545.0 0.0 3545 122 1532.9 20
220 0.1 4052.0 0.0 4052 122 1628.7142857142858 21
230 0.1 4661.0 0.0 4661 122 1738.8636363636363 22
240 0.1 4915.0 0.0 4915 122 1865.9130434782608 23
250 0.1 5183.0 0.0 5183 122 1992.9583333333333 24
260 0.1 5842.0 0.0 5842 122 2120.56 25
270 0.1 6229.0 0.0 6229 122 2263.6923076923076 26
280 0.1 7065.0 0.0 7065 122 2410.5555555555557 27
290 0.1 7516.0 0.0 7516 122 2576.785714285714 28
300 0.1 7536.0 0.0 7536 122 2747.103448275862 29
310 0.1 7533.0 0.0 7536 122 2906.733333333333 30
320 0.1 8094.0 0.0 8094 122 3055.967741935484 31
330 0.1 8855.0 0.0 8855 122 3213.40625 32
340 0.1 9216.0 0.0 9216 122 3384.3636363636365 33
350 0.1 8887.0 0.0 9216 122 3555.8823529411766 34
360 0.1 8691.0 0.0 9216 122 3708.2 35
370 0.1 9049.0 0.0 9216 122 3846.6111111111113 36
380 0.1 9260.0 0.0 9260 122 3987.2162162162163 37
390 0.1 8825.0 0.0 9260 122 4125.973684210527 38
400 0.1 9014.0 0.0 9260 122 4246.461538461538 39
410 0.1 10491.0 0.0 10491 122 4365.65 40
420 0.1 13474.0 0.0 13474 122 4515.048780487805 41
430 0.1 17150.0 0.0 17150 122 4728.357142857143 42
440 0.1 20162.0 0.0 20162 122 5017.232558139535 43
450 0.1 22964.0 0.0 22964 122 5361.431818181819 44
460 0.1 23531.0 0.0 23531 122 5752.6 45
470 0.1 24622.0 0.0 24622 122 6139.086956521739 46
480 0.1 23890.0 0.0 24622 122 6532.340425531915 47
490 0.1 22634.0 0.0 24622 122 6893.958333333333 48
500 0.1 22492.0 0.0 24622 122 7215.183673469388 49
510 0.1 22651.0 0.0 24622 122 7520.72 50
520 0.1 24388.0 0.0 24622 122 7817.392156862745 51
530 0.1 26680.0 0.0 26680 122 8136.057692307692 52
540 0.1 27730.0 0.0 27730 122 8485.943396226416 53
550 0.1 28818.0 0.0 28818 122 8842.314814814816 54
560 0.1 29481.0 0.0 29481 122 9205.509090909092 55
570 0.1 29915.0 0.0 29915 122 9567.57142857143 56
580 0.1 31997.0 0.0 31997 122 9924.543859649122 57
590 0.1 33870.0 0.0 33870 122 10305.103448275862 58
600 0.1 35101.0 0.0 35101 122 10704.50847457627 59
610 0.1 36520.0 0.0 36520 122 11111.116666666667 60
620 0.1 36668.0 0.0 36668 122 11527.655737704918 61
630 0.1 37109.0 0.0 37109 122 11933.145161290322 62
640 0.1 37967.0 0.0 37967 122 12332.761904761905 63
650 0.1 40056.0 0.0 40056 122 12733.296875 64
660 0.1 41013.0 0.0 41013 122 13153.646153846154 65
670 0.1 40906.0 0.0 41013 122 13575.757575757576 66
680 0.1 39632.0 0.0 41013 122 13983.671641791045 67
690 0.1 38758.0 0.0 41013 122 14360.85294117647 68
700 0.1 39213.0 0.0 41013 122 14714.434782608696 69
710 0.1 40427.0 0.0 41013 122 15064.414285714285 70
720 0.1 41830.0 0.0 41830 122 15421.633802816901 71
730 0.1 38346.0 0.0 41830 122 15788.416666666666 72
740 0.1 34940.0 0.0 41830 122 16097.424657534246 73
750 0.1 26255.0 0.0 41830 122 16352.054054054053 74
760 0.1 16594.0 0.0 41830 122 16484.093333333334 75
770 0.1 10070.0 0.0 41830 122 16485.53947368421 76
780 0.1 6725.0 0.0 41830 122 16402.22077922078 77
790 0.1 5284.0 0.0 41830 122 16278.15384615385 78
800 0.1 4940.0 0.0 41830 122 16138.987341772156 79
810 0.1 4899.0 0.0 41830 122 15999.000000000004 80
820 0.1 5480.0 0.0 41830 122 15861.962962962965 81
830 0.1 3851.0 0.0 41830 122 15735.353658536587 82
838 0.1 512.0 0.0 41830 122 15592.168674698798 83
