40 0.4 42227.871 4372.206010180614 47835.984 36907.908 0 0
50 0.4 46751.438500000004 3518.1934523596415 52192.277 36907.908 42227.871 4
60 0.9 42989.29166666666 5092.410977813033 53666.724 36907.908 44489.65475 8
70 1.4 50187.864428571425 7970.341062025613 63761.525 36907.908 43695.34488235293 17
80 0.6 52050.32583333333 13213.078664179748 77442.303 36907.908 46627.45048387096 31
90 1 50304.169699999984 6013.542811484094 77442.303 36907.908 47506.83567567568 37
100 0.5 50360.654800000004 4600.3569154152965 77442.303 36907.908 48102.013127659564 47
110 1.2 48399.69133333333 7526.74483386618 77442.303 36555.182 48319.19021153846 52
120 1.8 47029.83855555556 4098.903806359778 77442.303 36555.182 48334.284171875 64
130 1.6 49545.9075 6949.465354997897 77442.303 36555.182 48047.94245121951 82
140 1.1 52846.361000000004 11232.154972385117 77442.303 36555.182 48292.50817346939 98
150 1.2 47033.72483333334 4869.399692456996 77442.303 36555.182 48752.071302752294 109
160 1.4 49060.42807142857 6106.216748456652 77442.303 36555.182 48581.656776859505 121
170 2.1 46349.414523809515 6240.136310942802 77442.303 33983.696 48631.30713333333 135
180 1.9 53369.118894736836 7891.616623284945 77442.303 33983.696 48324.12928205128 156
190 1.5 54375.884399999995 10746.924236746952 81599.666 33983.696 48871.87101142858 175
200 1.5 50881.91793333334 6953.59245205304 81599.666 33983.696 49306.39838421054 190
210 2.4 49031.261 7726.802381764986 81599.666 33983.696 49421.68030243903 205
220 3.2 47669.74784375 9829.069798147764 87063.686 33983.696 49380.762995633195 229
230 3.3 46996.979424242425 8051.228697012499 87063.686 33983.696 49170.98336015326 261
240 3.1 47827.20812903227 8148.551011900628 87063.686 33983.696 48926.96251020409 294
250 3.7 52509.367162162154 12248.243926065172 102134.045 33983.696 48822.06286153846 325
260 4.7 49174.26374468086 11138.636841175517 102134.045 33983.696 49198.942030386745 362
270 3.5 49416.32085714287 10141.774538383139 102134.045 33983.696 49196.10613936431 409
280 4.9 48548.7859591837 11209.519601574457 102134.045 33983.696 49213.46540765766 444
290 5.7 47848.07768421053 7530.298210852034 102134.045 33983.696 49147.40193306289 493
300 7 48480.23440000003 7275.613475965786 102134.045 33983.696 49012.74469272728 550
310 5.1 50215.43211764706 9452.015084941504 102134.045 33983.696 48952.62256290324 620
320 6.5 50463.14243076922 10053.285638368487 102134.045 33983.696 49048.60361698958 671
330 4.9 50576.24499999999 9595.490029901643 102134.045 33983.696 49173.52891983697 736
340 3.9 49850.743641025634 7293.6815101733955 102134.045 33983.696 49261.08699363059 785
350 4.3 55453.00606976743 13859.256612332332 128992.477 33983.696 49288.99550000001 824
360 4.7 59040.804851063804 7501.921733335472 128992.477 33983.696 49594.707673587094 867
370 4.8 63719.44479166667 8792.553517246744 128992.477 33983.696 50080.44790043765 914
380 3.6 70064.0221666667 9206.652364907912 128992.477 33983.696 50760.97996985448 962
390 3.2 76398.38628125002 7116.315916763014 128992.477 33983.696 51457.28209318639 998
400 3.1 84651.02822580644 7018.421449324134 128992.477 33983.696 52232.15134951458 1030
410 3.9 89673.12417948717 8868.874380275502 128992.477 33983.696 53179.35698868993 1061
420 6.2 99189.12649999998 12580.118011155271 131384.294 33983.696 54473.22691636365 1100
430 7 94935.05387142861 13233.742533062252 131384.294 33983.696 56859.1010765921 1162
440 11.7 88047.02081196586 23649.917871720038 142467.902 33983.696 59022.50748538962 1232
450 15.7 79915.82726751592 23479.024635042784 142467.902 33983.696 61539.82999036325 1349
460 20 82281.30734499996 25361.71900476416 142467.902 33983.696 63455.5216055777 1506
470 21.8 81821.41840825687 24422.842634700934 142467.902 33983.696 65662.53048475969 1706
480 22.7 84161.00544933915 27692.939703427644 158156.372 33983.696 67493.4231912682 1924
490 23.6 85143.49222881364 30593.189030198486 158156.372 33983.696 69252.39165829847 2151
500 18.9 79468.24294179904 29425.412315444715 188254.105 33983.696 70823.5268634269 2387
510 18.3 85926.87549180332 31003.458805084676 188254.105 33983.696 71457.78592352486 2576
520 19.3 80859.81320207249 29657.710190076574 188254.105 33688.92 72417.49719246104 2759
530 20.2 83936.02918316836 30423.775872594582 188254.105 33688.92 72969.4507798103 2952
540 20.5 75958.3472195121 29628.636183686336 188254.105 33688.92 73671.81249112239 3154
550 25.2 74743.92153571427 26865.727100149445 188254.105 33688.92 73811.35986216135 3359
560 24.5 74460.26824081632 26577.11793209837 188254.105 33688.92 73876.44032234837 3611
570 27 77806.46549999993 25033.02486133377 188254.105 33688.92 73913.53519787343 3856
580 26.2 73999.48262977092 24828.291535703123 188254.105 33688.92 74168.28342413959 4126
590 27.5 73938.42617090902 28195.957053428396 188254.105 33688.92 74158.20461645395 4388
600 32.4 72891.77658333334 26738.74604911897 188254.105 33688.92 74145.24320265921 4663
610 31.2 71881.94467948722 24385.07674173142 188254.105 33688.92 74063.806831161 4987
620 35 68729.35945714274 22643.284215522614 188254.105 33688.92 73935.34089582937 5299
630 31.9 68197.17336677115 23244.846104253953 188254.105 33688.92 73612.78938166043 5649
640 31.5 68661.93422222216 20928.685246245328 188254.105 33688.92 73323.31526826404 5968
650 30.8 69347.69417857146 21572.53995828412 188254.105 33688.92 73089.61559780355 6283
660 36.6 69220.33535519122 21319.86269091144 188254.105 33688.92 72914.75415081167 6591
670 38.6 67111.61994818653 21396.688619821707 188254.105 33688.92 72720.3949041253 6957
680 37.1 68752.31430997302 20328.934855977874 188254.105 33688.92 72425.55803459074 7343
690 36.5 68018.02479452058 20609.089923307885 188254.105 33688.92 72248.89567759914 7714
700 34.4 68422.63623837214 19954.234398606248 188254.105 33688.92 72057.7497594999 8079
710 36.1 66314.28351523547 20833.49482175901 188254.105 33688.92 71909.28970354977 8423
720 32.8 67639.57857317071 22550.766453852888 188254.105 33688.92 71679.3492169854 8784
730 34.9 65875.54807449851 19382.166792628672 188254.105 33688.92 71533.93166088671 9112
740 36.7 66582.79264577662 20433.367968834576 188254.105 33688.92 71325.20363301973 9461
750 34 67639.24126764716 20608.655357627867 188254.105 33688.92 71148.11115923888 9828
760 24.7 69716.77089878549 20144.11074789607 188254.105 33688.92 71030.78073406764 10168
770 19.8 77847.63221717173 22392.470991130154 188254.105 33688.92 70999.61794680747 10415
780 14.2 86901.42368309862 20129.946909559076 188254.105 33688.92 71127.37699943464 10613
790 8.6 102664.13284883724 20803.05118155246 188254.105 33688.92 71335.64428247325 10755
800 8.9 111705.07028089887 15588.711241611712 188254.105 33688.92 71584.16840540538 10841
810 11 118610.17574545454 14091.13244131468 188254.105 33688.92 71910.86193394325 10930
820 13.9 119153.62832374104 13845.7218364712 203849.898 33688.92 72376.16306793476 11040
830 11.4 122843.75631578946 10507.695505744034 203849.898 33688.92 72957.79538482867 11179
838 0.6 129074.85549999999 4676.701218228572 203849.898 33688.92 73461.38163703177 11293
