0 116.5609375 116.5609375
10 219.13984375 335.70078125
20 656.18671875 991.8875
30 972.5296875 1964.4171875
40 1473.071875 3437.4890625
50 1639.9234375 5077.4125
60 1509.22734375 6586.63984375
70 1403.35625 7989.99609375
80 1548.36953125 9538.365625
90 1922.5015625 11460.8671875
100 2576.153125 14037.0203125
110 2446.93515625 16483.95546875
120 2351.78125 18835.73671875
130 2391.03828125 21226.775
140 2577.23203125 23804.00703125
150 3028.34453125 26832.3515625
160 3030.25 29862.6015625
170 2896.509375 32759.1109375
180 3376.92265625 36136.03359375
190 3921.25546875 40057.2890625
200 4754.321875 44811.6109375
210 5541.8671875 50353.478125
220 6085.653125 56439.13125
230 6492.60078125 62931.73203125
240 6575.8953125 69507.62734375
250 7678.396875 77186.02421875
260 8250.7609375 85436.78515625
270 9758.30078125 95195.0859375
280 10171.26484375 105366.35078125
290 10304.790625 115671.14140625
300 10141.14375 125812.28515625
310 10376.11875 136188.40390625
320 11740.17265625 147928.5765625
330 12257.5140625 160186.090625
340 12201.01171875 172387.10234375
350 11969.36640625 184356.46875
360 12379.53828125 196736.00703125
370 12104.1203125 208840.12734375
380 11916.92734375 220757.0546875
390 12015.2515625 232772.30625
400 11089.96015625 243862.26640625
410 12146.09140625 256008.3578125
420 11987.91953125 267996.27734375
430 12964.2390625 280960.51640625
440 13066.63828125 294027.1546875
450 11951.9484375 305979.103125
460 13231.76328125 319210.86640625
470 13602.04140625 332812.9078125
480 13398.9265625 346211.834375
490 13713.7921875 359925.6265625
500 13592.6515625 373518.278125
510 12795.9125 386314.190625
520 12515.38125 398829.571875
530 13717.55546875 412547.12734375
540 14100.2609375 426647.38828125
550 13711.0015625 440358.38984375
560 13376.73828125 453735.128125
570 14659.78359375 468394.91171875
580 14772.99453125 483167.90625
590 14352.66171875 497520.56796875
600 14728.6859375 512249.25390625
610 15199.83984375 527449.09375
620 15267.275 542716.36875
630 15559.696875 558276.065625
640 15910.1609375 574186.2265625
650 15630.846875 589817.0734375
660 15632.89453125 605449.96796875
670 15258.8109375 620708.77890625
680 16559.30859375 637268.0875
690 14322.528125 651590.615625
700 16269.26640625 667859.88203125
710 16168.18359375 684028.065625
720 14272.6109375 698300.6765625
730 12696.534375 710997.2109375
740 10913.39375 721910.6046875
750 10009.23359375 731919.83828125
760 8453.946875 740373.78515625
770 7320.19453125 747693.9796875
780 6398.2375 754092.2171875
790 6699.2140625 760791.43125
800 6593.59453125 767385.02578125
810 7038.334375 774423.36015625
820 6063.7984375 780487.15859375
830 1200.7359375 781687.89453125
838 12.96953125 781700.8640625
