0 3.34609375 3.34609375
10 15.03984375 18.3859375
20 56.03671875 74.42265625
30 95.8 170.22265625
40 154.821875 325.04453125
50 170.21328125 495.2578125
60 174.30078125 669.55859375
70 144.91015625 814.46875
80 158.00703125 972.47578125
90 200.453125 1172.92890625
100 265.13125 1438.06015625
110 269.41015625 1707.4703125
120 260.04140625 1967.51171875
130 238.5828125 2206.09453125
140 278.47578125 2484.5703125
150 322.37578125 2806.94609375
160 336.24296875 3143.1890625
170 314.74296875 3457.93203125
180 346.146875 3804.07890625
190 391.03671875 4195.115625
200 494.7234375 4689.8390625
210 599.94609375 5289.78515625
220 652.171875 5941.95703125
230 695.759375 6637.71640625
240 676.69375 7314.41015625
250 802.5296875 8116.93984375
260 882.0015625 8998.94140625
270 1046.609375 10045.55078125
280 1101.28046875 11146.83125
290 1129.19453125 12276.02578125
300 1051.49765625 13327.5234375
310 1091.178125 14418.7015625
320 1243.178125 15661.8796875
330 1344.12578125 17006.00546875
340 1337.25703125 18343.2625
350 1291.28515625 19634.54765625
360 1290.94609375 20925.49375
370 1260.88515625 22186.37890625
380 1245.1421875 23431.52109375
390 1265.90625 24697.42734375
400 1296.94296875 25994.3703125
410 1673.65703125 27668.02734375
420 2020.109375 29688.13671875
430 2329.16953125 32017.30625
440 2606.4765625 34623.7828125
450 2611.00234375 37234.78515625
460 2765.39140625 40000.1765625
470 2687.7875 42687.9640625
480 2543.80234375 45231.76640625
490 2538.68359375 47770.45
500 2539.63671875 50310.08671875
510 2747.765625 53057.85234375
520 2802.3453125 55860.19765625
530 3128.5875 58988.78515625
540 3162.84765625 62151.6328125
550 3334.29140625 65485.92421875
560 3378.5015625 68864.42578125
570 3584.38828125 72448.8140625
580 3789.259375 76238.0734375
590 3969.87734375 80207.95078125
600 3880.6453125 84088.59609375
610 4096.103125 88184.69921875
620 4166.103125 92350.80234375
630 4152.68203125 96503.484375
640 4468.2484375 100971.7328125
650 4520.203125 105491.9359375
660 4502.9140625 109994.85
670 4212.12109375 114206.97109375
680 4535.61640625 118742.5875
690 4161.46953125 122904.05703125
700 4427.34375 127331.40078125
710 4516.40625 131847.80703125
720 4515.65625 136363.46328125
730 4115.46796875 140478.93125
740 3201.41328125 143680.34453125
750 2412.4953125 146092.83984375
760 1454.07734375 147546.9171875
770 1002.48125 148549.3984375
780 853.77734375 149403.17578125
790 738.62578125 150141.8015625
800 765.58203125 150907.38359375
810 783.11953125 151690.503125
820 737.0296875 152427.5328125
830 222.50703125 152650.03984375
838 6.94765625 152656.9875
