0 0.9 9
10 0.6 15
20 1.5 30
30 0.7 37
40 0.8 45
50 0.9 54
60 0.5 59
70 2.1 80
80 1.7 97
90 0.8 105
100 1.7 122
110 1.4 136
120 2 156
130 2.3 179
140 1.5 194
150 1.7 211
160 1.8 229
170 2.4 253
180 3.7 290
190 3.7 327
200 3.9 366
210 3.5 401
220 3.5 436
230 4.6 482
240 6 542
250 7.1 613
260 6.8 681
270 5.1 732
280 5.8 790
290 5.9 849
300 9.1 940
310 10.6 1046
320 10.6 1152
330 9.4 1246
340 9.2 1338
350 11.5 1453
360 12.1 1574
370 15.4 1728
380 17.5 1903
390 17 2073
400 17.5 2248
410 16.3 2411
420 16.4 2575
430 18.4 2759
440 21 2969
450 19.1 3160
460 18 3340
470 18.9 3529
480 21.9 3748
490 27.4 4022
500 23 4252
510 25.2 4504
520 23.2 4736
530 24 4976
540 29 5266
550 33.3 5599
560 31.1 5910
570 34.8 6258
580 32.6 6584
590 32.2 6906
600 34.4 7250
610 36 7610
620 39.7 8007
630 35.1 8358
640 33.3 8691
650 29.8 8989
660 36.2 9351
670 38.9 9740
680 38.7 10127
690 39.1 10518
700 36.8 10886
710 33.2 11218
720 8.1 11299
730 0 11299
740 0 11299
750 0 11299
760 0 11299
770 0 11299
780 0 11299
790 0 11299
800 0 11299
810 0 11299
820 0 11299
830 0 11299
838 0 11299
