0 9 9
10 15 15
20 30 30
30 37 37
40 41 42
50 46 47
60 42 47
70 49 49
80 60 60
90 58 63
100 70 71
110 72 76
120 74 76
130 81 85
140 85 88
150 90 90
160 94 95
170 97 98
180 115 115
190 137 137
200 161 162
210 172 174
220 175 183
230 188 190
240 217 218
250 251 251
260 272 272
270 288 293
280 297 297
290 299 304
300 320 320
310 375 375
320 416 416
330 461 461
340 514 514
350 586 586
360 660 660
370 766 767
380 905 905
390 1043 1043
400 1187 1188
410 1311 1311
420 1413 1414
430 1527 1527
440 1620 1621
450 1654 1658
460 1634 1658
470 1605 1658
480 1597 1658
490 1635 1658
500 1676 1685
510 1745 1745
520 1784 1788
530 1822 1825
540 1907 1907
550 1988 1989
560 2054 2060
570 2132 2132
580 2196 2203
590 2243 2250
600 2263 2265
610 2311 2314
620 2358 2369
630 2390 2406
640 2408 2410
650 2398 2410
660 2394 2413
670 2397 2417
680 2413 2437
690 2439 2452
700 2463 2476
710 2434 2476
720 2187 2476
730 1838 2476
740 1471 2476
750 1131 2476
760 884 2476
770 686 2476
780 544 2476
790 458 2476
800 369 2476
810 259 2476
820 120 2476
830 6 2476
838 0 2476
