0 1.9 19
10 3.3 52
20 6.8 120
30 10.2 222
40 13.7 359
50 13.2 491
60 14 631
70 13.5 766
80 15.9 925
90 16.7 1092
100 21.3 1305
110 21.9 1524
120 21 1734
130 19.9 1933
140 20 2133
150 19.6 2329
160 21.8 2547
170 22 2767
180 23.3 3000
190 26.8 3268
200 31.4 3582
210 40.6 3988
220 44.2 4430
230 47.2 4902
240 52.4 5426
250 60.3 6029
260 66.6 6695
270 72.1 7416
280 71 8126
290 76.4 8890
300 80 9690
310 52.1 10211
320 27.5 10486
330 94.5 11431
340 102.5 12456
350 97 13426
360 91 14336
370 86.5 15201
380 98.3 16184
390 100 17184
400 98.1 18165
410 91.4 19079
420 84.8 19927
430 90.4 20831
440 92.7 21758
450 93.3 22691
460 88.3 23574
470 96.5 24539
480 96.3 25502
490 90.6 26408
500 78.7 27195
510 90 28095
520 93 29025
530 84.1 29866
540 85.3 30719
550 97.5 31694
560 88 32574
570 78.8 33362
580 90.1 34263
590 92.1 35184
600 88.1 36065
610 86.2 36927
620 91.7 37844
630 97.1 38815
640 96 39775
650 82.2 40597
660 89.1 41488
670 82.7 42315
680 79.4 43109
690 95.1 44060
700 85.5 44915
710 83.6 45751
720 76 46511
730 58.2 47093
740 59 47683
750 62.8 48311
760 49.9 48810
770 47.4 49284
780 59.7 49881
790 28.7 50168
800 17.4 50342
810 3.6 50378
820 0.4 50382
830 0 50382
840 0 50382
850 5.2 50434
860 4.4 50478
870 2 50498
880 0.2 50500
890 0.1 50501
900 0.1 50502
910 3.9 50541
920 6.5 50606
930 1 50616
938 0.2 50618
