10 1.6 16
20 6.8 84
30 12.2 206
40 15.3 359
50 15.8 517
60 15.6 673
70 14.4 817
80 15.9 976
90 18.7 1163
100 25.4 1417
110 25.7 1674
120 24.1 1915
130 21.6 2131
140 22.9 2360
150 23.2 2592
160 24.3 2835
170 23.9 3074
180 24.2 3316
190 27.3 3589
200 35.3 3942
210 43.4 4376
220 50.2 4878
230 50.2 5380
240 58.4 5964
250 68.2 6646
260 73.8 7384
270 80.7 8191
280 80.5 8996
290 86.8 9864
300 88.2 10746
310 57.3 11319
320 24.7 11566
330 89.4 12460
340 110.5 13565
350 110 14665
360 98.2 15647
370 76.4 16411
380 90.2 17313
390 94.8 18261
400 84.2 19103
410 77.5 19878
420 65.2 20530
430 66.1 21191
440 62.9 21820
450 61.2 22432
460 60.1 23033
470 59.8 23631
480 65.1 24282
490 59.5 24877
500 51 25387
510 56.9 25956
520 54.8 26504
530 52.2 27026
540 45.6 27482
550 52.9 28011
560 45 28461
570 38.3 28844
580 47.9 29323
590 45.4 29777
600 43.3 30210
610 40 30610
620 43.4 31044
630 40.9 31453
640 44.1 31894
650 41.9 32313
660 43.6 32749
670 38.5 33134
680 34.6 33480
690 42.4 33904
700 40.5 34309
710 40.3 34712
720 40.1 35113
730 29.6 35409
740 33.3 35742
750 33.7 36079
760 38 36459
770 45.9 36918
780 64.7 37565
790 33.5 37900
800 18.7 38087
810 4.3 38130
820 0.6 38136
830 0.1 38137
840 0 38137
850 5 38187
860 4.7 38234
870 1.8 38252
880 0 38252
890 0 38252
900 0.1 38253
910 2.8 38281
920 6.4 38345
930 1.5 38360
938 0.1 38361
