310 0.3 3
320 17.8 181
330 13.4 315
340 9.3 408
350 3.6 444
360 6.4 508
370 21.6 724
380 37 1094
390 67.6 1770
400 110.4 2874
410 149.9 4373
420 173.8 6111
430 199 8101
440 194.1 10042
450 188.1 11923
460 195.7 13880
470 211.4 15994
480 217.9 18173
490 241.2 20585
500 248.3 23068
510 269.2 25760
520 291.2 28672
530 303.2 31704
540 314.8 34852
550 321.9 38071
560 337.6 41447
570 339.5 44842
580 372.4 48566
590 410.1 52667
600 428.9 56956
610 443.8 61394
620 440.8 65802
630 462.6 70428
640 505.9 75487
650 489.6 80383
660 498.4 85367
670 476 90127
680 462.7 94754
690 486.1 99615
700 506 104675
710 495.1 109626
720 567 115296
730 484.8 120144
740 381.6 123960
750 242.4 126384
760 110.1 127485
770 35.6 127841
780 14.8 127989
790 1.3 128002
800 0 128002
810 0 128002
820 0.1 128003
830 0.1 128004
840 0 128004
850 11.9 128123
860 2.8 128151
870 0.6 128157
880 0.5 128162
890 0.3 128165
900 0 128165
910 6.2 128227
920 0.4 128231
930 0 128231
938 0 128231
