320 5.7 57
330 5.2 109
340 3.1 140
350 2.2 162
360 1.5 177
370 5.4 231
380 12.1 352
390 17.3 525
400 26.5 790
410 32.6 1116
420 34 1456
430 39.7 1853
440 42.6 2279
450 44.6 2725
460 43.2 3157
470 46.7 3624
480 48 4104
490 48.4 4588
500 43.3 5021
510 48.2 5503
520 56.9 6072
530 54 6612
540 51.4 7126
550 59.9 7725
560 56 8285
570 50.9 8794
580 60.3 9397
590 59.1 9988
600 64.5 10633
610 59.5 11228
620 66.7 11895
630 61.1 12506
640 69 13196
650 65.3 13849
660 66.9 14518
670 64.6 15164
680 59.5 15759
690 67.4 16433
700 63.3 17066
710 63.2 17698
720 69.1 18389
730 60.2 18991
740 63.4 19625
750 55.9 20184
760 40.3 20587
770 27 20857
780 13.7 20994
790 2.1 21015
800 0 21015
810 0 21015
820 0 21015
830 0 21015
840 0 21015
850 3.3 21048
860 0.9 21057
870 0.3 21060
880 0.2 21062
890 0.1 21063
900 0.1 21064
910 2.6 21090
920 0.5 21095
930 0.1 21096
938 0 21096
