320 0.2 2
330 0 2
340 0 2
350 3.1 33
360 0.5 38
370 0 38
380 0 38
390 0 38
400 0.7 45
410 2.6 71
420 2.5 96
430 3.7 133
440 5.7 190
450 8.5 275
460 8.4 359
470 6.7 426
480 9.8 524
490 9.7 621
500 8.8 709
510 9.9 808
520 8.2 890
530 11 1000
540 11.3 1113
550 12.5 1238
560 12.7 1365
570 9.8 1463
580 11.8 1581
590 13.3 1714
600 14.5 1859
610 13.1 1990
620 15.4 2144
630 14.1 2285
640 15.1 2436
650 13.9 2575
660 19.9 2774
670 17.1 2945
680 16.9 3114
690 14 3254
700 16.8 3422
710 16.8 3590
720 17.2 3762
730 15.9 3921
740 19.4 4115
750 25.2 4367
760 27.4 4641
770 21.3 4854
780 9.1 4945
790 1.9 4964
800 0.2 4966
810 0 4966
820 0.1 4967
830 0 4967
840 0.1 4968
850 0.7 4975
860 0 4975
870 0 4975
880 0 4975
890 0.2 4977
900 0 4977
910 0.1 4978
920 0.2 4980
930 0.1 4981
938 0 4981
