310 1 10
320 17.2 182
330 0.1 183
340 0 183
350 0 183
360 7.9 262
370 22.8 490
380 23.3 723
390 49.2 1215
400 78.1 1996
410 106.6 3062
420 120.6 4268
430 133.7 5605
440 131.1 6916
450 127.1 8187
460 135.5 9542
470 131.4 10856
480 139.5 12251
490 164.2 13893
500 179.7 15690
510 186.3 17553
520 192.4 19477
530 213.5 21612
540 220.2 23814
550 217.2 25986
560 245.3 28439
570 259.6 31035
580 265.5 33690
590 294.4 36634
600 307.8 39712
610 333.3 43045
620 326.9 46314
630 354.2 49856
640 352.8 53384
650 350.3 56887
660 367.4 60561
670 376.4 64325
680 375.5 68080
690 352.7 71607
700 389.2 75499
710 377.7 79276
720 398.4 83260
730 331.1 86571
740 240 88971
750 133.9 90310
760 53.3 90843
770 3.3 90876
780 0 90876
790 0 90876
800 0 90876
810 0 90876
820 0 90876
830 0 90876
840 0 90876
850 1.5 90891
860 1.4 90905
870 0 90905
880 0 90905
890 0 90905
900 0 90905
910 0 90905
920 0.3 90908
930 0 90908
938 0 90908
