0 14 14
10 26 12
20 36 10
30 43 7
40 54 11
50 46 -8
60 49 3
70 58 9
80 63 5
90 66 3
100 79 13
110 74 -5
120 71 -3
130 71 0
140 72 1
150 71 -1
160 82 11
170 80 -2
180 90 10
190 115 25
200 130 15
210 156 26
220 178 22
230 192 14
240 210 18
250 226 16
260 252 26
270 266 14
280 274 8
290 291 17
300 323 32
310 360 37
320 382 22
330 464 82
340 523 59
350 592 69
360 676 84
370 753 77
380 834 81
390 864 30
400 883 19
410 883 0
420 867 -16
430 890 23
440 938 48
450 935 -3
460 900 -35
470 910 10
480 952 42
490 997 45
500 972 -25
510 990 18
520 987 -3
530 971 -16
540 1013 42
550 1073 60
560 1127 54
570 1135 8
580 1116 -19
590 1138 22
600 1156 18
610 1229 73
620 1295 66
630 1282 -13
640 1203 -79
650 1142 -61
660 1205 63
670 1259 54
680 1298 39
690 1301 3
700 1328 27
710 1254 -74
720 991 -263
730 751 -240
740 634 -117
750 600 -34
760 536 -64
770 405 -131
780 264 -141
790 204 -60
800 161 -43
810 134 -27
820 129 -5
830 130 1
840 129 -1
850 81 -48
860 72 -9
870 60 -12
880 60 0
890 61 1
900 58 -3
910 28 -30
920 8 -20
930 1 -7
938 0 -1
