0 1.4 2.5625714285714283 3.045720199002569 10.724 0.826 0 0
10 1.2 1.373916666666667 0.29001191306948443 10.724 0.826 2.5625714285714283 14
20 1 1.4446999999999999 0.23432159524892276 10.724 0.826 2.0139615384615386 26
30 0.7 1.2822857142857143 0.2388901207583067 10.724 0.826 1.8558333333333334 36
40 1.6 1.4333749999999998 0.36095011341596783 10.724 0.826 1.7624651162790699 43
50 0.1 0.989 0.0 10.724 0.826 1.673220338983051 59
60 1.2 3.1405833333333333 6.112597435601515 23.394 0.826 1.6618166666666667 60
70 2 1.3169499999999998 0.21286015949444367 23.394 0.826 1.908277777777778 72
80 1.4 1.2921428571428568 0.17700599551704338 23.394 0.826 1.7797282608695653 92
90 1.4 1.2269285714285714 0.1813372801816369 23.394 0.826 1.7153301886792454 106
100 1.8 1.3224444444444443 0.17918929228370709 23.394 0.826 1.65835 120
110 1.2 1.29275 0.19292966118942584 23.394 0.826 1.6145362318840581 138
120 1.4 1.7987857142857142 1.6755616192178426 23.394 0.826 1.5887933333333335 150
130 1.6 1.3148749999999998 0.26204362113014695 23.394 0.776 1.606719512195122 164
140 1.8 1.471111111111111 0.5282507705088653 23.394 0.776 1.5807777777777778 180
150 0.9 1.636888888888889 0.7389927746518598 23.394 0.776 1.570808080808081 198
160 2.2 1.5885 0.9303772328762916 23.394 0.776 1.5736811594202902 207
170 1.8 1.3564444444444446 0.1909689393657229 23.394 0.776 1.57510480349345 229
180 2.6 1.6875000000000004 2.127680467804535 23.394 0.776 1.5591700404858302 247
190 3.8 1.4156315789473684 0.3118414257154488 23.394 0.776 1.5713919413919417 273
200 2.7 1.8120740740740744 1.6915774563434356 23.394 0.772 1.5523601286173636 311
210 4.7 1.1741276595744683 0.2481186758792137 23.394 0.766 1.57310650887574 338
220 4 1.2439749999999994 0.1986230711045422 23.394 0.766 1.5244000000000002 385
230 4.8 1.1879374999999996 0.25245770324369854 23.394 0.766 1.4980070588235297 425
240 4.7 1.3828510638297868 1.379973203235412 23.394 0.755 1.466541226215645 473
250 4.6 1.5798043478260866 1.2389475656442765 23.394 0.755 1.4589769230769234 520
260 6.4 1.2801093749999999 0.5774799811786634 23.394 0.755 1.468796819787986 566
270 5.9 1.2453898305084747 0.350102213498546 23.394 0.755 1.4496285714285715 630
280 5.8 1.5054482758620695 1.0348356553248008 23.394 0.755 1.4321393323657476 689
290 5.9 1.3661186440677966 0.32793426815243015 23.394 0.755 1.437831325301205 747
300 8.5 2.434352941176471 8.744253704012621 82.083 0.755 1.4325818858560795 806
310 7.4 6.58068918918919 12.037242272984779 82.083 0.737 1.528149270482604 891
320 22.5 2.569728888888888 3.7051388508767853 82.083 0.634 1.91559792746114 965
330 26.1 1.2964137931034485 0.7357039512406149 82.083 0.634 2.039278151260504 1190
340 19 1.420778947368422 1.0916501963246898 82.083 0.634 1.9056547208821502 1451
350 15.2 1.4833815789473697 1.0170946556776481 82.083 0.634 1.8495143205362585 1641
360 18.3 1.4482732240437168 1.8735726171083231 82.083 0.634 1.8184757389849417 1793
370 33.1 1.5613836858006034 1.816780531410133 82.083 0.634 1.7841907894736846 1976
380 51.4 1.3805019455252923 1.1512448536394138 82.083 0.543 1.7522232336367578 2307
390 76.5 6.269743790849671 23.13930440483434 215.772 0.512 1.6844937965260547 2821
400 119.3 2.4116563285834007 2.8846595440203253 215.772 0.454 2.662663413273842 3586
410 160.6 2.445063511830633 3.195398892843377 215.772 0.454 2.600003557229545 4779
420 183.8 2.7706142546245944 3.4429294081371977 215.772 0.454 2.561031949882536 6385
430 216.2 3.3986725254394097 3.9998495746546445 215.772 0.454 2.6078776602213303 8223
440 215.4 3.2247000928505067 3.6473482610203334 215.772 0.454 2.7725091959557053 10385
450 208.9 2.9751842987075077 3.479124736557332 215.772 0.454 2.850188372278491 12539
460 210.9 2.844927927927924 3.4032066394148277 215.772 0.454 2.8680388296417814 14628
470 229.7 3.2988580757509736 3.782820647973919 215.772 0.454 2.8651266654717076 16737
480 239 3.5045221757322174 4.129898354809275 215.772 0.454 2.917468845224333 19034
490 262.5 3.914643047619058 4.2030924662470985 215.772 0.454 2.9829588312173243 21424
500 265.6 3.6060704066265012 3.840152145807445 215.772 0.454 3.08465416441432 24049
510 290.9 3.6830058439326283 3.8069389151990043 215.772 0.454 3.136512675528926 26705
520 312.2 4.078275464445867 4.447483435249957 215.772 0.454 3.190195009117309 29614
530 323.7 3.9646904541241823 4.081622454481974 215.772 0.452 3.274890365347018 32736
540 342.3 3.9061118901548264 3.922892271814555 215.772 0.452 3.3369614433046997 35973
550 352.1 4.922681340528265 4.814594931574675 215.772 0.452 3.386413214539546 39396
560 368.1 4.608120619396904 4.4009454956586245 215.772 0.452 3.512451848917678 42917
570 365.7 5.118756631118403 5.190984763746319 215.772 0.452 3.599003991587621 46598
580 397.3 5.524062421344085 5.327019489589515 215.772 0.452 3.709594687095811 50255
590 437.5 5.645605714285721 4.795757164562552 215.772 0.452 3.842531183152615 54228
600 458.8 6.215504577157781 5.222977431752379 215.772 0.452 3.97713949797792 58603
610 481.3 8.617691252856867 8.930939491041546 215.772 0.452 4.139656612492284 63191
620 480 8.354671666666688 6.930680614974306 215.772 0.452 4.4565906270219395 68004
630 495.2 9.165409733441022 6.351644227386057 215.772 0.452 4.71359283830559 72804
640 530.3 13.222475202715385 8.553407250205794 215.772 0.452 4.997113045938579 77756
650 514.9 12.62972713148182 7.432184887834577 215.772 0.452 5.522271012172068 83059
660 538.2 11.33247157190631 7.212569696388375 215.772 0.452 5.937157321331395 88208
670 520.9 10.326457093492044 7.454386525272412 215.772 0.452 6.247421038572491 93590
680 507.1 8.895679353184788 6.250337844493479 215.772 0.452 6.462480895555617 98799
690 517.7 10.19170195093682 6.950917591563817 215.772 0.452 6.581271204390099 103870
700 543.9 11.071890972605228 7.319174695250111 215.772 0.452 6.752676194668349 109047
710 521.2 13.194627782041456 7.484644141748254 215.772 0.452 6.9578734168369865 114486
720 578.1 11.323285936689135 7.575400868012131 215.772 0.452 7.22943989039081 119698
730 496 8.935607056451612 6.954031327355767 215.772 0.452 7.41804933096374 125479
740 405.8 36.444357318876065 97.50984500799875 739.407 0.452 7.475755126917556 130439
750 272.8 3.9921249999999913 4.230856735770258 739.407 0.452 8.34978642646303 134497
760 131.6 2.8722864741641305 3.32491683957975 739.407 0.452 8.263157165239557 137225
770 43.8 1.4011917808219168 1.4066290754545705 739.407 0.452 8.211949321861386 138541
780 16.8 1.404196428571429 1.336706646143569 739.407 0.452 8.190484843033827 138979
790 3.1 1.7152903225806448 1.2676318839206258 739.407 0.452 8.182291375308115 139147
800 0 0 0 739.407 0.452 8.18085093908519 139178
810 0 0 0 739.407 0.452 8.18085093908519 139178
820 0 0 0 739.407 0.452 8.18085093908519 139178
830 0.2 1.4235 0.23350000000000004 739.407 0.452 8.18085093908519 139178
840 0 0 0 739.407 0.452 8.180753836758145 139180
850 11.1 1.5632432432432426 2.2285632919524923 739.407 0.452 8.180753836758145 139180
860 3.5 1.2620285714285715 0.21343389551592323 739.407 0.452 8.175480389974934 139291
870 0.6 1.4546666666666666 0.1759627485830137 739.407 0.452 8.17374366593456 139326
880 0.5 1.3980000000000001 0.12829964925906853 739.407 0.452 8.173454324921758 139332
890 0.4 4.22825 4.72752431908076 739.407 0.452 8.173211193006871 139337
900 0 0 0 739.407 0.452 8.173097946763683 139341
910 5.3 262.7437735849057 480.6494215029479 1702.048 0.452 8.173097946763683 139341
920 1.2 10.321666666666667 29.39202915568928 1702.048 0.452 8.269890102873857 139394
930 0.1 1.313 0.0 1702.048 0.452 8.270066718792581 139406
938 0 0 0 1702.048 0.452 8.270016814076758 139407
