0 0.1 3.3243448800387196 0 3.3243448800387196 3.3243448800387196 0 0
10 0.1 0.897308075772682 0.0 3.3243448800387196 0.897308075772682 3.3243448800387196 1
20 0.1 1.3930348258706469 0.0 3.3243448800387196 0.897308075772682 2.1108264779057007 2
30 0.1 1.8886679920477136 0.0 3.3243448800387196 0.897308075772682 1.871562593894016 3
40 0.1 2.1934197407776668 0.0 3.3243448800387196 0.897308075772682 1.8758389434324405 4
50 0.1 2.68389662027833 0.0 3.3243448800387196 0.897308075772682 1.939355102901486 5
60 0.1 3.648915187376726 0.0 3.648915187376726 0.897308075772682 2.0634453557976262 6
70 0.1 3.2673267326732676 0.0 3.648915187376726 0.897308075772682 2.289941046023212 7
80 0.1 3.2640949554896146 0.0 3.648915187376726 0.897308075772682 2.412114256854469 8
90 0.1 3.081510934393638 0.0 3.648915187376726 0.897308075772682 2.5067787789250406 9
100 0.1 3.7661050545094152 0.0 3.7661050545094152 0.897308075772682 2.5642519944719 10
110 0.1 5.294117647058823 0.0 5.294117647058823 0.897308075772682 2.6735113635662198 11
120 0.1 4.0594059405940595 0.0 5.294117647058823 0.897308075772682 2.8918952205239368 12
130 0.1 4.339250493096647 0.0 5.294117647058823 0.897308075772682 2.981703737452408 13
140 0.1 3.9721946375372394 0.0 5.294117647058823 0.897308075772682 3.078671362855568 14
150 0.1 4.536489151873767 0.0 5.294117647058823 0.897308075772682 3.1382395811676798 15
160 0.1 3.9721946375372394 0.0 5.294117647058823 0.897308075772682 3.22563017933681 16
170 0.1 5.123152709359606 0.0 5.294117647058823 0.897308075772682 3.2695457357015414 17
180 0.1 5.009823182711198 0.0 5.294117647058823 0.897308075772682 3.3725239009047674 18
190 0.1 5.11307767944936 0.0 5.294117647058823 0.897308075772682 3.458697547315632 19
200 0.1 6.35386119257087 0.0 6.35386119257087 0.897308075772682 3.5414165539223186 20
210 0.1 5.841584158415842 0.0 6.35386119257087 0.897308075772682 3.6753424890960593 21
220 0.1 7.91015625 0.0 7.91015625 0.897308075772682 3.7738080195196857 22
230 0.1 8.03921568627451 0.0 8.03921568627451 0.897308075772682 3.953649246931873 23
240 0.1 9.523809523809524 0.0 9.523809523809524 0.897308075772682 4.123881181904483 24
250 0.1 11.078998073217726 0.0 11.078998073217726 0.897308075772682 4.339878315580685 25
260 0.1 12.065637065637064 0.0 12.065637065637064 0.897308075772682 4.599075229335956 26
270 0.1 12.548262548262548 0.0 12.548262548262548 0.897308075772682 4.875614556606367 27
280 0.1 13.640730067243034 0.0 13.640730067243034 0.897308075772682 5.149637699165517 28
290 0.1 13.706563706563706 0.0 13.706563706563706 0.897308075772682 5.442433987719914 29
300 0.1 14.846743295019158 0.0 14.846743295019158 0.897308075772682 5.717904978348041 30
310 0.1 15.7644824311491 0.0 15.7644824311491 0.897308075772682 6.012383633724529 31
320 0.1 12.068965517241379 0.0 15.7644824311491 0.897308075772682 6.317136721144046 32
330 0.1 16.236867239732568 0.0 16.236867239732568 0.897308075772682 6.491434563450026 33
340 0.1 23.769730733519033 0.0 23.769730733519033 0.897308075772682 6.778064936281865 34
350 0.1 24.39252336448598 0.0 24.39252336448598 0.897308075772682 7.2635411019172125 35
360 0.1 21.38188608776844 0.0 24.39252336448598 0.897308075772682 7.739346164766346 36
370 0.1 22.72300469483568 0.0 24.39252336448598 0.897308075772682 8.108063459982619 37
380 0.1 28.345724907063197 0.0 28.345724907063197 0.897308075772682 8.492667176689277 38
390 0.1 33.45622119815668 0.0 33.45622119815668 0.897308075772682 9.001719939006557 39
400 0.1 40.70716228467815 0.0 40.70716228467815 0.897308075772682 9.613082470485312 40
410 0.1 45.54455445544555 0.0 45.54455445544555 0.897308075772682 10.37147466107538 41
420 0.1 45.85191793041927 0.0 45.85191793041927 0.897308075772682 11.208928941893717 42
430 0.1 46.74012855831038 0.0 46.74012855831038 0.897308075772682 12.014579848603613 43
440 0.1 46.80073126142596 0.0 46.80073126142596 0.897308075772682 12.803796864733313 44
450 0.1 46.720575022461816 0.0 46.80073126142596 0.897308075772682 13.559284295770928 45
460 0.1 47.491039426523294 0.0 47.491039426523294 0.897308075772682 14.280181920264209 46
470 0.1 46.29794826048171 0.0 47.491039426523294 0.897308075772682 14.986795909759085 47
480 0.1 47.392497712717294 0.0 47.491039426523294 0.897308075772682 15.639111583732472 48
490 0.1 47.77070063694268 0.0 47.77070063694268 0.897308075772682 16.287139872079102 49
500 0.1 47.19101123595505 0.0 47.77070063694268 0.897308075772682 16.916811087376374 50
510 0.1 47.77777777777778 0.0 47.77777777777778 0.897308075772682 17.510422854995564 51
520 0.1 47.895229186155284 0.0 47.895229186155284 0.897308075772682 18.092487372741378 52
530 0.1 47.64595103578154 0.0 47.895229186155284 0.897308075772682 18.654803256013338 53
540 0.1 47.467166979362105 0.0 47.895229186155284 0.897308075772682 19.19167636304608 54
550 0.1 48.091603053435115 0.0 48.091603053435115 0.897308075772682 19.705776192433643 55
560 0.1 48.0806142034549 0.0 48.091603053435115 0.897308075772682 20.21266595780867 56
570 0.1 48.21600771456123 0.0 48.21600771456123 0.897308075772682 20.701577330539305 57
580 0.1 47.91464597478176 0.0 48.21600771456123 0.897308075772682 21.175964061298306 58
590 0.1 48.53801169590643 0.0 48.53801169590643 0.897308075772682 21.629162059831923 59
600 0.1 48.86251236399604 0.0 48.86251236399604 0.897308075772682 22.07764288709983 60
610 0.1 49.2063492063492 0.0 49.2063492063492 0.897308075772682 22.516739108032557 61
620 0.1 49.35194416749751 0.0 49.35194416749751 0.897308075772682 22.947216690263467 62
630 0.1 49.20318725099602 0.0 49.35194416749751 0.897308075772682 23.366339348632263 63
640 0.1 49.25668979187314 0.0 49.35194416749751 0.897308075772682 23.770040097106698 64
650 0.1 49.45598417408507 0.0 49.45598417408507 0.897308075772682 24.162142400103107 65
660 0.1 49.2063492063492 0.0 49.45598417408507 0.897308075772682 24.54538242698162 66
670 0.1 49.31372549019608 0.0 49.45598417408507 0.897308075772682 24.913456558016957 67
680 0.1 49.45490584737364 0.0 49.45598417408507 0.897308075772682 25.27228404231371 68
690 0.1 49.45812807881773 0.0 49.45812807881773 0.897308075772682 25.622756822097184 69
700 0.1 49.209486166007906 0.0 49.45812807881773 0.897308075772682 25.963262125764622 70
710 0.1 49.25816023738873 0.0 49.45812807881773 0.897308075772682 26.29067373196523 71
720 0.1 49.40828402366864 0.0 49.45812807881773 0.897308075772682 26.609666600096112 72
730 0.1 49.40944881889764 0.0 49.45812807881773 0.897308075772682 26.921976427816283 73
740 0.1 49.35064935064935 0.0 49.45812807881773 0.897308075772682 27.225861189857923 74
750 0.1 49.150849150849155 0.0 49.45812807881773 0.897308075772682 27.52085836533514 75
760 0.1 49.249249249249246 0.0 49.45812807881773 0.897308075772682 27.8054635072498 76
770 0.1 35.42642924086223 0.0 49.45812807881773 0.897308075772682 28.083954231171873 77
780 0.1 21.246458923512748 0.0 49.45812807881773 0.897308075772682 28.1780885261679 78
790 0.1 16.076555023923444 0.0 49.45812807881773 0.897308075772682 28.090346379298847 79
800 0.1 5.8300395256917 0.0 49.45812807881773 0.897308075772682 27.940173987356655 80
810 0.1 2.8741328047571852 0.0 49.45812807881773 0.897308075772682 27.667209364373136 81
820 0.1 0.6986027944111777 0.0 49.45812807881773 0.6986027944111777 27.364854772182696 82
830 0.1 0.5976095617529881 0.0 49.45812807881773 0.5976095617529881 27.043574627872196 83
840 0.1 0.3003003003003003 0.0 49.45812807881773 0.3003003003003003 26.728741710418397 84
850 0.1 2.584493041749503 0.0 49.45812807881773 0.3003003003003003 26.417818870299364 85
860 0.1 5.216535433070866 0.0 49.45812807881773 0.3003003003003003 26.14068717461855 86
870 0.1 2.0874751491053676 0.0 49.45812807881773 0.3003003003003003 25.900179683336393 87
880 0.1 0.6986027944111777 0.0 49.45812807881773 0.3003003003003003 25.629580768174677 88
890 0.1 0.4 0.0 49.45812807881773 0.3003003003003003 25.349457420154863 89
900 0.1 0.3 0.0 49.45812807881773 0.3 25.07224122659759 90
910 0.1 0.5 0.0 49.45812807881773 0.3 24.80001879553608 91
920 0.1 4.621435594886923 0.0 49.45812807881773 0.3 24.535888156454167 92
930 0.1 1.593625498007968 0.0 49.45812807881773 0.3 24.32175425794269 93
938 0.1 0.3996003996003996 0.0 49.45812807881773 0.3 24.079965654113597 94
