0 0 0
10 0 0
20 0 0
30 0 0
40 0.5 5
50 0.9 14
60 0.9 23
70 1.1 34
80 0.9 43
90 1.1 54
100 0.5 59
110 1.7 76
120 1.7 93
130 1.6 109
140 1.7 126
150 1 136
160 1.1 147
170 2 167
180 1.7 184
190 1.2 196
200 1.2 208
210 2.1 229
220 1.8 247
230 3.6 283
240 3 313
250 2.8 341
260 3.7 378
270 4.6 424
280 5 474
290 4.2 516
300 5.4 570
310 3.2 602
320 2.5 627
330 4.3 670
340 3.7 707
350 4.9 756
360 3.2 788
370 4 828
380 6.1 889
390 6 949
400 6.9 1018
410 10.7 1125
420 11.8 1243
430 15.6 1399
440 16 1559
450 21.2 1771
460 18.2 1953
470 17.5 2128
480 16.8 2296
490 16.5 2461
500 20.8 2669
510 19.6 2865
520 21.2 3077
530 21.9 3296
540 23.8 3534
550 23.3 3767
560 24.8 4015
570 26.2 4277
580 26.3 4540
590 25.1 4791
600 28.7 5078
610 29.5 5373
620 32.5 5698
630 33.2 6030
640 32.3 6353
650 33 6683
660 33.6 7019
670 38 7399
680 41.1 7810
690 30.1 8111
700 34.9 8460
710 35.6 8816
720 35.1 9167
730 36.4 9531
740 35.7 9888
750 33 10218
760 28 10498
770 20.9 10707
780 15.8 10865
790 7.8 10943
800 4.2 10985
810 2.7 11012
820 0.4 11016
830 0 11016
840 0.1 11017
850 4.1 11058
860 1.6 11074
870 1.1 11085
880 0 11085
890 0.1 11086
900 0.2 11088
910 2.2 11110
920 2.7 11137
930 0.8 11145
938 0.1 11146
