0 0.1 3505.44140625 0 3505.44140625 3505.44140625 0 0
10 0.1 3509.296875 0.0 3509.296875 3505.44140625 3505.44140625 1
20 0.1 3507.7734375 0.0 3509.296875 3505.44140625 3507.369140625 2
30 0.1 3502.1171875 0.0 3509.296875 3502.1171875 3507.50390625 3
40 0.1 3494.5 0.0 3509.296875 3494.5 3506.1572265625 4
50 0.1 3488.0546875 0.0 3509.296875 3488.0546875 3503.82578125 5
60 0.1 3489.18359375 0.0 3509.296875 3488.0546875 3501.197265625 6
70 0.1 3489.078125 0.0 3509.296875 3488.0546875 3499.481026785714 7
80 0.1 3489.609375 0.0 3509.296875 3488.0546875 3498.1806640625 8
90 0.1 3487.4140625 0.0 3509.296875 3487.4140625 3497.2282986111113 9
100 0.1 3479.3515625 0.0 3509.296875 3479.3515625 3496.246875 10
110 0.1 3476.9921875 0.0 3509.296875 3476.9921875 3494.7109375 11
120 0.1 3477.98828125 0.0 3509.296875 3476.9921875 3493.234375 12
130 0.1 3479.3359375 0.0 3509.296875 3476.9921875 3492.0615985576924 13
140 0.1 3478.3984375 0.0 3509.296875 3476.9921875 3491.1526227678573 14
150 0.1 3475.69140625 0.0 3509.296875 3475.69140625 3490.30234375 15
160 0.1 3472.32421875 0.0 3509.296875 3472.32421875 3489.38916015625 16
170 0.1 3470.640625 0.0 3509.296875 3470.640625 3488.3853400735293 17
180 0.1 3473.20703125 0.0 3509.296875 3470.640625 3487.3995225694443 18
190 0.1 3472.8359375 0.0 3509.296875 3470.640625 3486.6525493421054 19
200 0.1 3465.96484375 0.0 3509.296875 3465.96484375 3485.96171875 20
210 0.1 3463.8828125 0.0 3509.296875 3463.8828125 3485.0094866071427 21
220 0.1 3456.3984375 0.0 3509.296875 3456.3984375 3484.0491832386365 22
230 0.1 3448.35546875 0.0 3509.296875 3448.35546875 3482.846976902174 23
240 0.1 3445.82421875 0.0 3509.296875 3445.82421875 3481.4098307291665 24
250 0.1 3437.62109375 0.0 3509.296875 3437.62109375 3479.98640625 25
260 0.1 3424.234375 0.0 3509.296875 3424.234375 3478.356971153846 26
270 0.1 3417.81640625 0.0 3509.296875 3417.81640625 3476.3524305555557 27
280 0.1 3417.7421875 0.0 3509.296875 3417.7421875 3474.2618582589284 28
290 0.1 3403.4765625 0.0 3509.296875 3403.4765625 3472.3129040948274 29
300 0.1 3400.16015625 0.0 3509.296875 3400.16015625 3470.018359375 30
310 0.1 3398.75 0.0 3509.296875 3398.75 3467.7648689516127 31
320 0.1 3377.55859375 0.0 3509.296875 3377.55859375 3465.608154296875 32
330 0.1 3375.09765625 0.0 3509.296875 3375.09765625 3462.9399857954545 33
340 0.1 3326.46875 0.0 3509.296875 3326.46875 3460.356387867647 34
350 0.1 3307.33203125 0.0 3509.296875 3307.33203125 3456.5310267857144 35
360 0.1 3295.5703125 0.0 3509.296875 3295.5703125 3452.3866102430557 36
370 0.1 3250.640625 0.0 3509.296875 3250.640625 3448.148331925676 37
380 0.1 3215.63671875 0.0 3509.296875 3215.63671875 3442.9507606907896 38
390 0.1 3186.40234375 0.0 3509.296875 3186.40234375 3437.1221955128203 39
400 0.1 3160.5078125 0.0 3509.296875 3160.5078125 3430.85419921875 40
410 0.1 3135.05078125 0.0 3509.296875 3135.05078125 3424.2603849085367 41
420 0.1 3125.01953125 0.0 3509.296875 3125.01953125 3417.374441964286 42
430 0.1 3125.6328125 0.0 3509.296875 3125.01953125 3410.5754905523254 43
440 0.1 3121.69140625 0.0 3509.296875 3121.69140625 3404.099520596591 44
450 0.1 3125.2265625 0.0 3509.296875 3121.69140625 3397.823784722222 45
460 0.1 3125.87890625 0.0 3509.296875 3121.69140625 3391.897758152174 46
470 0.1 3117.44921875 0.0 3509.296875 3117.44921875 3386.237782579787 47
480 0.1 3102.765625 0.0 3509.296875 3102.765625 3380.6380208333335 48
490 0.1 3099.94921875 0.0 3509.296875 3099.94921875 3374.967155612245 49
500 0.1 3095.2421875 0.0 3509.296875 3095.2421875 3369.466796875 50
510 0.1 3099.55078125 0.0 3509.296875 3095.2421875 3364.08984375 51
520 0.1 3092.19921875 0.0 3509.296875 3092.19921875 3359.0025540865386 52
530 0.1 3082.98046875 0.0 3509.296875 3082.98046875 3353.9685288915093 53
540 0.1 3089.02734375 0.0 3509.296875 3082.98046875 3348.9502314814813 54
550 0.1 3085.7578125 0.0 3509.296875 3082.98046875 3344.2243607954547 55
560 0.1 3067.15234375 0.0 3509.296875 3067.15234375 3339.60888671875 56
570 0.1 3065.50390625 0.0 3509.296875 3065.50390625 3334.8289473684213 57
580 0.1 3062.6484375 0.0 3509.296875 3062.6484375 3330.185412176724 58
590 0.1 3060.39453125 0.0 3509.296875 3060.39453125 3325.6508871822034 59
600 0.1 3047.9921875 0.0 3509.296875 3047.9921875 3321.229947916667 60
610 0.1 3052.8046875 0.0 3509.296875 3047.9921875 3316.7506403688526 61
620 0.1 3044.640625 0.0 3509.296875 3044.640625 3312.4934475806454 62
630 0.1 3036.6796875 0.0 3509.296875 3036.6796875 3308.2418154761904 63
640 0.1 3036.96875 0.0 3509.296875 3036.6796875 3303.9986572265625 64
650 0.1 3022.15625 0.0 3509.296875 3022.15625 3299.890504807692 65
660 0.1 3023.1953125 0.0 3509.296875 3022.15625 3295.682410037879 66
670 0.1 3011.6484375 0.0 3509.296875 3011.6484375 3291.6154384328356 67
680 0.1 3019.76953125 0.0 3509.296875 3011.6484375 3287.4982766544117 68
690 0.1 3023.00390625 0.0 3509.296875 3011.6484375 3283.6181499094205 69
700 0.1 3021.8046875 0.0 3509.296875 3011.6484375 3279.895089285714 70
710 0.1 3017.48046875 0.0 3509.296875 3011.6484375 3276.2600132042253 71
720 0.1 3018.48046875 0.0 3509.296875 3011.6484375 3272.6658528645835 72
730 0.1 3016.85546875 0.0 3509.296875 3011.6484375 3269.1838613013697 73
740 0.1 3030.1171875 0.0 3509.296875 3011.6484375 3265.7740181587837 74
750 0.1 3034.4609375 0.0 3509.296875 3011.6484375 3262.6319270833333 75
760 0.1 3050.16796875 0.0 3509.296875 3011.6484375 3259.6296772203946 76
770 0.1 3087.5 0.0 3509.296875 3011.6484375 3256.9093952922076 77
780 0.1 3102.56640625 0.0 3509.296875 3011.6484375 3254.7374799679483 78
790 0.1 3142.0859375 0.0 3509.296875 3011.6484375 3252.8112638449365 79
800 0.1 3162.55078125 0.0 3509.296875 3011.6484375 3251.427197265625 80
810 0.1 3173.23046875 0.0 3509.296875 3011.6484375 3250.3299575617284 81
820 0.1 3174.3671875 0.0 3509.296875 3011.6484375 3249.3897198932927 82
830 0.1 3175.32421875 0.0 3509.296875 3011.6484375 3248.4858339608436 83
840 0.1 3175.375 0.0 3509.296875 3011.6484375 3247.6148623511904 84
850 0.1 3177.7421875 0.0 3509.296875 3011.6484375 3246.764981617647 85
860 0.1 3193.98828125 0.0 3509.296875 3011.6484375 3245.962390988372 86
870 0.1 3196.8125 0.0 3509.296875 3011.6484375 3245.364987428161 87
880 0.1 3205.1640625 0.0 3509.296875 3011.6484375 3244.8132546164775 88
890 0.1 3205.625 0.0 3509.296875 3011.6484375 3244.3677580758426 89
900 0.1 3206.7421875 0.0 3509.296875 3011.6484375 3243.9372829861113 90
910 0.1 3208.5234375 0.0 3509.296875 3011.6484375 3243.528545673077 91
920 0.1 3211.89453125 0.0 3509.296875 3011.6484375 3243.148055366848 92
930 0.1 3239.453125 0.0 3509.296875 3011.6484375 3242.811995967742 93
938 0.1 3260.5078125 0.0 3509.296875 3011.6484375 3242.7762632978724 94
