0 0.1 0.171875 0 0.171875 0.171875 0 0
10 0.1 0.1484375 0.0 0.171875 0.1484375 0.171875 1
20 0.1 0.12109375 0.0 0.171875 0.12109375 0.16015625 2
30 0.1 0.1015625 0.0 0.171875 0.1015625 0.14713541666666666 3
40 0.1 0.08984375 0.0 0.171875 0.08984375 0.1357421875 4
50 0.1 0.0703125 0.0 0.171875 0.0703125 0.1265625 5
60 0.1 0.05859375 0.0 0.171875 0.05859375 0.1171875 6
70 0.1 0.05078125 0.0 0.171875 0.05078125 0.10881696428571429 7
80 0.1 0.0390625 0.0 0.171875 0.0390625 0.1015625 8
90 0.1 0.0390625 0.0 0.171875 0.0390625 0.09461805555555555 9
100 0.1 0.03125 0.0 0.171875 0.03125 0.0890625 10
110 0.1 0.01953125 0.0 0.171875 0.01953125 0.08380681818181818 11
120 0.1 0.01953125 0.0 0.171875 0.01953125 0.07845052083333333 12
130 0.1 0.01953125 0.0 0.171875 0.01953125 0.07391826923076923 13
140 0.1 0.01171875 0.0 0.171875 0.01171875 0.07003348214285714 14
150 0.1 0.01171875 0.0 0.171875 0.01171875 0.06614583333333332 15
160 0.1 0.01171875 0.0 0.171875 0.01171875 0.06274414062499999 16
170 0.1 0.01171875 0.0 0.171875 0.01171875 0.05974264705882352 17
180 0.1 0.01171875 0.0 0.171875 0.01171875 0.05707465277777776 18
190 0.1 0.0 0.0 0.171875 0.0 0.054687499999999986 19
200 0.1 0.0 0.0 0.171875 0.0 0.05195312499999999 20
210 0.1 0.0 0.0 0.171875 0.0 0.04947916666666666 21
220 0.1 0.0 0.0 0.171875 0.0 0.047230113636363626 22
230 0.1 0.0703125 0.0 0.171875 0.0 0.0451766304347826 23
240 0.1 0.21875 0.0 0.21875 0.0 0.04622395833333332 24
250 0.1 0.26171875 0.0 0.26171875 0.0 0.05312499999999999 25
260 0.1 0.21875 0.0 0.26171875 0.0 0.06114783653846153 26
270 0.1 0.26171875 0.0 0.26171875 0.0 0.06698495370370369 27
280 0.1 0.21875 0.0 0.26171875 0.0 0.07393973214285714 28
290 0.1 0.19140625 0.0 0.26171875 0.0 0.07893318965517242 29
300 0.1 0.16015625 0.0 0.26171875 0.0 0.08268229166666667 30
310 0.1 0.2109375 0.0 0.26171875 0.0 0.08518145161290322 31
320 0.1 0.171875 0.0 0.26171875 0.0 0.089111328125 32
330 0.1 0.37890625 0.0 0.37890625 0.0 0.09161931818181818 33
340 0.1 0.3984375 0.0 0.3984375 0.0 0.10006893382352941 34
350 0.1 0.33984375 0.0 0.3984375 0.0 0.10859375 35
360 0.1 0.28125 0.0 0.3984375 0.0 0.1150173611111111 36
370 0.1 0.23828125 0.0 0.3984375 0.0 0.11951013513513513 37
380 0.1 0.3515625 0.0 0.3984375 0.0 0.12263569078947369 38
390 0.1 0.37890625 0.0 0.3984375 0.0 0.12850560897435898 39
400 0.1 0.46875 0.0 0.46875 0.0 0.134765625 40
410 0.1 0.55078125 0.0 0.55078125 0.0 0.14291158536585366 41
420 0.1 0.62109375 0.0 0.62109375 0.0 0.15262276785714285 42
430 0.1 0.828125 0.0 0.828125 0.0 0.16351744186046513 43
440 0.1 1.08984375 0.0 1.08984375 0.0 0.17862215909090912 44
450 0.1 1.23828125 0.0 1.23828125 0.0 0.19887152777777778 45
460 0.1 1.2109375 0.0 1.23828125 0.0 0.22146739130434784 46
470 0.1 1.08984375 0.0 1.23828125 0.0 0.24251994680851063 47
480 0.1 1.0703125 0.0 1.23828125 0.0 0.2601725260416667 48
490 0.1 1.0703125 0.0 1.23828125 0.0 0.27670599489795916 49
500 0.1 1.2109375 0.0 1.23828125 0.0 0.29257812499999997 50
510 0.1 1.25 0.0 1.25 0.0 0.3105851715686274 51
520 0.1 1.37109375 0.0 1.37109375 0.0 0.32865084134615385 52
530 0.1 1.3984375 0.0 1.3984375 0.0 0.3483195754716981 53
540 0.1 1.421875 0.0 1.421875 0.0 0.3677662037037037 54
550 0.1 1.4296875 0.0 1.4296875 0.0 0.38693181818181815 55
560 0.1 1.44140625 0.0 1.44140625 0.0 0.40555245535714285 56
570 0.1 1.37109375 0.0 1.44140625 0.0 0.4237253289473684 57
580 0.1 1.55078125 0.0 1.55078125 0.0 0.44005926724137934 58
590 0.1 1.4609375 0.0 1.55078125 0.0 0.458885063559322 59
600 0.1 1.46875 0.0 1.55078125 0.0 0.4755859375 60
610 0.1 1.390625 0.0 1.55078125 0.0 0.4918673155737705 61
620 0.1 1.328125 0.0 1.55078125 0.0 0.5063634072580645 62
630 0.1 1.28125 0.0 1.55078125 0.0 0.5194072420634921 63
640 0.1 1.23828125 0.0 1.55078125 0.0 0.53131103515625 64
650 0.1 1.19921875 0.0 1.55078125 0.0 0.5421875 65
660 0.1 1.23828125 0.0 1.55078125 0.0 0.5521425189393939 66
670 0.1 1.2109375 0.0 1.55078125 0.0 0.562383395522388 67
680 0.1 1.171875 0.0 1.55078125 0.0 0.5719209558823529 68
690 0.1 1.1484375 0.0 1.55078125 0.0 0.5806159420289855 69
700 0.1 1.12109375 0.0 1.55078125 0.0 0.5887276785714286 70
710 0.1 1.1015625 0.0 1.55078125 0.0 0.5962257922535211 71
720 0.1 1.16015625 0.0 1.55078125 0.0 0.6032443576388888 72
730 0.1 1.140625 0.0 1.55078125 0.0 0.6108732876712328 73
740 0.1 1.109375 0.0 1.55078125 0.0 0.6180320945945946 74
750 0.1 1.1015625 0.0 1.55078125 0.0 0.6245833333333334 75
760 0.1 1.078125 0.0 1.55078125 0.0 0.630859375 76
770 0.1 0.98828125 0.0 1.55078125 0.0 0.6366680194805194 77
780 0.1 0.83984375 0.0 1.55078125 0.0 0.6411758814102563 78
790 0.1 0.7109375 0.0 1.55078125 0.0 0.6436906645569619 79
800 0.1 0.6015625 0.0 1.55078125 0.0 0.6445312499999998 80
810 0.1 0.58984375 0.0 1.55078125 0.0 0.6440007716049381 81
820 0.1 0.48828125 0.0 1.55078125 0.0 0.6433403201219511 82
830 0.1 0.421875 0.0 1.55078125 0.0 0.6414721385542167 83
840 0.1 0.3515625 0.0 1.55078125 0.0 0.6388578869047618 84
850 0.1 0.30078125 0.0 1.55078125 0.0 0.6354779411764704 85
860 0.1 0.25 0.0 1.55078125 0.0 0.6315861191860463 86
870 0.1 0.2109375 0.0 1.55078125 0.0 0.6272000718390803 87
880 0.1 0.1796875 0.0 1.55078125 0.0 0.622469815340909 88
890 0.1 0.1484375 0.0 1.55078125 0.0 0.6174947331460673 89
900 0.1 0.12890625 0.0 1.55078125 0.0 0.612282986111111 90
910 0.1 0.109375 0.0 1.55078125 0.0 0.6069711538461537 91
920 0.1 0.171875 0.0 1.55078125 0.0 0.6015624999999999 92
930 0.1 0.140625 0.0 1.55078125 0.0 0.5969422043010751 93
938 0.1 0.12109375 0.0 1.55078125 0.0 0.5920877659574466 94
