0 1.9 9.738947368421051 3.847865101499165 20.222 6.53 0 0
10 3.6 54.78891666666669 86.85487006763223 457.926 6.53 9.738947368421051 19
20 8.8 43.03903409090909 37.769084983756244 457.926 6.135 39.22620000000001 55
30 14.1 43.18530496453902 33.579223050360504 457.926 5.861 41.572559440559445 143
40 19.2 38.89698437500001 29.278246367375118 457.926 5.861 42.37325352112677 284
50 18.8 44.51676595744678 39.383074147492934 457.926 5.861 40.97106092436976 476
60 19.8 76.50322222222222 152.53682056421493 952.755 5.861 41.97496536144578 664
70 19.1 43.17295287958114 44.743404946215556 952.755 5.861 49.90604988399072 862
80 21.6 38.01775462962969 34.018499414942205 952.755 5.861 48.684756885090216 1053
90 23.4 40.51274358974357 34.79957564608983 952.755 5.789 46.86909692671396 1269
100 29.9 40.39620066889631 29.40286811527998 952.755 5.789 45.87948502994013 1503
110 31.4 40.40680573248405 33.250974619169895 952.755 5.789 44.96966148723641 1802
120 30.6 41.350722222222196 39.34753134898608 952.755 5.789 44.29256474480151 2116
130 28.2 39.32706737588648 30.973545792555715 952.755 5.741 43.920886870355076 2422
140 29 37.839537931034464 30.28279843193576 952.755 5.488 43.441797707100584 2704
150 27.5 43.890770909090904 32.02172664895265 952.755 5.488 42.899160654642614 2994
160 30.8 39.82307142857142 33.00326865897855 952.755 5.488 42.982578464362184 3269
170 31.2 42.28194230769229 36.65888217679037 952.755 5.488 42.71052697791444 3577
180 32.3 38.45931578947366 32.70798414631751 952.755 5.488 42.67614322447929 3889
190 36.5 41.7716493150685 40.21002356501345 952.755 5.488 42.35277302943968 4212
200 44 44.89369090909092 38.18352078622052 952.755 5.245 42.306430412934226 4577
210 55.7 43.631307001795406 35.826498678982816 952.755 5.245 42.533337851305554 5017
220 62 46.551022580645196 37.54748998100517 952.755 4.949 42.64305597416577 5574
230 66 52.71361363636364 47.002306515397606 952.755 4.949 43.03423119147563 6194
240 73.3 56.60868212824016 52.11152682600751 952.755 4.949 43.96629894951853 6854
250 84.4 61.09193957345968 53.97791643444725 952.755 4.949 45.18771279820747 7587
260 93.7 61.28400106723585 52.49192667858642 952.755 4.949 46.77983323449176 8431
270 101.3 77.4546041461006 74.06447100802244 952.755 4.949 48.23055967122118 9368
280 100.8 77.38898115079371 70.7329893938319 952.755 4.949 51.082303920624206 10381
290 108.8 86.84116636029407 84.81212492988334 952.755 4.949 53.41061462814997 11389
300 112.6 88.90819626998208 81.20290477570428 952.755 4.949 56.32577374368838 12477
310 72.8 372.2059560439557 868.3791978841429 5554.316 4.949 59.022811732706 13603
320 63.4 2129.445533123029 3553.7822745867925 15037.72 1.326 74.93219203126087 14331
330 134.9 1530.7424714603367 2905.3732732740273 15416.44 1.205 161.9727171399933 14965
340 145.4 688.4867221458034 524.4706249858589 15416.44 1.205 275.15589714355735 16314
350 140.5 1301.3583508896784 708.9288528010571 15416.44 1.205 308.9797951373251 17768
360 135.7 1850.4312498157706 1138.9198135893741 15416.44 0.709 381.70142820633134 19173
370 142.8 2324.992955882352 1678.2837422158727 15416.44 0.709 478.7821085728199 20530
380 174.7 2154.569354894109 1618.6352216768882 15416.44 0.663 598.8471914564165 21958
390 215.6 1779.0485802411918 1562.7921253888005 15416.44 0.663 713.5000756380512 23705
400 262.9 1451.298756941804 1556.4401328788867 15416.44 0.663 802.3335536908863 25861
410 302.3 1289.6326864042364 1595.5984923862534 15416.44 0.635 862.2187597051603 28490
420 316.8 1148.2494381313113 1574.1243699776962 15416.44 0.635 903.2200068225818 31513
430 352.4 1087.668094494894 1504.8850128954223 15416.44 0.635 925.6026727891358 34681
440 354.4 1108.3133270315975 1514.4097071064625 15416.44 0.635 940.5514634210189 38205
450 354.2 1099.2803023715367 1490.2758808709364 15416.44 0.635 954.7924762509283 41749
460 355.4 1067.431227630837 1471.2046417074482 15416.44 0.628 966.0922020268926 45291
470 368.1 1067.2677671828337 1479.6392050401741 15416.44 0.628 973.4657079537309 48845
480 382 999.9142986910982 1419.4955299327253 15416.44 0.628 980.039316833568 52526
490 408.7 951.6152576461941 1422.1461939274423 15416.44 0.628 981.3867493167214 56346
500 406.4 893.1098516240164 1464.0428658356896 15416.44 0.628 979.3733446130423 60433
510 439.2 896.0866867030963 1425.1939047446022 15416.44 0.628 973.9378230305283 64497
520 461.7 854.1631364522397 1391.1745305432307 15416.44 0.628 968.9744443960573 68889
530 478.4 804.8145750418058 1356.7384289026763 15416.44 0.628 961.7630084754985 73506
540 486.6 800.655705918623 1393.6500095008194 15416.44 0.628 952.1724949291096 78290
550 509.3 774.4292538778727 1306.1623695236503 15416.44 0.628 943.3062592356537 83156
560 525.5 735.9478289248349 1325.6779095512204 15416.44 0.628 933.5600798082701 88249
570 521.7 699.3646494153733 1347.3638749314314 15416.44 0.628 922.4541123802194 93504
580 562.3 702.2451011915342 1324.0354797402185 15416.44 0.628 910.6647491415204 98721
590 604.6 651.3488470062881 1253.7627681699482 15416.44 0.628 899.4332103810476 104344
600 629.9 618.5881203365625 1204.1164886551478 15416.44 0.628 885.8457653138876 110390
610 651.1 618.0106370757187 1278.1622141143218 15416.44 0.628 871.4189049781904 116689
620 659.2 603.9413184162628 1176.8812636527455 15416.44 0.628 858.0265248457797 123200
630 691.2 566.3249979745336 1151.0872905929518 15416.44 0.628 845.1218028229788 129792
640 712.7 580.9175876245256 1174.341271020909 15416.44 0.628 831.0253351621024 136704
650 685.4 533.0366479428069 1092.7787738537256 15416.44 0.628 818.6321937899343 143831
660 723.1 553.7910726040697 1121.6199961666998 15416.44 0.628 805.6417045492256 150685
670 711.8 563.2516441416133 1187.97740578329 15416.44 0.628 794.1094220724948 157916
680 694.3 563.9187601901185 1215.7758703345407 15416.44 0.628 784.1524091944696 165034
690 702.1 565.3458668280898 1164.9443680413253 15416.44 0.628 775.2612073184209 171977
700 734.6 545.7280134767226 1173.3364729834748 15416.44 0.628 767.0275085866888 178998
710 712.4 528.6452391914627 1104.2996352334185 15416.44 0.628 758.3035030320275 186344
720 762.1 538.9931550977564 1222.8000099981666 15416.44 0.628 749.8468824456763 193468
730 638.9 593.4302188135878 1351.7856598341466 15416.44 0.628 741.8558125407164 201089
740 527.5 770.6641254976308 1433.2673480203325 15416.44 0.628 737.2852502723186 207478
750 377.9 1029.7610743582968 1656.9697817662982 15416.44 0.628 738.1128464369486 212753
760 226.3 1620.7994927087896 1913.4205235439829 15416.44 0.628 743.202803825763 216532
770 131 2698.2315847328223 1996.8083332611122 15416.44 0.628 752.279799675496 218795
780 119.4 1604.1434505862633 1340.360354844647 15416.44 0.628 763.86153038777 220105
790 50.2 922.8133884462164 759.2627900066645 15416.44 0.628 768.3952002765494 221299
800 28.1 155.390590747331 601.1814519841332 15416.44 0.628 768.7446934278931 221801
810 7.1 72.29298591549296 89.39794910028878 15416.44 0.628 767.9686174611186 222082
820 1 3976.3445 11764.70615375317 39270.052 0.628 767.7462798386703 222153
830 0.1 1.742 0.0 39270.052 0.628 767.8907052479491 222163
840 0.8 59050.81725 2894.1129830117957 60541.863 0.628 767.8872566752495 222164
850 28.6 25274.386381118915 29618.98440368556 62452.184 0.628 769.9859164521188 222172
860 10.6 652.6598584905668 5793.416919264785 62452.184 0.628 801.4896543841988 222458
870 4 55.01554999999998 60.68317174470612 62452.184 0.628 801.4187715892962 222564
880 0.5 7.641799999999999 3.0301130275948456 62452.184 0.628 801.2846494312776 222604
890 0.7 8589.714285714284 20992.228316421722 62452.184 0.628 801.2668234932106 222609
900 0.4 15038.170250000001 25959.415304414255 62452.184 0.628 801.5117256216988 222616
910 15.8 21007.84487341772 28499.848041959536 62452.184 0.628 801.767527589615 222620
920 11.7 1564.3155982905973 9247.966560090905 62452.184 0.628 816.0982075519132 222778
930 2.2 50.16177272727273 51.14431347661049 62452.184 0.628 816.490954965343 222895
938 0.3 55.40866666666667 54.945809869563504 62452.184 0.628 816.4153248339073 222917
