10 0.1 240 0 240 240 0 0
20 0.1 590.0 0.0 590 240 240.0 1
30 0.1 1230.0 0.0 1230 240 415.0 2
40 0.1 1880.0 0.0 1880 240 686.6666666666666 3
50 0.1 2088.0 0.0 2088 240 985.0 4
60 0.1 2184.0 0.0 2184 240 1205.6 5
70 0.1 2242.0 0.0 2242 240 1368.6666666666667 6
80 0.1 2087.0 0.0 2242 240 1493.4285714285713 7
90 0.1 2363.0 0.0 2363 240 1567.625 8
100 0.1 2842.0 0.0 2842 240 1656.0 9
110 0.1 3506.0 0.0 3506 240 1774.6 10
120 0.1 3542.0 0.0 3542 240 1932.0 11
130 0.1 3279.0 0.0 3542 240 2066.1666666666665 12
140 0.1 3216.0 0.0 3542 240 2159.4615384615386 13
150 0.1 3083.0 0.0 3542 240 2234.9285714285716 14
160 0.1 3322.0 0.0 3542 240 2291.4666666666667 15
170 0.1 3681.0 0.0 3681 240 2355.875 16
180 0.1 3286.0 0.0 3681 240 2433.823529411765 17
190 0.1 3592.0 0.0 3681 240 2481.1666666666665 18
200 0.1 4302.0 0.0 4302 240 2539.6315789473683 19
210 0.1 5306.0 0.0 5306 240 2627.75 20
220 0.1 6484.0 0.0 6484 240 2755.285714285714 21
230 0.1 7415.0 0.0 7415 240 2924.7727272727275 22
240 0.1 7958.0 0.0 7958 240 3120.0 23
250 0.1 9175.0 0.0 9175 240 3321.5833333333335 24
260 0.1 9987.0 0.0 9987 240 3555.72 25
270 0.1 11065.0 0.0 11065 240 3803.076923076923 26
280 0.1 12105.0 0.0 12105 240 4072.037037037037 27
290 0.1 12174.0 0.0 12174 240 4358.928571428572 28
300 0.1 12828.0 0.0 12828 240 4628.413793103448 29
310 0.1 13398.0 0.0 13398 240 4901.733333333334 30
320 0.1 7649.0 0.0 13398 240 5175.806451612903 31
330 0.1 6890.0 0.0 13398 240 5253.09375 32
340 0.1 17249.0 0.0 17249 240 5302.69696969697 33
350 0.1 18484.0 0.0 18484 240 5654.058823529412 34
360 0.1 17285.0 0.0 18484 240 6020.628571428571 35
370 0.1 16472.0 0.0 18484 240 6333.527777777777 36
380 0.1 16770.0 0.0 18484 240 6607.540540540541 37
390 0.1 19359.0 0.0 19359 240 6874.973684210527 38
400 0.1 22319.0 0.0 22319 240 7195.076923076923 39
410 0.1 25012.0 0.0 25012 240 7573.175 40
420 0.1 26409.0 0.0 26409 240 7998.512195121952 41
430 0.1 28340.0 0.0 28340 240 8436.857142857143 42
440 0.1 28751.0 0.0 28751 240 8899.720930232557 43
450 0.1 28302.0 0.0 28751 240 9350.886363636362 44
460 0.1 28361.0 0.0 28751 240 9772.02222222222 45
470 0.1 28490.0 0.0 28751 240 10176.130434782606 46
480 0.1 30239.0 0.0 30239 240 10565.787234042551 47
490 0.1 3.09e4 0.0 30900 240 10975.64583333333 48
500 0.1 31272.0 0.0 31272 240 11382.265306122446 49
510 0.1 31950.0 0.0 31950 240 11780.059999999998 50
520 0.1 33329.0 0.0 33329 240 12175.54901960784 51
530 0.1 34276.0 0.0 34276 240 12582.346153846152 52
540 0.1 34316.0 0.0 34316 240 12991.660377358488 53
550 0.1 35126.0 0.0 35126 240 13386.555555555553 54
560 0.1 37206.0 0.0 37206 240 13781.81818181818 55
570 0.1 36911.0 0.0 37206 240 14200.107142857141 56
580 0.1 37631.0 0.0 37631 240 14598.54385964912 57
590 0.1 40220.0 0.0 40220 240 14995.655172413792 58
600 0.1 41633.0 0.0 41633 240 15423.186440677964 59
610 0.1 42715.0 0.0 42715 240 15860.016666666665 60
620 0.1 42892.0 0.0 42892 240 16300.262295081966 61
630 0.1 44425.0 0.0 44425 240 16729.16129032258 62
640 0.1 46235.0 0.0 46235 240 17168.777777777777 63
650 0.1 48108.0 0.0 48108 240 17622.9375 64
660 0.1 48342.0 0.0 48342 240 18091.938461538462 65
670 0.1 47184.0 0.0 48342 240 18550.272727272728 66
680 0.1 44632.0 0.0 48342 240 18977.641791044774 67
690 0.1 45099.0 0.0 48342 240 19354.91176470588 68
700 0.1 47002.0 0.0 48342 240 19728.014492753624 69
710 0.1 48101.0 0.0 48342 240 20117.64285714286 70
720 0.1 48689.0 0.0 48689 240 20511.774647887323 71
730 0.1 46331.0 0.0 48689 240 20903.125 72
740 0.1 41829.0 0.0 48689 240 21251.45205479452 73
750 0.1 32439.0 0.0 48689 240 21529.527027027027 74
760 0.1 24415.0 0.0 48689 240 21674.986666666668 75
770 0.1 14496.0 0.0 48689 240 21711.03947368421 76
780 0.1 10781.0 0.0 48689 240 21617.33766233766 77
790 0.1 9454.0 0.0 48689 240 21478.410256410254 78
800 0.1 3997.0 0.0 48689 240 21326.202531645566 79
810 0.1 1676.0 0.0 48689 240 21109.587499999998 80
820 0.1 214.0 0.0 48689 214 20869.666666666664 81
830 0.1 32.0 0.0 48689 32 20617.768292682926 82
840 0.1 10.0 0.0 48689 10 20369.746987951807 83
850 0.1 693.0 0.0 48689 10 20127.369047619046 84
860 0.1 1523.0 0.0 48689 10 19898.729411764703 85
870 0.1 610.0 0.0 48689 10 19685.05813953488 86
880 0.1 140.0 0.0 48689 10 19465.804597701146 87
890 0.1 43.0 0.0 48689 10 19246.19318181818 88
900 0.1 41.0 0.0 48689 10 19030.426966292132 89
910 0.1 131.0 0.0 48689 10 18819.43333333333 90
920 0.1 1455.0 0.0 48689 10 18614.065934065933 91
930 0.1 505.0 0.0 48689 10 18427.554347826088 92
938 0.1 110.0 0.0 48689 10 18234.83870967742 93
