0 1.9 9.738947368421051 3.847865101499165 20.222 6.53 0 0
10 4.9 40.20363265306123 52.058674577862924 318.48 6.53 9.738947368421051 19
20 13.6 27.797669117647064 23.083856800693617 318.48 5.495 31.69144117647059 68
30 22.4 27.13585714285716 21.460431913780777 318.48 5.475 29.0955931372549 204
40 29 25.709524137931023 20.589300718001905 318.48 4.777 28.06993691588786 428
50 29 29.08146551724136 26.33045443523625 318.48 4.777 27.116566852367686 718
60 29.6 50.86148310810811 123.89293583192615 952.755 4.777 27.68186507936507 1008
70 27.9 29.514383512544807 33.39257694345562 952.755 4.777 32.94349616564417 1304
80 31.8 25.783864779874214 21.317060143042543 952.755 4.777 32.33912318382817 1583
90 35.4 26.755254237288177 21.940679782916785 952.755 4.777 31.242557075223566 1901
100 46.7 25.80663383297648 19.30478827779534 952.755 4.777 30.538120177383597 2255
110 47.6 26.612777310924354 21.76352823356311 952.755 4.777 29.726362601028665 2722
120 45.1 28.21673835920177 28.396056235306403 952.755 4.777 29.262927141963733 3198
130 41.5 26.47811566265057 19.285484137942056 952.755 4.777 29.13362291038641 3649
140 42.9 25.57762470862471 19.02115040252245 952.755 4.612 28.86245275590551 4064
150 42.8 28.09809813084111 21.575984415542102 952.755 4.612 28.548811261963056 4493
160 46.1 26.5782798264642 22.622491030737464 952.755 4.612 28.50961085145296 4921
170 45.9 28.679215686274517 24.512069745280346 952.755 4.612 28.34418097361576 5382
180 47.5 26.114206315789456 22.046199490771823 952.755 4.612 28.370508816983396 5841
190 54.1 28.37173937153419 26.467060417205474 952.755 4.612 28.20082172260925 6316
200 66.7 29.493826086956492 25.3632018119295 952.755 4.612 28.21430669388946 6857
210 84 28.820626190476197 24.683851438035934 952.755 4.612 28.327735645933014 7524
220 94.4 30.529641949152573 25.380492559910365 952.755 4.505 28.377236848397896 8364
230 97.4 35.67539425051332 33.67909375546696 952.755 4.505 28.595529759346803 9308
240 110.8 37.4203104693142 35.85243247666552 952.755 4.505 29.266195779031317 10282
250 128.5 40.35808793774316 38.85450985664405 952.755 4.505 30.05941431079896 11390
260 140.4 40.58922364672363 36.957327160720254 952.755 4.505 31.103500749506914 12675
270 152.8 51.37170549738221 53.40468045081179 952.755 4.505 32.04944541515734 14079
280 151.5 51.47516963696374 51.11250441205372 952.755 4.505 33.941187159607885 15607
290 163.2 57.87754166666672 62.075765896882295 952.755 4.505 35.492640462562804 17122
300 168.2 59.50756361474439 59.30727304329681 952.755 4.446 37.440606697237946 18754
310 110.7 265.8862981029811 734.6650105397712 5244.589 0.756 39.25684380504994 20436
320 93.1 1678.8683533834585 3216.721288688393 11264.132 0.379 50.90233449380312 21543
330 202.6 911.379325765056 1906.8756537538836 11391.768 0.379 118.34188079558604 22474
340 225.4 458.9205980479151 332.51250094377195 11391.768 0.379 183.92122216326547 24500
350 215.9 880.6290148216765 318.56016698448155 11391.768 0.379 207.0896677506169 26754
360 205.5 1302.1616170316313 687.6629849923831 11391.768 0.379 257.3843950472107 28913
370 212.6 1597.508429915331 996.5926119854038 11391.768 0.379 326.7145807607855 30968
380 261 1401.8465164750917 838.103383667122 11391.768 0.379 408.35196890675047 33094
390 328.9 1167.20255153542 921.1372922102393 11391.768 0.379 480.9774665863766 35704
400 398 947.2268499999988 944.2075957011988 11391.768 0.379 538.8595045008075 38993
410 460.6 852.8629763352163 1007.6528396645926 11391.768 0.379 576.6809746119652 42973
420 480.9 751.3586685381559 991.3462717985486 11391.768 0.377 603.4174402782737 47579
430 532.6 720.6981601577136 977.6691860321333 11391.768 0.377 616.9978282812854 52388
440 529.1 736.6637374787382 988.8791410747788 11391.768 0.377 626.5675681637032 57714
450 522.8 738.8730321346579 981.2137971230019 11391.768 0.377 635.8131650503923 63005
460 531.2 723.5136553087365 995.6351790155356 11391.768 0.377 643.7095932466689 68233
470 552.5 708.5605493212653 972.363053503067 11391.768 0.376 649.4736720783188 73545
480 576.6 663.6352336108209 911.7504813242916 11391.768 0.376 653.6023554824832 79070
490 613.6 631.6454014015663 938.9168161026641 11391.768 0.376 654.2842543849301 84836
500 609.8 594.2765431288951 973.9062882475788 11391.768 0.376 652.75727903091 90972
510 660.5 594.2817218773665 944.8420660134797 11391.768 0.376 649.0834814875858 97070
520 696.4 563.417806002295 922.0103126346503 11391.768 0.376 645.5921323462741 103675
530 718 538.0402972144849 922.9865272090954 11391.768 0.371 640.4197970155185 110639
540 728.6 530.7749596486407 948.7465416432302 11391.768 0.371 634.1806945908551 117819
550 762 522.9836560367444 883.5850695025093 11391.768 0.371 628.158439806562 125105
560 784.6 488.94660451185524 901.4483022949433 11391.768 0.371 622.1201512224519 132725
570 776.9 472.25977847856865 938.7401370153416 11391.768 0.371 614.6870416373217 140571
580 848 460.8375509433953 869.564765589056 11391.768 0.371 607.2277089726301 148340
590 914.3 432.2624647271141 858.9934141131207 11391.768 0.371 599.311699917102 156820
600 947.2 409.35661655405545 831.4310107844595 11391.768 0.371 590.1088585769114 165963
610 975.9 407.264446767087 874.4751641111163 11391.768 0.371 580.3497726679394 175435
620 984.4 407.29651351076785 834.3708564526524 11391.768 0.371 571.2288524682223 185194
630 1030.4 375.0690431871112 793.6336518801148 11391.768 0.371 562.9548241009442 195038
640 1083 378.06881505078377 802.6759838072238 11391.768 0.371 553.5267719414437 205342
650 1042.6 351.2165719355434 762.0845790501075 11391.768 0.371 544.7365045935641 216172
660 1085.7 367.44941954499467 787.891636025553 11391.768 0.371 535.8324594656613 226598
670 1055.4 379.3215531552033 843.57699675949 11391.768 0.371 528.1335916194644 237455
680 1028.3 379.77322201691993 860.1784682498795 11391.768 0.371 521.8009091202332 248009
690 1058.1 370.98570550987637 785.1381256993842 11391.768 0.371 516.1465694330443 258292
700 1101.1 362.81983234946625 812.4915440584253 11391.768 0.371 510.43403191097616 268873
710 1076.6 348.03524893182345 769.4065913328927 11391.768 0.371 504.62669761758394 279884
720 1167.9 355.8035661443623 832.0661015112463 11391.768 0.371 498.8263757990706 290650
730 979.9 381.5949937748759 906.7053775934517 11391.768 0.371 493.3013901246651 302329
740 796.8 512.9248899347402 1000.1496476472452 11391.768 0.371 489.79446034639597 312128
750 553.9 694.5155703195562 1111.6069466935503 11391.768 0.371 490.3702353106564 320096
760 319 1163.5686401253863 1317.3988766470234 11391.768 0.371 493.84271526709324 325635
770 180.5 1930.3800227146817 1201.638564647829 11391.768 0.371 500.33986633619674 328825
780 162 1064.38743580247 755.4641846526588 11391.768 0.371 508.14684840758525 330630
790 67.5 684.3535303703712 550.7309276575687 11391.768 0.371 510.8589921294203 332250
800 36.3 119.59177410468317 530.1339247544666 11391.768 0.371 511.210749472103 332925
810 7.9 64.95667088607594 86.61753221084486 11391.768 0.371 510.78421839970207 333288
820 1.2 3313.5807499999996 10839.927504164287 39265.11 0.371 510.67856794163754 333367
830 0.2 5.808999999999999 4.067 39265.11 0.371 510.77945859817174 333379
840 0.8 58927.395625000005 2839.8302721502096 60001.379 0.371 510.77642920862286 333381
850 39.6 18221.55198989898 27549.05039779797 60006.675 0.371 512.178193974606 333389
860 14.3 483.88657342657393 4996.05825851107 60006.675 0.371 533.1884611321656 333785
870 4.7 46.56908510638296 56.829591301756444 60006.675 0.371 533.1673482876545 333928
880 0.9 4.135111111111112 3.145970489529051 60006.675 0.371 533.0988697537238 333975
890 0.8 7514.704874999999 19837.542890796874 60006.675 0.371 533.0846155564335 333984
900 0.4 15038.170250000001 25959.415304414255 60006.675 0.371 533.2518439992572 333992
910 21.1 15730.39954028436 26289.419344955666 60042.89 0.371 533.4255576773371 333996
920 14.3 1279.792321678321 8386.006561566477 60042.89 0.371 543.0200949261981 334207
930 2.7 40.84474074074075 47.8124970271353 60042.89 0.371 543.3352091132043 334350
938 0.3 55.40866666666667 54.945809869563504 60042.89 0.371 543.2946344246161 334377
