10 0.1 192 0 192 192 0 0
20 0.1 349.0 0.0 349 192 192.0 1
30 0.1 626.0 0.0 626 192 270.5 2
40 0.1 931.0 0.0 931 192 389.0 3
50 0.1 1109.0 0.0 1109 192 524.5 4
60 0.1 1136.0 0.0 1136 192 641.4 5
70 0.1 1203.0 0.0 1203 192 723.8333333333334 6
80 0.1 1129.0 0.0 1203 192 792.2857142857143 7
90 0.1 1268.0 0.0 1268 192 834.375 8
100 0.1 1438.0 0.0 1438 192 882.5555555555555 9
110 0.1 1812.0 0.0 1812 192 938.1 10
120 0.1 1803.0 0.0 1812 192 1017.5454545454545 11
130 0.1 1684.0 0.0 1812 192 1083.0 12
140 0.1 1682.0 0.0 1812 192 1129.2307692307693 13
150 0.1 1655.0 0.0 1812 192 1168.7142857142858 14
160 0.1 1669.0 0.0 1812 192 1201.1333333333334 15
170 0.1 1932.0 0.0 1932 192 1230.375 16
180 0.1 1728.0 0.0 1932 192 1271.6470588235295 17
190 0.1 1955.0 0.0 1955 192 1297.0 18
200 0.1 2297.0 0.0 2297 192 1331.6315789473683 19
210 0.1 2738.0 0.0 2738 192 1379.9 20
220 0.1 3377.0 0.0 3377 192 1444.5714285714287 21
230 0.1 3907.0 0.0 3907 192 1532.409090909091 22
240 0.1 4276.0 0.0 4276 192 1635.6521739130435 23
250 0.1 4821.0 0.0 4821 192 1745.6666666666667 24
260 0.1 5308.0 0.0 5308 192 1868.68 25
270 0.1 5718.0 0.0 5718 192 2000.9615384615386 26
280 0.1 6354.0 0.0 6354 192 2138.6296296296296 27
290 0.1 6230.0 0.0 6354 192 2289.1785714285716 28
300 0.1 6585.0 0.0 6585 192 2425.0689655172414 29
310 0.1 7124.0 0.0 7124 192 2563.733333333333 30
320 0.1 4362.0 0.0 7124 192 2710.8387096774195 31
330 0.1 4627.0 0.0 7124 192 2762.4375 32
340 0.1 9225.0 0.0 9225 192 2818.939393939394 33
350 0.1 9752.0 0.0 9752 192 3007.3529411764707 34
360 0.1 9057.0 0.0 9752 192 3200.057142857143 35
370 0.1 9003.0 0.0 9752 192 3362.75 36
380 0.1 9858.0 0.0 9858 192 3515.189189189189 37
390 0.1 11617.0 0.0 11617 192 3682.1052631578946 38
400 0.1 13776.0 0.0 13776 192 3885.5641025641025 39
410 0.1 16171.0 0.0 16171 192 4132.825 40
420 0.1 18534.0 0.0 18534 192 4426.4390243902435 41
430 0.1 20251.0 0.0 20251 192 4762.333333333333 42
440 0.1 20921.0 0.0 20921 192 5122.53488372093 43
450 0.1 20926.0 0.0 20926 192 5481.590909090909 44
460 0.1 20837.0 0.0 20926 192 5824.8 45
470 0.1 21150.0 0.0 21150 192 6151.152173913043 46
480 0.1 22262.0 0.0 22262 192 6470.276595744681 47
490 0.1 22782.0 0.0 22782 192 6799.270833333333 48
500 0.1 23464.0 0.0 23464 192 7125.448979591837 49
510 0.1 24752.0 0.0 24752 192 7452.22 50
520 0.1 25753.0 0.0 25753 192 7791.431372549019 51
530 0.1 26655.0 0.0 26655 192 8136.846153846154 52
540 0.1 27274.0 0.0 27274 192 8486.245283018869 53
550 0.1 28253.0 0.0 28253 192 8834.166666666668 54
560 0.1 29096.0 0.0 29096 192 9187.236363636364 55
570 0.1 29943.0 0.0 29943 192 9542.75 56
580 0.1 31003.0 0.0 31003 192 9900.649122807017 57
590 0.1 32318.0 0.0 32318 192 10264.48275862069 58
600 0.1 34342.0 0.0 34342 192 10638.271186440677 59
610 0.1 35713.0 0.0 35713 192 11033.333333333334 60
620 0.1 36317.0 0.0 36317 192 11437.918032786885 61
630 0.1 36964.0 0.0 36964 192 11839.193548387097 62
640 0.1 38969.0 0.0 38969 192 12238.0 63
650 0.1 40504.0 0.0 40504 192 12655.671875 64
660 0.1 40728.0 0.0 40728 192 13084.107692307693 65
670 0.1 40458.0 0.0 40728 192 13502.954545454546 66
680 0.1 38648.0 0.0 40728 192 13905.268656716418 67
690 0.1 38558.0 0.0 40728 192 14269.132352941177 68
700 0.1 39926.0 0.0 40728 192 14621.144927536232 69
710 0.1 41118.0 0.0 41118 192 14982.642857142857 70
720 0.1 42053.0 0.0 42053 192 15350.74647887324 71
730 0.1 40221.0 0.0 42053 192 15721.611111111111 72
740 0.1 36045.0 0.0 42053 192 16057.219178082192 73
750 0.1 27326.0 0.0 42053 192 16327.324324324325 74
760 0.1 18609.0 0.0 42053 192 16473.97333333333 75
770 0.1 10807.0 0.0 42053 192 16502.06578947368 76
780 0.1 6983.0 0.0 42053 192 16428.10389610389 77
790 0.1 5457.0 0.0 42053 192 16307.012820512815 78
800 0.1 2188.0 0.0 42053 192 16169.670886075943 79
810 0.1 1.0e3 0.0 42053 192 15994.899999999994 80
820 0.1 150.0 0.0 42053 150 15809.777777777772 81
830 0.1 23.0 0.0 42053 23 15618.804878048775 82
840 0.1 10.0 0.0 42053 10 15430.903614457826 83
850 0.1 560.0 0.0 42053 10 15247.321428571424 84
860 0.1 1197.0 0.0 42053 10 15074.5294117647 85
870 0.1 407.0 0.0 42053 10 14913.162790697668 86
880 0.1 113.0 0.0 42053 10 14746.425287356316 87
890 0.1 42.0 0.0 42053 10 14580.136363636359 88
900 0.1 38.0 0.0 42053 10 14416.786516853927 89
910 0.1 103.0 0.0 42053 10 14257.022222222216 90
920 0.1 1049.0 0.0 42053 10 14101.483516483511 91
930 0.1 353.0 0.0 42053 10 13959.608695652169 92
938 0.1 78.0 0.0 42053 10 13813.301075268811 93
