40 0.5 43019.327399999995 3357.2386552835137 46539.172 38567.609 0 0
50 0.9 45114.72422222222 5142.856394314822 53543.174 36973.131 43019.327399999995 5
60 0.9 51950.705888888886 6964.111016504921 62430.765 36973.131 44366.368214285714 14
70 1.1 50624.12827272728 7968.079041428459 69655.44 36973.131 47334.152521739124 23
80 0.9 46168.376888888895 5190.453173650004 69655.44 36973.131 48398.55644117647 34
90 1.1 53631.9550909091 11017.659793684768 80204.455 36973.131 47931.77467441861 43
100 0.5 61817.3544 20029.341293327023 89773.961 36973.131 49092.92253703704 54
110 1.7 44632.58494117648 5931.410115353721 89773.961 36973.131 50171.264220338984 59
120 1.7 51069.5068235294 11579.703984536594 89773.961 34452.964 48932.34911842106 76
130 1.6 51617.783875 12107.587717611908 89773.961 34452.964 49323.01235483871 93
140 1.7 47002.75076470588 10105.093388421426 89773.961 34452.964 49659.85955045872 109
150 1 49915.6607 9425.62928623578 89773.961 34452.964 49301.36074603175 126
160 1.1 50665.122 8471.298074644734 89773.961 34452.964 49346.529860294126 136
170 2 52222.87699999999 13500.22200426313 91106.618 34452.964 49445.20002040817 147
180 1.7 47023.69005882351 7545.551441147313 91106.618 34452.964 49777.85594610779 167
190 1.2 49259.587250000004 5348.269489608595 91106.618 34452.964 49523.39496739131 184
200 1.2 45062.27258333333 6055.948571674557 91106.618 34452.964 49507.2434744898 196
210 2.1 51536.82747619047 10522.397124753863 91106.618 34452.964 49250.80284615385 208
220 1.8 47270.04849999999 9677.392407276664 91106.618 34241.945 49460.43829257642 229
230 3.6 48723.604333333315 7894.220319534065 91106.618 34241.945 49300.81474493927 247
240 3 47255.29073333334 10058.451716218364 91106.618 34241.945 49227.388685512364 283
250 2.8 48283.79710714287 8267.07691608542 91106.618 34241.945 49038.369712460066 313
260 3.7 49591.149108108104 8383.703716880336 91106.618 34241.945 48976.41067155425 341
270 4.6 50828.38089130436 9353.570870431136 91106.618 34241.945 49036.58348148147 378
280 5 50631.88746000001 12073.370602901745 92801.076 34241.945 49230.976596698114 424
290 4.2 48853.2006190476 9408.19219500048 92801.076 32561.06 49378.75200421941 474
300 5.4 51800.150555555556 11266.705292998358 92801.076 32561.06 49335.97456589147 516
310 3.2 53918.858562500005 11918.683548636427 92801.076 32561.06 49569.422817543855 570
320 2.5 55677.63692 7761.157737216831 92801.076 32561.06 49800.62205980066 602
330 4.3 59927.544139534875 6471.909805755861 92801.076 32561.06 50034.95279585326 627
340 3.7 64648.97267567565 10629.480438165676 97295.976 32561.06 50669.85044925373 670
350 4.9 67099.51459183673 11997.091653279196 103902.913 32561.06 51401.431103253184 707
360 3.2 66909.15856249997 11976.076115372758 103902.913 32561.06 52418.89947751322 756
370 4 74609.90275000002 11933.965660405403 122020.521 32561.06 53007.33639467005 788
380 6.1 78726.13218032786 9852.789581965722 122020.521 32561.06 54050.938634057966 828
390 6 82236.01328333332 11392.664495237907 122020.521 32561.06 55744.06215073115 889
400 6.9 80146.05892753626 11940.911584036196 122510.948 32561.06 57419.001105374075 949
410 10.7 79598.28674766347 14226.893656870985 122510.948 32561.06 58959.44019155206 1018
420 11.8 79574.82766949158 17069.506254295284 143559.109 32561.06 60922.423819555544 1125
430 15.6 78964.48736538462 16378.119132338805 152413.18 32561.06 62693.12667900241 1243
440 16 75432.84982500003 16601.366242605356 155726.512 32561.06 64507.51714867762 1399
450 21.2 73038.08652830195 14214.940267582533 155726.512 32561.06 65628.78284990379 1559
460 18.2 70976.84393406597 14332.176965706967 155726.512 32561.06 66515.72377583287 1771
470 17.5 70477.1875771428 14581.48414329679 155726.512 32561.06 66931.45540348183 1953
480 16.8 72040.09669047623 15325.94155500979 155726.512 32561.06 67223.04522039474 2128
490 16.5 68069.56489090904 16020.559096123372 155726.512 32561.06 67575.51240113241 2296
500 20.8 68581.10867307692 13588.029978503839 155726.512 32561.06 67608.6366030069 2461
510 19.6 68127.95345408167 14023.798941882318 155726.512 32561.06 67684.42311127762 2669
520 21.2 67605.01780660376 13969.59277941408 155726.512 32561.06 67714.76585026177 2865
530 21.9 67577.35948858457 15392.089567204468 155726.512 32561.06 67707.20439909001 3077
540 23.8 65755.95381932775 14188.778077825331 155726.512 32561.06 67698.57696116505 3296
550 23.3 65341.818587982845 13602.48686706586 155726.512 32561.06 67567.74948302207 3534
560 24.8 65071.69456451615 13902.838999805863 155726.512 32561.06 67430.0691276878 3767
570 26.2 63684.50934732823 13366.787398754816 155726.512 32561.06 67284.39617833124 4015
580 26.3 63748.021779467665 13041.246535024353 155726.512 32561.06 67063.87470306289 4277
590 25.1 61737.30555776893 14084.693841239723 155726.512 32561.06 66871.78894999999 4540
600 28.7 61808.570296167236 13590.846990459368 155726.512 32561.06 66602.7938902108 4791
610 29.5 61954.40768135595 13149.684843743873 155726.512 32561.06 66331.83245431271 5078
620 32.5 60791.85495076921 11671.177280505324 155726.512 32561.06 66091.49366629444 5373
630 33.2 62137.38255120485 12660.242177483917 155726.512 32561.06 65789.21522077922 5698
640 32.3 62314.262730650116 13707.533778810937 155726.512 32561.06 65588.15246019901 6030
650 33 60484.09932424242 12233.430225674623 155726.512 32561.06 65421.70095970408 6353
660 33.6 59121.12419940477 11838.139056276164 155726.512 32561.06 65177.88702289391 6683
670 38 59539.73279736844 11659.813852057938 155726.512 32561.06 64887.949380965954 7019
680 41.1 61198.99629440391 13040.422211686766 155726.512 32561.06 64613.27411379917 7399
690 30.1 60016.93172425249 11837.31840880711 155726.512 32561.06 64433.59829001281 7810
700 34.9 61013.60845845275 12943.762574861366 155726.512 32561.06 64269.69536358033 8111
710 35.6 59681.643502809005 13462.923495995085 155726.512 32561.06 64135.3721567376 8460
720 35.1 58604.33056695146 12836.729754629485 155726.512 32561.06 63955.525582236856 8816
730 36.4 60221.468725274724 14184.514596366977 155726.512 32561.06 63750.630911094144 9167
740 35.7 60702.817221288504 12936.93287629817 155726.512 32561.06 63615.84809337951 9531
750 33 61663.13186363634 12326.963635097409 155726.512 32561.06 63510.67495206312 9888
760 28 63479.10930714284 12775.172608232951 155726.512 32561.06 63451.006795948335 10218
770 20.9 67687.51341626799 12256.955167596207 155726.512 32561.06 63451.75633901696 10498
780 15.8 77350.60583544301 12632.092805501246 155726.512 32561.06 63534.43806397684 10707
790 7.8 85527.74266666669 11407.867923154688 155726.512 32561.06 63735.35426350668 10865
800 4.2 95568.42807142857 12427.740830389786 155726.512 32561.06 63890.687014621224 10943
810 2.7 101076.15985185187 9193.489521164576 155726.512 32561.06 64011.803548475196 10985
820 0.4 113182.06525000001 18478.340187149213 155726.512 32561.06 64102.68055721032 11012
830 0 0 0 155726.512 32561.06 64120.50168454975 11016
840 0.1 168644.705 0.0 168644.705 32561.06 64120.50168454975 11016
850 4.1 144208.2129268293 10880.149484380638 185532.743 32561.06 64129.989222292825 11017
860 1.6 152354.78212499997 11865.218902365923 185532.743 32561.06 64426.89708735758 11058
870 1.1 164009.47645454548 9947.038950848797 185532.743 32561.06 64553.93755698033 11074
880 0 0 0 185532.743 32561.06 64652.630468831776 11085
890 0.1 202059.626 0.0 202059.626 32561.06 64652.630468831776 11085
900 0.2 198310.023 6022.340000000018 204332.363 32561.06 64665.025110319344 11086
910 2.2 210759.00431818186 9110.364611059442 230531.624 32561.06 64689.13135091994 11088
920 2.7 211043.40529629626 9114.983501775781 238418.26 32561.06 64978.37862412244 11110
930 0.8 220169.84824999995 10469.363308420747 239758.226 32561.06 65332.491555805 11137
938 0.1 232903.905 0.0 239758.226 32561.06 65443.63546370572 11145
