0 4.5421875 4.5421875
10 25.18125 29.7234375
20 80.196875 109.9203125
30 135.7109375 245.63125
40 172.69609375 418.32734375
50 181.34765625 599.675
60 175.53515625 775.21015625
70 164.97265625 940.1828125
80 190.5046875 1130.6875
90 216.09296875 1346.78046875
100 282.04140625 1628.821875
110 290.08671875 1918.90859375
120 274.9234375 2193.83203125
130 250.6234375 2444.45546875
140 264.70078125 2709.15625
150 258.7765625 2967.9328125
160 277.61875 3245.5515625
170 280.1 3525.6515625
180 282.7203125 3808.371875
190 320.8734375 4129.2453125
200 405.4484375 4534.69375
210 500.62421875 5035.31796875
220 572.24453125 5607.5625
230 584.01171875 6191.57421875
240 673.77734375 6865.3515625
250 783.8734375 7649.225
260 839.2328125 8488.4578125
270 928.41328125 9416.87109375
280 924.79375 10341.66484375
290 989.71015625 11331.375
300 1011.3875 12342.7625
310 776.240625 13119.003125
320 462.784375 13581.7875
330 1099.60390625 14681.39140625
340 1375.30546875 16056.696875
350 1310.2484375 17366.9453125
360 1216.51953125 18583.46484375
370 1226.1203125 19809.58515625
380 1417.53359375 21227.11875
390 1695.61484375 22922.73359375
400 1950.0421875 24872.77578125
410 2164.878125 27037.65390625
420 2184.88671875 29222.540625
430 2388.475 31611.015625
440 2365.06796875 33976.08359375
450 2344.94453125 36321.028125
460 2375.22109375 38696.24921875
470 2437.825 41134.07421875
480 2545.01953125 43679.09375
490 2669.98046875 46349.07421875
500 2610.7515625 48959.82578125
510 2808.24296875 51768.06875
520 2956.58828125 54724.65703125
530 3013.3171875 57737.97421875
540 3014.49296875 60752.4671875
550 3157.17265625 63909.63984375
560 3228.86640625 67138.50625
570 3156.11171875 70294.61796875
580 3442.8359375 73737.45390625
590 3674.59375 77412.04765625
600 3776.9671875 81189.01484375
610 3877.696875 85066.71171875
620 3906.459375 88973.17109375
630 4079.91875 93053.08984375
640 4274.6984375 97327.78828125
650 4126.6640625 101454.45234375
660 4303.6625 105758.11484375
670 4167.0171875 109925.13203125
680 4011.7859375 113936.91796875
690 4102.04140625 118038.959375
700 4283.06171875 122322.02109375
710 4160.0015625 126482.02265625
720 4568.66171875 131050.684375
730 3866.90703125 134917.59140625
740 3235.88671875 138153.478125
750 2375.70703125 140529.18515625
760 1504.24765625 142033.4328125
770 895.9859375 142929.41875
780 857.05390625 143786.47265625
790 452.01953125 144238.4921875
800 217.14140625 144455.63359375
810 52.62265625 144508.25625
820 6.67578125 144514.93203125
830 1.34921875 144516.28125
840 0.7828125 144517.0640625
850 155.1515625 144672.215625
860 79.93125 144752.146875
870 27.53984375 144779.68671875
880 3.30546875 144782.9921875
890 3.0484375 144786.040625
900 2.10390625 144788.14453125
910 73.4734375 144861.61796875
920 87.59296875 144949.2109375
930 17.9328125 144967.14375
938 1.8390625 144968.9828125
