0 174.009375 174.009375
10 366.53828125 540.54765625
20 857.6984375 1398.24609375
30 1354.49296875 2752.7390625
40 1687.23984375 4439.97890625
50 1598.353125 6038.33203125
60 1732.371875 7770.70390625
70 1588.6453125 9359.34921875
80 1844.028125 11203.37734375
90 2036.34453125 13239.721875
100 2684.44296875 15924.16484375
110 2727.22734375 18651.3921875
120 2473.04609375 21124.43828125
130 2346.2671875 23470.70546875
140 2355.09296875 25825.7984375
150 2507.3078125 28333.10625
160 2612.5703125 30945.6765625
170 2578.134375 33523.8109375
180 2741.92421875 36265.73515625
190 3187.2640625 39452.99921875
200 3844.871875 43297.87109375
210 4871.6640625 48169.53515625
220 5480.66640625 53650.2015625
230 5595.52890625 59245.73046875
240 6376.071875 65621.80234375
250 7326.8328125 72948.63515625
260 8100.8140625 81049.44921875
270 8816.55703125 89866.00625
280 8536.76640625 98402.77265625
290 9196.184375 107598.95703125
300 9609.21875 117208.17578125
310 6137.01640625 123345.1921875
320 3181.08828125 126526.28046875
330 11553.63515625 138079.915625
340 12579.31171875 150659.22734375
350 11929.4234375 162588.65078125
360 11160.59375 173749.24453125
370 10556.78046875 184306.025
380 12162.07734375 196468.10234375
390 12566.36484375 209034.4671875
400 12935.03828125 221969.50546875
410 12146.7125 234116.21796875
420 11729.89609375 245846.1140625
430 11950.7765625 257796.890625
440 12159.13671875 269956.02734375
450 12130.4328125 282086.46015625
460 11641.50234375 293727.9625
470 12676.31171875 306404.27421875
480 12704.965625 319109.23984375
490 12391.41953125 331500.659375
500 10965.609375 342466.26875
510 12213.37578125 354679.64453125
520 12501.17578125 367180.8203125
530 11607.66640625 378788.48671875
540 11655.84140625 390444.328125
550 13293.47734375 403737.80546875
560 12092.71171875 415830.5171875
570 11131.1140625 426961.63125
580 12698.18828125 439659.81953125
590 12897.4203125 452557.23984375
600 12737.53046875 465294.7703125
610 12535.14296875 477829.91328125
620 12787.21640625 490617.1296875
630 13511.4640625 504128.59375
640 13649.28828125 517777.88203125
650 12307.49140625 530085.3734375
660 13217.15625 543302.5296875
670 12255.6875 555558.2171875
680 11625.08671875 567183.30390625
690 13695.67421875 580878.978125
700 12648.71328125 593527.69140625
710 12409.58125 605937.27265625
720 12431.328125 618368.60078125
730 9955.57265625 628324.1734375
740 9683.66328125 638007.83671875
750 9588.51328125 647596.35
760 7338.63984375 654934.98984375
770 6383.5359375 661318.52578125
780 7032.66171875 668351.1875
790 3116.0734375 671467.2609375
800 1731.6234375 673198.884375
810 282.62421875 673481.50859375
820 30.084375 673511.59296875
830 0.3328125 673511.92578125
840 3.1625 673515.08828125
850 606.32578125 674121.4140625
860 451.23203125 674572.64609375
870 160.25703125 674732.903125
880 24.840625 674757.74375
890 11.0125 674768.75625
900 8.4625 674777.21875
910 496.68125 675273.9
920 574.23515625 675848.13515625
930 98.41015625 675946.5453125
938 12.3015625 675958.846875
