0 14 14
10 27 27
20 38 38
30 44 44
40 55 55
50 46 55
60 51 55
70 58 58
80 63 64
90 66 67
100 79 79
110 74 81
120 71 81
130 71 81
140 72 81
150 71 81
160 82 84
170 80 84
180 90 91
190 115 115
200 130 131
210 156 157
220 178 178
230 191 193
240 210 211
250 231 231
260 253 253
270 266 268
280 278 279
290 291 291
300 322 324
310 372 372
320 433 433
330 484 484
340 544 544
350 590 592
360 710 710
370 827 828
380 919 919
390 1018 1018
400 1108 1110
410 1164 1170
420 1220 1220
430 1238 1249
440 1280 1284
450 1259 1286
460 1283 1286
470 1310 1312
480 1364 1370
490 1432 1433
500 1471 1472
510 1510 1515
520 1527 1533
530 1552 1565
540 1584 1591
550 1673 1673
560 1740 1741
570 1803 1806
580 1843 1843
590 1907 1908
600 1971 1971
610 2041 2042
620 2109 2111
630 2139 2148
640 2125 2151
650 2105 2151
660 2113 2151
670 2128 2151
680 2140 2151
690 2225 2226
700 2249 2255
710 2249 2277
720 1979 2277
730 1615 2277
740 1258 2277
750 928 2277
760 648 2277
770 439 2277
780 281 2277
790 203 2277
800 161 2277
810 134 2277
820 130 2277
830 130 2277
840 129 2277
850 88 2277
860 72 2277
870 61 2277
880 61 2277
890 60 2277
900 58 2277
910 36 2277
920 9 2277
930 1 2277
938 0 2277
