0 1.4 14
10 1.3 27
20 1.1 38
30 0.6 44
40 1.6 60
50 0 60
60 1.4 74
70 1.8 92
80 1.4 106
90 1.4 120
100 1.8 138
110 1.2 150
120 1.4 164
130 1.6 180
140 1.8 198
150 0.9 207
160 2.2 229
170 1.8 247
180 2.7 274
190 3.7 311
200 2.7 338
210 4.7 385
220 4 425
230 4.9 474
240 4.9 523
250 4.9 572
260 5.9 631
270 5.9 690
280 6.2 752
290 5.5 807
300 8.5 892
310 8.2 974
320 8.6 1060
330 9.4 1154
340 9.7 1251
350 9.5 1346
360 15.2 1498
370 15.7 1655
380 15.3 1808
390 15.9 1967
400 15.9 2126
410 16.3 2289
420 17.4 2463
430 17.4 2637
440 20.2 2839
450 19.1 3030
460 20.6 3236
470 20.2 3438
480 22.2 3660
490 23.3 3893
500 24.7 4140
510 23.5 4375
520 22.9 4604
530 24.4 4848
540 27 5118
550 32.2 5440
560 31.5 5755
570 32.5 6080
580 30.3 6383
590 31.5 6698
600 35.1 7049
610 36.5 7414
620 39.3 7807
630 36.2 8169
640 30.9 8478
650 31 8788
660 34.4 9132
670 39.5 9527
680 42.3 9950
690 38.6 10336
700 37.3 10709
710 35.6 11065
720 8.1 11146
730 0 11146
740 0 11146
750 0 11146
760 0 11146
770 0 11146
780 0 11146
790 0 11146
800 0 11146
810 0 11146
820 0 11146
830 0 11146
840 0 11146
850 0 11146
860 0 11146
870 0 11146
880 0 11146
890 0 11146
900 0 11146
910 0 11146
920 0 11146
930 0 11146
938 0 11146
