0 1.9 19
10 3.1 50
20 6.1 111
30 10 211
40 13.6 347
50 14.9 496
60 15.2 648
70 13.9 787
80 13.7 924
90 14 1064
100 17.6 1240
110 19.5 1435
120 20.3 1638
130 22.6 1864
140 23.9 2103
150 23.9 2342
160 24.4 2586
170 27.2 2858
180 31 3168
190 36.5 3533
200 40.3 3936
210 44.3 4379
220 45.4 4833
230 48.6 5319
240 49.6 5815
250 52.5 6340
260 55 6890
270 60.7 7497
280 64.7 8144
290 61 8754
300 68.1 9435
310 55.4 9989
320 64.5 10634
330 66.9 11303
340 59 11893
350 65.7 12550
360 62.1 13171
370 65.4 13825
380 62.6 14451
390 62.3 15074
400 58.7 15661
410 59.9 16260
420 65.8 16918
430 66.3 17581
440 62.6 18207
450 54.7 18754
460 63 19384
470 58.3 19967
480 63.9 20606
490 62.8 21234
500 58.4 21818
510 60.4 22422
520 63.4 23056
530 57.6 23632
540 61.2 24244
550 69.6 24940
560 64.4 25584
570 64.4 26228
580 72.2 26950
590 71.4 27664
600 64.8 28312
610 61 28922
620 75.7 29679
630 76.4 30443
640 82.6 31269
650 70.1 31970
660 19.4 32164
670 20.8 32372
680 24.5 32617
690 31.7 32934
700 35.9 33293
710 39.3 33686
720 36.1 34047
730 30.1 34348
740 28.4 34632
750 18.9 34821
760 14.4 34965
770 7.6 35041
780 8.5 35126
790 7.8 35204
800 3.2 35236
810 1.2 35248
820 0.2 35250
830 0 35250
833 0 35250
