10 1.7 17
20 5.4 71
30 11.2 183
40 15.3 336
50 19 526
60 17.9 705
70 15.2 857
80 13.5 992
90 14.8 1140
100 19.6 1336
110 22 1556
120 24.6 1802
130 23.9 2041
140 26.6 2307
150 25.8 2565
160 28 2845
170 30.4 3149
180 35.1 3500
190 37.5 3875
200 43.6 4311
210 50.7 4818
220 53 5348
230 55.9 5907
240 54.3 6450
250 52.4 6974
260 61 7584
270 70.3 8287
280 72.8 9015
290 68.8 9703
300 68.5 10388
310 59.6 10984
320 63.8 11622
330 64.9 12271
340 62.1 12892
350 62.6 13518
360 59 14108
370 54.6 14654
380 47.6 15130
390 39.9 15529
400 36.3 15892
410 34.2 16234
420 41 16644
430 35 16994
440 32.1 17315
450 33 17645
460 33.8 17983
470 35 18333
480 35 18683
490 34.2 19025
500 32.5 19350
510 27.2 19622
520 29.4 19916
530 26.1 20177
540 28.4 20461
550 26.3 20724
560 24.3 20967
570 23.9 21206
580 24.3 21449
590 22 21669
600 18.6 21855
610 16.7 22022
620 18 22202
630 18.5 22387
640 16.8 22555
650 9.9 22654
660 0 22654
670 0 22654
680 0 22654
690 0 22654
700 0 22654
710 0 22654
720 0 22654
730 0 22654
740 0 22654
750 0 22654
760 0 22654
770 0 22654
780 0 22654
790 0 22654
800 0 22654
810 0 22654
820 0 22654
830 0 22654
833 0 22654
