320 1.1 11
330 1.1 22
340 5.8 80
350 28.7 367
360 67.2 1039
370 105.1 2090
380 147.7 3567
390 179 5357
400 201.2 7369
410 194.5 9314
420 211.5 11429
430 210.8 13537
440 206.4 15601
450 203.1 17632
460 209.1 19723
470 230.4 22027
480 237.5 24402
490 266.2 27064
500 284.3 29907
510 294 32847
520 303.8 35885
530 323.9 39124
540 334.6 42470
550 342 45890
560 337.6 49266
570 387.4 53140
580 415.2 57292
590 429.8 61590
600 451.9 66109
610 450.8 70617
620 451.6 75133
630 486.1 79994
640 483.4 84828
650 519.9 90027
660 519.9 95226
670 515.9 100385
680 538.4 105769
690 571.7 111486
700 565.1 117137
710 585.8 122995
720 557.2 128567
730 488.1 133448
740 367.1 137119
750 221.1 139330
760 122.2 140552
770 63.9 141191
780 42.7 141618
790 28 141898
800 12.3 142021
810 4.2 142063
820 1 142073
830 0 142073
833 0 142073
