320 0.2 2
330 0.5 7
340 0.5 12
350 7.9 91
360 14.5 236
370 20.4 440
380 28.5 725
390 31.8 1043
400 34.5 1388
410 33.6 1724
420 41 2134
430 36.9 2503
440 35.4 2857
450 35 3207
460 38.8 3595
470 33.3 3928
480 33.8 4266
490 43 4696
500 34.6 5042
510 39.8 5440
520 41.9 5859
530 39.8 6257
540 41.4 6671
550 45 7121
560 46.4 7585
570 50.8 8093
580 48.9 8582
590 54.9 9131
600 49.5 9626
610 45.7 10083
620 56.6 10649
630 59.1 11240
640 64 11880
650 58.9 12469
660 20.9 12678
670 20 12878
680 26.6 13144
690 31.6 13460
700 36.9 13829
710 41.9 14248
720 39.7 14645
730 39 15035
740 43 15465
750 30.8 15773
760 30 16073
770 26.7 16340
780 30.1 16641
790 25.4 16895
800 11.4 17009
810 2.9 17038
820 1.5 17053
830 0.1 17054
833 0.1 17055
