370 0.2 2
380 0.6 8
390 1.6 24
400 3.6 60
410 5.3 113
420 6.6 179
430 9.2 271
440 8.7 358
450 8.8 446
460 6.7 513
470 7.7 590
480 7.3 663
490 7.4 737
500 8.8 825
510 8.2 907
520 8.3 990
530 9.5 1085
540 10 1185
550 11 1295
560 11.5 1410
570 10.9 1519
580 11.7 1636
590 15.5 1791
600 14 1931
610 13.8 2069
620 15.8 2227
630 17.8 2405
640 17.1 2576
650 23.2 2808
660 13.3 2941
670 13.2 3073
680 15.5 3228
690 16.2 3390
700 19.1 3581
710 19.2 3773
720 19.4 3967
730 20.1 4168
740 20.3 4371
750 19.7 4568
760 19 4758
770 16.4 4922
780 20.3 5125
790 20 5325
800 8.2 5407
810 2.6 5433
820 0.7 5440
830 0.3 5443
833 0 5443
