320 1.7 17
330 0 17
340 8.7 104
350 24.5 349
360 57.2 921
370 79.4 1715
380 106.9 2784
390 130.3 4087
400 141.1 5498
410 138.9 6887
420 132.5 8212
430 142.9 9641
440 143 11071
450 152.3 12594
460 148.9 14083
470 170.8 15791
480 170.5 17496
490 193.7 19433
500 223.1 21664
510 221.9 23883
520 224 26123
530 243.6 28559
540 254.8 31107
550 254.7 33654
560 252.6 36180
570 286.2 39042
580 295.1 41993
590 317.5 45168
600 339.2 48560
610 358.7 52147
620 333.7 55484
630 355.5 59039
640 320.6 62245
650 366 65905
660 477.1 70676
670 490.2 75578
680 478.9 80367
690 476 85127
700 451 89637
710 469.1 94328
720 428.7 98615
730 355.8 102173
740 248.1 104654
750 164 106294
760 79.3 107087
770 26 107347
780 4.8 107395
790 0 107395
800 0 107395
810 0 107395
820 0 107395
830 0 107395
833 0 107395
