0 1.4 2.3084285714285717 3.4344125036020294 14.606 0.722 0 0
10 1.4 1.3937857142857144 0.2643650556580071 14.606 0.722 2.3084285714285717 14
20 1.1 1.3567272727272723 0.23952873841968442 14.606 0.722 1.851107142857143 28
30 0.9 1.3286666666666664 0.28983060186560317 14.606 0.722 1.7116666666666664 39
40 1 1.295 0.2789243625071141 14.606 0.722 1.6398541666666666 48
50 0.2 1.185 0.377 14.606 0.722 1.5803965517241378 58
60 1 2.0061000000000004 2.0836350184233323 14.606 0.722 1.5672166666666667 60
70 1.4 1.3277142857142858 0.29577414853021805 14.606 0.722 1.6299142857142859 70
80 1.5 1.3018666666666663 0.3075355516937116 14.606 0.722 1.5795476190476192 84
90 1.7 1.263 0.2522953451343694 14.606 0.722 1.5374747474747477 99
100 1.4 1.5929999999999997 1.1666091890603298 14.606 0.722 1.4972500000000002 116
110 2 1.4420999999999997 0.643341347963894 14.606 0.722 1.5075615384615384 130
120 1 3.914500000000001 6.6340966114460524 23.529 0.722 1.4988333333333332 150
130 2.2 1.300909090909091 0.26814953580739054 23.529 0.722 1.6498125000000001 160
140 2.2 1.3072272727272727 0.3213627137700528 23.529 0.722 1.6076373626373628 182
150 2.3 1.2849130434782612 0.2397164834519382 23.529 0.722 1.5752401960784317 204
160 2.3 1.2540869565217392 0.23264750590492203 23.529 0.722 1.5458237885462558 227
170 1.9 1.296842105263158 0.3546979831910218 23.529 0.722 1.5189840000000001 250
180 2.9 1.5670344827586202 1.3731420420977782 23.529 0.722 1.503293680297398 269
190 4.2 1.3256190476190468 0.39196774359396025 23.529 0.722 1.5094966442953022 298
200 4.2 1.254285714285715 0.34271759064684076 23.529 0.722 1.4867823529411766 340
210 4 1.2480500000000003 0.3261861393437802 23.529 0.722 1.4612198952879583 382
220 2.6 1.4276153846153845 0.9828622674039281 23.529 0.694 1.4410142180094787 422
230 3.5 1.2558 0.30027718623203553 23.529 0.694 1.4402366071428574 448
240 5.5 1.5362363636363632 1.858196495761281 23.529 0.694 1.4268716356107662 483
250 5.4 1.512333333333334 1.9601165120320632 23.529 0.689 1.4380520446096654 538
260 4.7 1.838063829787235 2.0599184594919153 23.529 0.689 1.4448277027027028 592
270 5.2 1.4572307692307693 0.6553005069720836 23.529 0.689 1.4737511737089204 639
280 5.9 1.643830508474576 2.2575730267862046 23.529 0.689 1.4725079594790162 691
290 6.2 1.2832258064516135 0.394094651286638 23.529 0.689 1.4859853333333337 750
300 9.4 1.63826595744681 3.132945314581832 30.312 0.689 1.470503694581281 812
310 6.7 1.259477611940299 0.3141804956185743 30.312 0.689 1.487909492273731 906
320 11 5.904399999999997 27.023138618329558 191.98 0.689 1.4721798561151083 973
330 11.6 1.2616120689655177 0.4420760734103648 191.98 0.689 1.9223591874422898 1083
340 11.8 1.2738813559322024 0.34287296084631314 191.98 0.689 1.8584336947456215 1199
350 35.3 1.351895184135977 1.020176634600191 191.98 0.49 1.8060592255125285 1317
360 76.7 1.3800599739243806 1.4819060285653418 191.98 0.401 1.7100592814371258 1670
370 112.2 1.815 2.2422698933245746 191.98 0.401 1.606198194501436 2437
380 158.2 2.023515170670039 2.54701292550513 191.98 0.393 1.6720244450688395 3559
390 192.5 2.5591605194805163 3.253760592842103 191.98 0.393 1.7801859560396813 5141
400 212.1 2.4023748231966047 2.991268585972437 191.98 0.393 1.9924030568921591 7066
410 209.6 2.7383177480915992 3.556975901939042 191.98 0.382 2.0870531185370624 9187
420 225.5 2.70029401330377 3.305021480993902 191.98 0.378 2.2080360719666743 11283
430 229.5 2.7651089324618776 3.224126921035915 191.98 0.378 2.2900305805879735 13538
440 227.2 3.2648301056338047 4.314163423650035 191.98 0.378 2.358893387229205 15833
450 221.3 2.671258924536831 3.368507746689958 191.98 0.378 2.4725795636564487 18105
460 226.4 2.978153268551237 3.761469314460626 191.98 0.378 2.4942193621419437 20318
470 246.1 3.0029613978057688 3.685360716684543 191.98 0.378 2.54273704720574 22582
480 257.9 3.2216793330748246 3.7075128716709056 191.98 0.378 2.587963742363136 25043
490 282.8 3.425653111739752 3.682207530926823 191.98 0.378 2.6471322496560705 27622
500 307.2 3.720611328124994 4.125827607867976 191.98 0.378 2.7194362561576355 30450
510 316.9 3.722238561060276 4.025123165940807 191.98 0.365 2.8111852514766418 33522
520 322.9 3.8293431402911056 4.235558060097692 191.98 0.365 2.889872884358562 36691
530 347.2 3.9931428571428604 4.497305249314697 191.98 0.365 2.9658636022044083 39920
540 359.8 3.7451753752084547 4.053133815737685 191.98 0.365 3.0480610942109148 43392
550 376.2 3.8236031366294534 4.063907836345227 191.98 0.365 3.101438774207279 46990
560 358.9 4.437494845360819 4.667751835207555 191.98 0.365 3.1549693214060537 50752
570 413.9 4.469310219859873 4.427725597534691 191.98 0.365 3.239674867963416 54341
580 439.7 5.567209006140567 5.291686561633593 191.98 0.365 3.3267039500683993 58480
590 460.3 5.334720616988923 4.83766546561733 191.98 0.365 3.483382874501011 62877
600 479.8 6.104143601500624 5.2933390959698166 191.98 0.365 3.6096678126852413 67480
610 488.2 9.34527591151172 10.076917915626613 191.98 0.365 3.7752575472481262 72278
620 486.9 10.050233723557191 7.451274147488841 191.98 0.365 4.127678875064804 77160
630 514.1 9.636004862867127 6.570644832899474 191.98 0.365 4.479224298723626 82029
640 511.6 12.798619233776442 8.777411716704433 191.98 0.365 4.783354261787314 87170
650 549.5 11.332643312101947 9.554870071989988 191.98 0.365 5.227691383308415 92286
660 568.7 7.284831193951142 6.033573119791193 191.98 0.365 5.570771438213975 97781
670 555.3 7.99338177561677 6.405306548082061 191.98 0.365 5.664982767618982 103468
680 572.2 8.926056798322282 6.895656233556827 191.98 0.365 5.783580099246941 109021
690 599.5 14.954336947456262 15.238653802244091 191.98 0.365 5.940289019809495 114743
700 592.8 16.951272604588386 13.558662080002884 191.98 0.365 6.387863249349842 120738
710 622.6 17.637393189848996 15.90834500440657 191.98 0.365 6.882233409123216 126666
720 569.5 12.668233187006123 12.500238537540154 191.98 0.365 7.386113437979721 132892
730 507.1 5.954507197791355 5.6512202864503704 191.98 0.365 7.603173277435842 138587
740 391.9 4.301551416177593 4.786536830704337 191.98 0.365 7.544976826908358 143658
750 245.8 2.8066277461350713 3.344436960011436 191.98 0.365 7.458845626350996 147577
760 139 1.7731733812949626 2.475462385587169 191.98 0.365 7.382629066551145 150035
770 73 0.8969863013698636 0.9213505972755542 191.98 0.365 7.331137282483083 151425
780 43.3 1.1070023094688224 1.351399702914924 191.98 0.365 7.300267904439558 152155
790 30.6 1.2703954248366003 0.843735692502455 191.98 0.365 7.282693232757497 152588
800 14.5 1.302082758620689 0.573209722749413 191.98 0.365 7.270660300600421 152894
810 5.5 1.290509090909091 0.2888003319519165 191.98 0.365 7.26500524702854 153039
820 1.2 1.38075 0.2983694926876182 191.98 0.365 7.2628588710204225 153094
830 0.1 1.726 0.0 191.98 0.365 7.262397848549375 153106
833 0 0 0 191.98 0.365 7.26236168823111 153107
