0 14 14
10 28 14
20 39 11
30 48 9
40 53 5
50 48 -5
60 47 -1
70 49 2
80 51 2
90 61 10
100 68 7
110 80 12
120 76 -4
130 83 7
140 84 1
150 97 13
160 106 9
170 103 -3
180 119 16
190 139 20
200 162 23
210 175 13
220 178 3
230 181 3
240 203 22
250 213 10
260 230 17
270 256 26
280 289 33
290 320 31
300 365 45
310 399 34
320 471 72
330 550 79
340 588 38
350 627 39
360 685 58
370 709 24
380 744 35
390 759 15
400 734 -25
410 724 -10
420 713 -11
430 747 34
440 785 38
450 780 -5
460 789 9
470 784 -5
480 841 57
490 826 -15
500 848 22
510 882 34
520 855 -27
530 878 23
540 901 23
550 1013 112
560 992 -21
570 993 1
580 996 3
590 1021 25
600 1010 -11
610 1077 67
620 1115 38
630 1080 -35
640 1071 -9
650 1046 -25
660 1201 155
670 1184 -17
680 1182 -2
690 1119 -63
700 1083 -36
710 1060 -23
720 773 -287
730 586 -187
740 504 -82
750 436 -68
760 381 -55
770 333 -48
780 190 -143
790 63 -127
800 12 -51
810 10 -2
820 1 -9
830 1 0
833 0 -1
