0 0.1 9.969486649849225 0 9.969486649849225 9.969486649849225 0 0
10 0.1 14.356929212362912 0.0 14.356929212362912 9.969486649849225 9.969486649849225 1
20 0.1 2.8855721393034823 0.0 14.356929212362912 2.8855721393034823 12.163207931106069 2
30 0.1 1.8886679920477136 0.0 14.356929212362912 1.8886679920477136 9.070662667171874 3
40 0.1 2.19560878243513 0.0 14.356929212362912 1.8886679920477136 7.275163998390834 4
50 0.1 3.270564915758176 0.0 14.356929212362912 1.8886679920477136 6.259252955199694 5
60 0.1 3.5678889990089195 0.0 14.356929212362912 1.8886679920477136 5.7611382819594406 6
70 0.1 2.788844621513944 0.0 14.356929212362912 1.8886679920477136 5.447816955823653 7
80 0.1 3.0784508440913605 0.0 14.356929212362912 1.8886679920477136 5.115445414034939 8
90 0.1 2.982107355864811 0.0 14.356929212362912 1.8886679920477136 4.8891126840412085 9
100 0.1 2.59222333000997 0.0 14.356929212362912 1.8886679920477136 4.698412151223569 10
110 0.1 3.3797216699801194 0.0 14.356929212362912 1.8886679920477136 4.506940440204151 11
120 0.1 3.7848605577689245 0.0 14.356929212362912 1.8886679920477136 4.4130055426854815 12
130 0.1 4.158415841584159 0.0 14.356929212362912 1.8886679920477136 4.3646866976919 13
140 0.1 4.195804195804196 0.0 14.356929212362912 1.8886679920477136 4.349953065112776 14
150 0.1 5.123152709359606 0.0 14.356929212362912 1.8886679920477136 4.339676473825537 15
160 0.1 6.156901688182721 0.0 14.356929212362912 1.8886679920477136 4.388643738546416 16
170 0.1 5.034550839091807 0.0 14.356929212362912 1.8886679920477136 4.492658912054433 17
180 0.1 6.9238377843719086 0.0 14.356929212362912 1.8886679920477136 4.522764019112065 18
190 0.1 6.777996070726916 0.0 14.356929212362912 1.8886679920477136 4.649136322546794 19
200 0.1 7.760314341846758 0.0 14.356929212362912 1.8886679920477136 4.755579309955801 20
210 0.1 8.504398826979472 0.0 14.356929212362912 1.8886679920477136 4.898661930522037 21
220 0.1 8.71694417238002 0.0 14.356929212362912 1.8886679920477136 5.062559062179193 22
230 0.1 9.126594700686947 0.0 14.356929212362912 1.8886679920477136 5.221445371318359 23
240 0.1 9.579667644183774 0.0 14.356929212362912 1.8886679920477136 5.384159926708716 24
250 0.1 9.941520467836257 0.0 14.356929212362912 1.8886679920477136 5.5519802354077195 25
260 0.1 11.218568665377177 0.0 14.356929212362912 1.8886679920477136 5.72080870588574 26
270 0.1 11.165523996082271 0.0 14.356929212362912 1.8886679920477136 5.924429445126163 27
280 0.1 12.121212121212121 0.0 14.356929212362912 1.8886679920477136 6.111611393374596 28
290 0.1 12.390243902439025 0.0 14.356929212362912 1.8886679920477136 6.318839004679338 29
300 0.1 11.557296767874632 0.0 14.356929212362912 1.8886679920477136 6.5212191679379945 30
310 0.1 11.937377690802348 0.0 14.356929212362912 1.8886679920477136 6.683673284064982 31
320 0.1 11.414634146341465 0.0 14.356929212362912 1.8886679920477136 6.847851546775525 32
330 0.1 13.157894736842104 0.0 14.356929212362912 1.8886679920477136 6.986238898277523 33
340 0.1 13.157894736842104 0.0 14.356929212362912 1.8886679920477136 7.1677581876470695 34
350 0.1 17.21153846153846 0.0 17.21153846153846 1.8886679920477136 7.338904946195498 35
360 0.1 27.238454288407166 0.0 27.238454288407166 1.8886679920477136 7.613144766066136 36
370 0.1 35.80705009276438 0.0 35.80705009276438 1.8886679920477136 8.143558536940219 37
380 0.1 42.252252252252255 0.0 42.252252252252255 1.8886679920477136 8.871545156830328 38
390 0.1 45.593525179856115 0.0 45.593525179856115 1.8886679920477136 9.727460723379608 39
400 0.1 45.98930481283423 0.0 45.98930481283423 1.8886679920477136 10.62411233479152 40
410 0.1 46.54545454545455 0.0 46.54545454545455 1.8886679920477136 11.486678004987683 41
420 0.1 46.63023679417122 0.0 46.63023679417122 1.8886679920477136 12.321410779760702 42
430 0.1 47.0961887477314 0.0 47.0961887477314 1.8886679920477136 13.119290454514434 43
440 0.1 46.783088235294116 0.0 47.0961887477314 1.8886679920477136 13.891492688451184 44
450 0.1 46.33920296570899 0.0 47.0961887477314 1.8886679920477136 14.622417033936584 45
460 0.1 46.994535519125684 0.0 47.0961887477314 1.8886679920477136 15.31191238027946 46
470 0.1 46.7032967032967 0.0 47.0961887477314 1.8886679920477136 15.986010744935763 47
480 0.1 47.627737226277375 0.0 47.627737226277375 1.8886679920477136 16.625954202401616 48
490 0.1 47.50922509225092 0.0 47.627737226277375 1.8886679920477136 17.258643651868468 49
500 0.1 46.982358402971215 0.0 47.627737226277375 1.8886679920477136 17.86365528067612 50
510 0.1 48.1203007518797 0.0 48.1203007518797 1.8886679920477136 18.434610243858376 51
520 0.1 47.22483537158984 0.0 48.1203007518797 1.8886679920477136 19.00548890747417 52
530 0.1 47.768281101614434 0.0 48.1203007518797 1.8886679920477136 19.537929406797108 53
540 0.1 47.35349716446125 0.0 48.1203007518797 1.8886679920477136 20.06071369744187 54
550 0.1 47.5 0.0 48.1203007518797 1.8886679920477136 20.55694612411495 55
560 0.1 48.21600771456123 0.0 48.21600771456123 1.8886679920477136 21.038072086184325 56
570 0.1 47.92270531400966 0.0 48.21600771456123 1.8886679920477136 21.514877974401468 57
580 0.1 48.554913294797686 0.0 48.554913294797686 1.8886679920477136 21.970185342325745 58
590 0.1 49.064039408866996 0.0 49.064039408866996 1.8886679920477136 22.420773951689675 59
600 0.1 49.30278884462152 0.0 49.30278884462152 1.8886679920477136 22.864828375975964 60
610 0.1 49.25224327018943 0.0 49.30278884462152 1.8886679920477136 23.29823756398655 61
620 0.1 49.150849150849155 0.0 49.30278884462152 1.8886679920477136 23.716850559247884 62
630 0.1 49.353233830845774 0.0 49.353233830845774 1.8886679920477136 24.120564822606635 63
640 0.1 49.107142857142854 0.0 49.353233830845774 1.8886679920477136 24.51482527586037 64
650 0.1 49.40828402366864 0.0 49.40828402366864 1.8886679920477136 24.893168623264717 65
660 0.1 49.4059405940594 0.0 49.40828402366864 1.8886679920477136 25.264609765695077 66
670 0.1 49.25074925074925 0.0 49.40828402366864 1.8886679920477136 25.62492813626768 67
680 0.1 49.40239043824701 0.0 49.40828402366864 1.8886679920477136 25.97236668206888 68
690 0.1 49.30555555555556 0.0 49.40828402366864 1.8886679920477136 26.311932243752622 69
700 0.1 49.353233830845774 0.0 49.40828402366864 1.8886679920477136 26.640412576778377 70
710 0.1 49.308300395256914 0.0 49.40828402366864 1.8886679920477136 26.960311467680736 71
720 0.1 49.308300395256914 0.0 49.40828402366864 1.8886679920477136 27.27070020278596 72
730 0.1 49.35064935064935 0.0 49.40828402366864 1.8886679920477136 27.5725851369294 73
740 0.1 49.20477137176938 0.0 49.40828402366864 1.8886679920477136 27.86688330197967 74
750 0.1 49.40239043824701 0.0 49.40828402366864 1.8886679920477136 28.151388476243532 75
760 0.1 49.19678714859438 0.0 49.40828402366864 1.8886679920477136 28.431006923111998 76
770 0.1 32.577903682719544 0.0 49.40828402366864 1.8886679920477136 28.700692380585796 77
780 0.1 17.66953199617956 0.0 49.40828402366864 1.8886679920477136 28.750400217792638 78
790 0.1 14.423076923076922 0.0 49.40828402366864 1.8886679920477136 28.610136063088675 79
800 0.1 10.263929618768328 0.0 49.40828402366864 1.8886679920477136 28.43279782383853 80
810 0.1 4.935834155972359 0.0 49.40828402366864 1.8886679920477136 28.208490808961123 81
820 0.1 1.6898608349900597 0.0 49.40828402366864 1.6898608349900597 27.924677922949066 82
830 0.1 0.40040040040040037 0.0 49.40828402366864 0.40040040040040037 27.6085957893592 83
