0 0 0
10 0 0
20 0 0
30 0 0
40 0.5 5
50 0.7 12
60 1.1 23
70 1.2 35
80 1.3 48
90 0.7 55
100 0.7 62
110 0.8 70
120 1.4 84
130 1.5 99
140 2.1 120
150 1 130
160 1.4 144
170 2.2 166
180 1.3 179
190 2.2 201
200 1.9 220
210 2.7 247
220 2.5 272
230 3.3 305
240 3.2 337
250 4.3 380
260 3 410
270 2.6 436
280 2.7 463
290 3.2 495
300 4.8 543
310 3.1 574
320 2.6 600
330 2.7 627
340 1.9 646
350 2.6 672
360 3.8 710
370 4.5 755
380 7.1 826
390 11.9 945
400 13.4 1079
410 16.4 1243
420 14.6 1389
430 15.8 1547
440 16.6 1713
450 18.4 1897
460 16.4 2061
470 15.8 2219
480 15.3 2372
490 17.8 2550
500 20.7 2757
510 19.2 2949
520 22 3169
530 20.7 3376
540 22.8 3604
550 22.8 3832
560 24.7 4079
570 25.9 4338
580 24.4 4582
590 27.1 4853
600 29.2 5145
610 30.3 5448
620 31.2 5760
630 31.2 6072
640 30.8 6380
650 31.2 6692
660 33.3 7025
670 40.2 7427
680 33.8 7765
690 34 8105
700 33.1 8436
710 38 8816
720 40.3 9219
730 37.7 9596
740 32.5 9921
750 32.4 10245
760 22.1 10466
770 13 10596
780 14.7 10743
790 15.5 10898
800 7.2 10970
810 1.4 10984
820 1 10994
830 0.1 10995
833 0.1 10996
