0 0.1 3510.58984375 0 3510.58984375 3510.58984375 0 0
10 0.1 3511.09765625 0.0 3511.09765625 3510.58984375 3510.58984375 1
20 0.1 3508.3203125 0.0 3511.09765625 3508.3203125 3510.84375 2
30 0.1 3504.0703125 0.0 3511.09765625 3504.0703125 3510.0026041666665 3
40 0.1 3493.92578125 0.0 3511.09765625 3493.92578125 3508.51953125 4
50 0.1 3488.48828125 0.0 3511.09765625 3488.48828125 3505.60078125 5
60 0.1 3487.7734375 0.0 3511.09765625 3487.7734375 3502.7486979166665 6
70 0.1 3487.78125 0.0 3511.09765625 3487.7734375 3500.609375 7
80 0.1 3485.37109375 0.0 3511.09765625 3485.37109375 3499.005859375 8
90 0.1 3485.96484375 0.0 3511.09765625 3485.37109375 3497.4908854166665 9
100 0.1 3486.4765625 0.0 3511.09765625 3485.37109375 3496.33828125 10
110 0.1 3484.76953125 0.0 3511.09765625 3484.76953125 3495.4417613636365 11
120 0.1 3486.5 0.0 3511.09765625 3484.76953125 3494.5524088541665 12
130 0.1 3483.24609375 0.0 3511.09765625 3483.24609375 3493.9329927884614 13
140 0.1 3479.37890625 0.0 3511.09765625 3479.37890625 3493.1696428571427 14
150 0.1 3475.87890625 0.0 3511.09765625 3475.87890625 3492.2502604166666 15
160 0.1 3468.91796875 0.0 3511.09765625 3468.91796875 3491.22705078125 16
170 0.1 3468.2109375 0.0 3511.09765625 3468.2109375 3489.914751838235 17
180 0.1 3468.09765625 0.0 3511.09765625 3468.09765625 3488.708984375 18
190 0.1 3462.16796875 0.0 3511.09765625 3462.16796875 3487.6241776315787 19
200 0.1 3450.19140625 0.0 3511.09765625 3450.19140625 3486.3513671875 20
210 0.1 3447.74609375 0.0 3511.09765625 3447.74609375 3484.629464285714 21
220 0.1 3439.1328125 0.0 3511.09765625 3439.1328125 3482.952947443182 22
230 0.1 3439.5 0.0 3511.09765625 3439.1328125 3481.0477241847825 23
240 0.1 3442.87109375 0.0 3511.09765625 3439.1328125 3479.3165690104165 24
250 0.1 3430.796875 0.0 3511.09765625 3430.796875 3477.85875 25
260 0.1 3412.41015625 0.0 3511.09765625 3412.41015625 3476.0486778846152 26
270 0.1 3406.55859375 0.0 3511.09765625 3406.55859375 3473.6916956018517 27
280 0.1 3400.421875 0.0 3511.09765625 3400.421875 3471.2940848214284 28
290 0.1 3398.9140625 0.0 3511.09765625 3398.9140625 3468.8502155172414 29
300 0.1 3372.9453125 0.0 3511.09765625 3372.9453125 3466.519010416667 30
310 0.1 3369.62109375 0.0 3511.09765625 3369.62109375 3463.500504032258 31
320 0.1 3371.83203125 0.0 3511.09765625 3369.62109375 3460.5667724609375 32
330 0.1 3344.04296875 0.0 3511.09765625 3344.04296875 3457.877840909091 33
340 0.1 3327.7109375 0.0 3511.09765625 3327.7109375 3454.5297564338234 34
350 0.1 3286.4609375 0.0 3511.09765625 3286.4609375 3450.906361607143 35
360 0.1 3270.546875 0.0 3511.09765625 3270.546875 3446.338433159722 36
370 0.1 3260.484375 0.0 3511.09765625 3260.484375 3441.5873099662163 37
380 0.1 3210.09375 0.0 3511.09765625 3210.09375 3436.8214432565787 38
390 0.1 3204.5859375 0.0 3511.09765625 3204.5859375 3431.0079126602564 39
400 0.1 3198.45703125 0.0 3511.09765625 3198.45703125 3425.34736328125 40
410 0.1 3198.82421875 0.0 3511.09765625 3198.45703125 3419.8134527439024 41
420 0.1 3195.03515625 0.0 3511.09765625 3195.03515625 3414.551804315476 42
430 0.1 3190.49609375 0.0 3511.09765625 3190.49609375 3409.446765988372 43
440 0.1 3193.99609375 0.0 3511.09765625 3190.49609375 3404.470614346591 44
450 0.1 3188.0390625 0.0 3511.09765625 3188.0390625 3399.793402777778 45
460 0.1 3189.39453125 0.0 3511.09765625 3188.0390625 3395.190047554348 46
470 0.1 3183.11328125 0.0 3511.09765625 3183.11328125 3390.8114195478724 47
480 0.1 3182.890625 0.0 3511.09765625 3182.890625 3386.484375 48
490 0.1 3183.5859375 0.0 3511.09765625 3182.890625 3382.329400510204 49
500 0.1 3181.7421875 0.0 3511.09765625 3181.7421875 3378.35453125 50
510 0.1 3186.29296875 0.0 3511.09765625 3181.7421875 3374.499387254902 51
520 0.1 3183.921875 0.0 3511.09765625 3181.7421875 3370.8800330528848 52
530 0.1 3179.67578125 0.0 3511.09765625 3179.67578125 3367.3525206367926 53
540 0.1 3179.7734375 0.0 3511.09765625 3179.67578125 3363.877025462963 54
550 0.1 3178.37109375 0.0 3511.09765625 3178.37109375 3360.5296875 55
560 0.1 3152.390625 0.0 3511.09765625 3152.390625 3357.27685546875 56
570 0.1 3149.60546875 0.0 3511.09765625 3149.60546875 3353.6823601973683 57
580 0.1 3151.62890625 0.0 3511.09765625 3149.60546875 3350.1637931034484 58
590 0.1 3146.62109375 0.0 3511.09765625 3146.62109375 3346.7987950211864 59
600 0.1 3151.70703125 0.0 3511.09765625 3146.62109375 3343.4625 60
610 0.1 3154.37109375 0.0 3511.09765625 3146.62109375 3340.31896772541 61
620 0.1 3142.421875 0.0 3511.09765625 3142.421875 3337.319808467742 62
630 0.1 3142.328125 0.0 3511.09765625 3142.328125 3334.2261904761904 63
640 0.1 3139.31640625 0.0 3511.09765625 3139.31640625 3331.227783203125 64
650 0.1 3131.26953125 0.0 3511.09765625 3131.26953125 3328.275300480769 65
660 0.1 3118.9140625 0.0 3511.09765625 3118.9140625 3325.2903645833335 66
670 0.1 3127.37890625 0.0 3511.09765625 3118.9140625 3322.2101212686566 67
680 0.1 3133.3359375 0.0 3511.09765625 3118.9140625 3319.3449563419117 68
690 0.1 3137.703125 0.0 3511.09765625 3118.9140625 3316.649173460145 69
700 0.1 3138.47265625 0.0 3511.09765625 3118.9140625 3314.092801339286 70
710 0.1 3146.5703125 0.0 3511.09765625 3118.9140625 3311.6192781690143 71
720 0.1 3143.23046875 0.0 3511.09765625 3118.9140625 3309.3269314236113 72
730 0.1 3145.6796875 0.0 3511.09765625 3118.9140625 3307.0516374143835 73
740 0.1 3146.5703125 0.0 3511.09765625 3118.9140625 3304.8709353885133 74
750 0.1 3148.609375 0.0 3511.09765625 3118.9140625 3302.760260416667 75
760 0.1 3150.16015625 0.0 3511.09765625 3118.9140625 3300.7319592927633 76
770 0.1 3166.890625 0.0 3511.09765625 3118.9140625 3298.7764813311687 77
780 0.1 3168.26171875 0.0 3511.09765625 3118.9140625 3297.085637019231 78
790 0.1 3210.23046875 0.0 3511.09765625 3118.9140625 3295.4549545094937 79
800 0.1 3232.1015625 0.0 3511.09765625 3118.9140625 3294.3896484375 80
810 0.1 3249.80859375 0.0 3511.09765625 3118.9140625 3293.620659722222 81
820 0.1 3250.01171875 0.0 3511.09765625 3118.9140625 3293.086366234756 82
830 0.1 3250.1640625 0.0 3511.09765625 3118.9140625 3292.5673945783133 83
