0 0.1 0.078125 0 0.078125 0.078125 0 0
10 0.1 0.0703125 0.0 0.078125 0.0703125 0.078125 1
20 0.1 0.05859375 0.0 0.078125 0.05859375 0.07421875 2
30 0.1 0.05078125 0.0 0.078125 0.05078125 0.06901041666666667 3
40 0.1 0.0390625 0.0 0.078125 0.0390625 0.064453125 4
50 0.1 0.03125 0.0 0.078125 0.03125 0.059375 5
60 0.1 0.03125 0.0 0.078125 0.03125 0.0546875 6
70 0.1 0.01953125 0.0 0.078125 0.01953125 0.05133928571428571 7
80 0.1 0.01953125 0.0 0.078125 0.01953125 0.04736328125 8
90 0.1 0.01953125 0.0 0.078125 0.01953125 0.044270833333333336 9
100 0.1 0.01171875 0.0 0.078125 0.01171875 0.041796875 10
110 0.1 0.01171875 0.0 0.078125 0.01171875 0.0390625 11
120 0.1 0.01171875 0.0 0.078125 0.01171875 0.036783854166666664 12
130 0.1 0.01171875 0.0 0.078125 0.01171875 0.03485576923076923 13
140 0.1 0.0 0.0 0.078125 0.0 0.033203125 14
150 0.1 0.0 0.0 0.078125 0.0 0.030989583333333334 15
160 0.1 0.0 0.0 0.078125 0.0 0.029052734375 16
170 0.1 0.0 0.0 0.078125 0.0 0.02734375 17
180 0.1 0.0 0.0 0.078125 0.0 0.025824652777777776 18
190 0.1 0.0 0.0 0.078125 0.0 0.02446546052631579 19
200 0.1 0.0 0.0 0.078125 0.0 0.0232421875 20
210 0.1 0.0 0.0 0.078125 0.0 0.022135416666666668 21
220 0.1 0.0 0.0 0.078125 0.0 0.021129261363636364 22
230 0.1 0.0 0.0 0.078125 0.0 0.020210597826086956 23
240 0.1 0.0 0.0 0.078125 0.0 0.019368489583333332 24
250 0.1 0.0703125 0.0 0.078125 0.0 0.01859375 25
260 0.1 0.05859375 0.0 0.078125 0.0 0.020582932692307692 26
270 0.1 0.05078125 0.0 0.078125 0.0 0.02199074074074074 27
280 0.1 0.12109375 0.0 0.12109375 0.0 0.023018973214285716 28
290 0.1 0.1015625 0.0 0.12109375 0.0 0.026400862068965518 29
300 0.1 0.08984375 0.0 0.12109375 0.0 0.02890625 30
310 0.1 0.1484375 0.0 0.1484375 0.0 0.030871975806451613 31
320 0.1 0.2109375 0.0 0.2109375 0.0 0.0345458984375 32
330 0.1 0.33984375 0.0 0.33984375 0.0 0.03989109848484849 33
340 0.1 0.2890625 0.0 0.33984375 0.0 0.04871323529411765 34
350 0.1 0.23828125 0.0 0.33984375 0.0 0.05558035714285714 35
360 0.1 0.28125 0.0 0.33984375 0.0 0.06065538194444445 36
370 0.1 0.55078125 0.0 0.55078125 0.0 0.06661739864864864 37
380 0.1 0.62109375 0.0 0.62109375 0.0 0.07935855263157894 38
390 0.1 0.671875 0.0 0.671875 0.0 0.0932491987179487 39
400 0.1 0.80078125 0.0 0.80078125 0.0 0.10771484375 40
410 0.1 0.828125 0.0 0.828125 0.0 0.12461890243902439 41
420 0.1 1.01171875 0.0 1.01171875 0.0 0.14136904761904762 42
430 0.1 1.08984375 0.0 1.08984375 0.0 0.16160973837209303 43
440 0.1 1.23046875 0.0 1.23046875 0.0 0.1827059659090909 44
450 0.1 1.3515625 0.0 1.3515625 0.0 0.20598958333333334 45
460 0.1 1.37109375 0.0 1.37109375 0.0 0.23089334239130435 46
470 0.1 1.23828125 0.0 1.37109375 0.0 0.2551529255319149 47
480 0.1 1.28125 0.0 1.37109375 0.0 0.275634765625 48
490 0.1 1.390625 0.0 1.390625 0.0 0.2961575255102041 49
500 0.1 1.41015625 0.0 1.41015625 0.0 0.318046875 50
510 0.1 1.421875 0.0 1.421875 0.0 0.3394607843137255 51
520 0.1 1.4296875 0.0 1.4296875 0.0 0.3602764423076923 52
530 0.1 1.58984375 0.0 1.58984375 0.0 0.38045400943396224 53
540 0.1 1.578125 0.0 1.58984375 0.0 0.40285011574074076 54
550 0.1 1.48828125 0.0 1.58984375 0.0 0.42421875 55
560 0.1 1.48828125 0.0 1.58984375 0.0 0.44321986607142855 56
570 0.1 1.328125 0.0 1.58984375 0.0 0.4615542763157895 57
580 0.1 1.28125 0.0 1.58984375 0.0 0.47649515086206895 58
590 0.1 1.3203125 0.0 1.58984375 0.0 0.490135063559322 59
600 0.1 1.26953125 0.0 1.58984375 0.0 0.5039713541666667 60
610 0.1 1.23046875 0.0 1.58984375 0.0 0.5165215163934427 61
620 0.1 1.19140625 0.0 1.58984375 0.0 0.5280367943548387 62
630 0.1 1.16015625 0.0 1.58984375 0.0 0.5385664682539683 63
640 0.1 1.140625 0.0 1.58984375 0.0 0.54827880859375 64
650 0.1 1.19921875 0.0 1.58984375 0.0 0.5573918269230769 65
660 0.1 1.16015625 0.0 1.58984375 0.0 0.5671164772727273 66
670 0.1 1.140625 0.0 1.58984375 0.0 0.5759678171641791 67
680 0.1 1.12109375 0.0 1.58984375 0.0 0.5842715992647058 68
690 0.1 1.1015625 0.0 1.58984375 0.0 0.5920516304347826 69
700 0.1 1.16015625 0.0 1.58984375 0.0 0.5993303571428571 70
710 0.1 1.12109375 0.0 1.58984375 0.0 0.6072293133802817 71
720 0.1 1.1015625 0.0 1.58984375 0.0 0.6143663194444445 72
730 0.1 1.08984375 0.0 1.58984375 0.0 0.6210402397260275 73
740 0.1 1.0703125 0.0 1.58984375 0.0 0.6273754222972974 74
750 0.1 1.05859375 0.0 1.58984375 0.0 0.6332812500000001 75
760 0.1 1.05078125 0.0 1.58984375 0.0 0.6388774671052633 76
770 0.1 0.890625 0.0 1.58984375 0.0 0.6442268668831169 77
780 0.1 0.75 0.0 1.58984375 0.0 0.6473858173076923 78
790 0.1 0.640625 0.0 1.58984375 0.0 0.6486847310126582 79
800 0.1 0.5390625 0.0 1.58984375 0.0 0.648583984375 80
810 0.1 0.44921875 0.0 1.58984375 0.0 0.6472318672839507 81
820 0.1 0.37890625 0.0 1.58984375 0.0 0.6448170731707317 82
830 0.1 0.3203125 0.0 1.58984375 0.0 0.641613328313253 83
