0 1.9 10.849105263157893 5.071149801051941 25.842 7.555 0 0
10 3.5 53.42762857142856 65.50834825232397 278.982 7.261 10.849105263157893 19
20 7.8 39.385858974358975 40.800754786798 278.982 6.951 38.44629629629629 54
30 13.2 47.42190909090907 38.73344932911513 278.982 6.951 39.00149242424243 132
40 18.9 44.68884126984132 40.61615538710958 278.982 6.547 43.21170075757575 264
50 21.9 48.927365296803615 48.921428425214266 344.92 6.307 43.82799116997794 453
60 21.5 45.24349302325582 39.58513745990683 344.92 6.307 45.489840773809526 672
70 20.1 37.022129353233865 28.686430091355962 344.92 6.307 45.43012852311162 887
80 19 40.3794 40.38429241605284 344.92 5.633 43.87681250000001 1088
90 19.5 40.073538461538426 38.454710857189646 344.92 5.633 43.35685289514867 1278
100 24.2 47.36876033057853 43.32513095315289 344.92 5.633 42.922198234894765 1473
110 27.2 44.396069852941174 39.127106032007696 344.92 5.633 43.54964314868804 1715
120 29.6 42.94933783783787 38.56974318914252 344.92 5.633 43.66551031706089 1987
130 31.1 49.16087138263665 55.78067689586556 447.609 5.633 43.57265571616294 2283
140 34.1 52.15848680351907 52.922507071867074 447.609 5.633 44.24263839629915 2594
150 33.4 43.5903293413174 41.63847388234607 447.609 5.633 45.1623332197615 2935
160 34.9 55.73701146131808 57.265273780165835 447.609 5.633 45.00171856836954 3269
170 38.4 49.042601562499954 45.91255976712575 447.609 5.633 46.03726782752903 3618
180 43.6 60.92995871559636 65.22721825265852 459.547 5.633 46.325635682158925 4002
190 50 68.56436399999993 64.76319373696377 459.547 5.633 47.760400180261385 4438
200 55.7 73.51861759425492 79.19858298114814 555.008 5.582 49.86691737545565 4938
210 62.3 84.31659229534503 79.30307149566137 555.008 5.582 52.26436906278435 5495
220 64.4 111.33734006211192 97.19378722403569 555.008 5.582 55.52826822491009 6118
230 69.4 107.32748559077805 119.15174866740529 803.55 5.582 60.84341792369122 6762
240 70.1 85.03651212553497 80.49698385343076 803.55 5.582 65.17012701180258 7456
250 73.4 128.7438814713897 135.91060997970476 803.55 5.522 66.87741350986883 8157
260 75.1 194.36137816245025 152.29711812008753 803.55 5.522 71.98482409177822 8891
270 85.5 303.7918081871347 272.3577443472484 1159.945 5.522 81.51653868492018 9642
280 89.7 500.02992530657747 379.621080185427 1738.244 5.522 99.62126912451181 10497
290 85.3 757.2537397420872 530.564656597395 2208.468 5.522 131.14369887660177 11394
300 94.3 975.2940625662777 582.3722745775189 2535.936 5.522 174.75208173430235 12247
310 75.6 1416.051342592594 940.0608541236915 4483.998 5.522 231.98567445034124 13190
320 88.2 2227.752916099776 1407.6845395965302 5073.789 1.144 296.17279944070003 13946
330 89.1 2455.2954624018 1164.7552148072045 5073.789 1.144 411.0671657000274 14828
340 88.9 2999.7783127109146 1602.4981019468148 5811.508 0.772 526.9401482282593 15719
350 125.1 2592.8761199040737 1957.6665961116685 6196.491 0.772 659.3072681840083 16608
360 170.8 1821.7633237704922 1902.0960014110533 6196.491 0.716 794.7512814827262 17859
370 212.4 1526.5147970809796 1831.071150851251 6196.491 0.694 884.3989826238058 19567
380 259.7 1265.936663072778 1730.2408042930647 6196.491 0.689 947.275474713015 21691
390 295.9 1098.8559087529566 1681.5324710985499 6669.336 0.627 981.3483957509885 24288
400 316 1030.6026566455714 1614.200134524823 6734.758 0.627 994.1096072962165 27247
410 311 991.7112520900318 1555.4979524505873 6734.758 0.627 997.9020904725891 30407
420 326.9 980.8853169164886 1449.8566406568277 6734.758 0.627 997.3276504162072 33517
430 335.4 962.1298014311242 1449.3363929998839 6734.758 0.627 995.8664970369168 36786
440 330.5 979.0176571860812 1519.879942336281 6734.758 0.627 993.0475414549081 40140
450 327.1 974.4690217059022 1598.5025396473186 6952.836 0.627 991.9802433191394 43445
460 334.5 985.2588950672666 1527.546306153144 6952.836 0.627 990.7541279433175 46716
470 354.2 878.3165186335425 1504.07460092794 6952.836 0.627 990.3869448273113 50061
480 363.9 871.2920332508937 1456.6703505875244 6952.836 0.627 982.9815113706329 53603
490 403.4 797.4195312345093 1379.5925369608558 6952.836 0.627 975.8811652807385 57242
500 427.8 762.7394576905094 1441.7897755035035 6952.836 0.627 964.1324507474386 61276
510 436.1 741.6532524650311 1399.6164176069042 6952.836 0.627 950.989710040578 65554
520 444.2 741.2285819450689 1379.0372015454384 6952.836 0.627 937.9321931774303 69915
530 467.8 708.682399529709 1384.449129382143 7610.886 0.627 926.1813500679162 74357
540 484.4 661.0994944260935 1273.5540094230275 7610.886 0.627 913.3078118808127 79035
550 502.9 664.36841936767 1255.9435111244786 7610.886 0.627 898.7428183812399 83879
560 493 636.0835825557783 1201.8719355891392 7610.886 0.627 885.4856440815229 88908
570 548 600.44615310219 1194.6806415691678 7610.886 0.627 872.3827202838938 93838
580 572.9 563.9679809739915 1109.6251451650726 7610.886 0.627 857.378266024286 99318
590 607.4 543.0425635495545 1078.2511739675967 7610.886 0.627 841.3764047331197 105047
600 621.7 522.0409017210915 1095.6281383252174 7610.886 0.627 825.0691383176899 111121
610 635.5 491.40652006294243 1059.960601595394 7610.886 0.627 809.013584729585 117338
620 636.1 576.642513126866 1165.6377942258998 8096.97 0.627 792.6958230457669 123693
630 674.2 495.67261302284203 973.4538009876344 8096.97 0.627 782.1285578759595 130054
640 649.2 498.696919439311 933.604812556059 8096.97 0.627 768.0105574943715 136796
650 694.9 361.9558530723822 775.4028241000879 8096.97 0.627 755.8086694210265 143288
660 706.9 408.4172246428062 1480.9594281071081 9460.295 0.627 737.591564308393 150237
670 713.7 449.8202866750738 1648.2680015236685 13808.974 0.627 722.7991634648395 157306
680 723.8 461.1731740812349 1609.600946573171 14424.301 0.627 710.9515917004679 164443
690 743.5 489.2803252185601 1774.3157918709028 34916.723 0.627 700.4210368532338 171681
700 731.1 470.6829307892217 1437.8127304175987 34916.723 0.627 691.6567098751648 179116
710 766.9 487.57704681184083 2064.4451810355763 60045.872 0.627 682.990908790036 186427
720 711.6 459.2309571388444 1397.9916805745538 60045.872 0.627 675.2698382501445 194096
730 613.3 524.883934126855 1518.8126552403035 60045.872 0.627 667.6294754587204 201212
740 470.8 660.629448810534 1663.226951359925 60045.872 0.627 663.4072448527819 207345
750 313.5 960.9008373205796 2091.080113383248 60045.872 0.627 663.3455722343002 212053
760 189 1531.974975132277 2485.3012741183074 60045.872 0.627 667.6805526051643 215188
770 101.3 2459.5219654491657 2938.2809248250032 60045.872 0.627 675.2055733745478 217078
780 80 3131.545451250004 3170.8357387963074 60045.872 0.627 683.4934555208612 218091
790 63.5 2192.372303937008 5815.258583103956 60045.872 0.627 692.440564340243 218891
800 27.8 850.751291366907 1985.716483253067 60045.872 0.627 696.7792606889394 219526
810 8.3 428.19199999999995 1389.9812869660798 60045.872 0.627 696.973998839876 219804
820 2.8 363.2431428571428 1288.2949600551972 60045.872 0.627 696.8725426105232 219887
830 0.4 2507.2780000000002 2501.52711474671 60045.872 0.627 696.830064274834 219915
833 0.1 5.234 0.0 60045.872 0.627 696.8629936340202 219919
