10 0.1 2234 0 2234 2234 0 0
20 0.1 797.0 0.0 2234 797 2234.0 1
30 0.1 985.0 0.0 2234 797 1515.5 2
40 0.1 1805.0 0.0 2234 797 1338.6666666666667 3
50 0.1 2260.0 0.0 2260 797 1455.25 4
60 0.1 2637.0 0.0 2637 797 1616.2 5
70 0.1 2291.0 0.0 2637 797 1786.3333333333333 6
80 0.1 2262.0 0.0 2637 797 1858.4285714285713 7
90 0.1 2004.0 0.0 2637 797 1908.875 8
100 0.1 2341.0 0.0 2637 797 1919.4444444444443 9
110 0.1 2686.0 0.0 2686 797 1961.6 10
120 0.1 3337.0 0.0 3337 797 2027.4545454545455 11
130 0.1 3.3e3 0.0 3337 797 2136.5833333333335 12
140 0.1 3843.0 0.0 3843 797 2226.076923076923 13
150 0.1 3631.0 0.0 3843 797 2341.5714285714284 14
160 0.1 4082.0 0.0 4082 797 2427.5333333333333 15
170 0.1 4037.0 0.0 4082 797 2530.9375 16
180 0.1 4729.0 0.0 4729 797 2619.529411764706 17
190 0.1 5105.0 0.0 5105 797 2736.722222222222 18
200 0.1 6138.0 0.0 6138 797 2861.3684210526317 19
210 0.1 6643.0 0.0 6643 797 3025.2 20
220 0.1 7602.0 0.0 7602 797 3197.4761904761904 21
230 0.1 8375.0 0.0 8375 797 3397.681818181818 22
240 0.1 8097.0 0.0 8375 797 3614.086956521739 23
250 0.1 8527.0 0.0 8527 797 3800.875 24
260 0.1 8299.0 0.0 8527 797 3989.92 25
270 0.1 9765.0 0.0 9765 797 4155.653846153846 26
280 0.1 10966.0 0.0 10966 797 4363.407407407407 27
290 0.1 11287.0 0.0 11287 797 4599.214285714285 28
300 0.1 11004.0 0.0 11287 797 4829.827586206897 29
310 0.1 11286.0 0.0 11287 797 5035.633333333333 30
320 0.1 9439.0 0.0 11287 797 5237.258064516129 31
330 0.1 11208.0 0.0 11287 797 5368.5625 32
340 0.1 11322.0 0.0 11322 797 5545.515151515152 33
350 0.1 11048.0 0.0 11322 797 5715.411764705882 34
360 0.1 13621.0 0.0 13621 797 5867.771428571428 35
370 0.1 16666.0 0.0 16666 797 6083.138888888889 36
380 0.1 18883.0 0.0 18883 797 6369.1621621621625 37
390 0.1 20664.0 0.0 20664 797 6698.473684210527 38
400 0.1 22939.0 0.0 22939 797 7056.5641025641025 39
410 0.1 23372.0 0.0 23372 797 7453.625 40
420 0.1 24322.0 0.0 24322 797 7841.878048780488 41
430 0.1 25383.0 0.0 25383 797 8234.261904761905 42
440 0.1 24996.0 0.0 25383 797 8633.06976744186 43
450 0.1 23516.0 0.0 25383 797 9004.954545454546 44
460 0.1 23629.0 0.0 25383 797 9327.422222222222 45
470 0.1 24716.0 0.0 25383 797 9638.32608695652 46
480 0.1 25856.0 0.0 25856 797 9959.127659574468 47
490 0.1 27469.0 0.0 27469 797 10290.3125 48
500 0.1 28109.0 0.0 28109 797 10640.897959183674 49
510 0.1 29194.0 0.0 29194 797 10990.26 50
520 0.1 29404.0 0.0 29404 797 11347.196078431372 51
530 0.1 30285.0 0.0 30285 797 11694.442307692309 52
540 0.1 30613.0 0.0 30613 797 12045.207547169812 53
550 0.1 32680.0 0.0 32680 797 12389.055555555555 54
560 0.1 33399.0 0.0 33399 797 12757.981818181817 55
570 0.1 33659.0 0.0 33659 797 13126.57142857143 56
580 0.1 35887.0 0.0 35887 797 13486.78947368421 57
590 0.1 38794.0 0.0 38794 797 13873.0 58
600 0.1 38554.0 0.0 38794 797 14295.389830508475 59
610 0.1 39731.0 0.0 39731 797 14699.7 60
620 0.1 38979.0 0.0 39731 797 15110.04918032787 61
630 0.1 41522.0 0.0 41522 797 15495.032258064517 62
640 0.1 42761.0 0.0 42761 797 15908.15873015873 63
650 0.1 46553.0 0.0 46553 797 16327.734375 64
660 0.1 42299.0 0.0 46553 797 16792.73846153846 65
670 0.1 37620.0 0.0 46553 797 17179.196969696968 66
680 0.1 38181.0 0.0 46553 797 17484.283582089553 67
690 0.1 39489.0 0.0 46553 797 17788.647058823528 68
700 0.1 42670.0 0.0 46553 797 18103.144927536232 69
710 0.1 44417.0 0.0 46553 797 18454.1 70
720 0.1 44084.0 0.0 46553 797 18819.774647887323 71
730 0.1 38827.0 0.0 46553 797 19170.666666666668 72
740 0.1 34403.0 0.0 46553 797 19439.931506849316 73
750 0.1 25693.0 0.0 46553 797 19642.135135135137 74
760 0.1 16276.0 0.0 46553 797 19722.813333333335 75
770 0.1 9724.0 0.0 46553 797 19677.460526315794 76
780 0.1 5520.0 0.0 46553 797 19548.19480519481 77
790 0.1 4524.0 0.0 46553 797 19368.346153846156 78
800 0.1 2775.0 0.0 46553 797 19180.44303797469 79
810 0.1 1163.0 0.0 46553 797 18975.375000000007 80
820 0.1 313.0 0.0 46553 313 18755.469135802476 81
830 0.1 81.0 0.0 46553 81 18530.560975609762 82
