0 1.9 10.849105263157893 5.071149801051941 25.842 7.555 0 0
10 4.8 38.90172916666666 45.83985745993854 245.555 7.261 10.849105263157893 19
20 11.5 26.715139130434782 25.16741041691986 245.555 4.69 30.94650746268656 67
30 21.2 29.506816037735856 24.913755208210752 245.555 4.569 28.272840659340655 182
40 28.9 29.131979238754326 27.690368813305273 245.555 4.569 28.936807106598987 394
50 33.9 31.811005899705016 34.50025707133449 301.924 4.569 29.01939092240117 683
60 33.1 29.16181268882174 28.82820987891757 301.924 4.479 29.945376712328766 1022
70 29.1 25.439601374570454 19.273408691338584 301.924 4.479 29.753684405025865 1353
80 27.2 28.16310661764706 27.305896272459336 301.924 4.479 28.990060218978098 1644
90 28.8 27.144340277777772 24.4820505951308 301.924 4.479 28.872663883089764 1916
100 37.2 30.7259919354839 29.2425561585409 301.924 4.479 28.646821234119777 2204
110 41.5 29.053045783132518 26.971426825131925 301.924 4.469 28.947074145962734 2576
120 44.9 28.305035634743934 25.589827050081308 301.924 4.232 28.961777666332328 2991
130 46.5 32.847959139784976 38.02923778369851 441.722 4.232 28.87605755813954 3440
140 50.5 35.14281584158416 36.21963079188881 441.722 4.232 29.349024071702956 3905
150 49.7 29.296426559356213 28.82225236304083 441.722 4.232 30.012485487528355 4410
160 52.4 37.222375954198554 39.76131721910092 441.722 4.232 29.939960260851866 4907
170 57.6 32.468385416666635 30.419712953973576 441.722 4.232 30.642590683115476 5431
180 66.1 40.141301059001506 46.46271643861239 441.722 4.232 30.81766272681873 6007
190 74 46.27992702702702 46.11476171970261 441.722 4.213 31.741916616676683 6668
200 83.9 48.92577234803335 55.18154421553777 458.486 4.213 33.19414767818576 7408
210 95 55.14229473684213 56.051175502894544 458.486 4.213 34.79458821389598 8247
220 98.4 73.23273577235754 67.36189395306823 458.486 4.213 36.896395455039695 9197
230 104.5 70.82605071770342 85.28357217029914 501.394 4.213 40.40832541007759 10181
240 103.9 57.38486717998079 56.849813937693824 501.394 4.213 43.23983466951719 11226
250 104.9 89.96848617731169 95.23345149616446 632.66 4.213 44.438097105584994 12265
260 116 125.9658310344827 103.46551156097817 632.66 4.213 48.02540205798407 13314
270 131 199.316296946565 181.1744600195238 721.31 4.213 54.27183687992261 14474
280 137.5 328.3514807272731 241.73269731146675 975.281 4.213 66.30986543335023 15784
290 129.7 511.62406245181177 331.93335597799944 1240.527 4.213 87.30801340404456 17159
300 136.7 668.7556627651791 296.792030001302 1446.303 4.213 117.1269295080191 18456
310 115 1017.8633417391318 612.8048438600408 2688.098 4.213 155.1674116934874 19823
320 131.3 1474.4749741051019 852.9999387555166 2951.202 0.333 202.4711030849188 20973
330 133.3 1672.911602400599 511.2956525672033 2951.202 0.333 277.4123703670466 22286
340 136.2 2047.4010051395016 800.7173589070076 3359.815 0.303 356.1710170625344 23619
350 189.4 1701.300853748676 1111.8457197745781 3504.273 0.303 448.3793051118851 24981
360 260 1193.079888076924 1169.6547402304793 3504.273 0.287 536.6782228093022 26875
370 325.1 1007.8371867117824 1178.6112660078807 3504.273 0.285 594.5796419677691 29475
380 393.9 818.4926458492007 1130.67340115266 3504.273 0.285 635.6326358552833 32726
390 444.9 719.860468419866 1120.8173098213608 3728.259 0.275 655.2776809764081 36665
400 475.4 680.8819459402613 1117.4548312882578 3748.309 0.275 662.2662693243174 41114
410 466.4 661.3953745711821 1078.1658442793907 3748.309 0.275 664.1956956483821 45868
420 498.4 647.0564723113963 993.8542592094348 3748.309 0.275 663.9372317541357 50532
430 501.1 642.7340311315091 1017.1782581597099 3748.309 0.275 662.4217460371782 55516
440 488.2 663.8563971732879 1081.9372641536277 3748.309 0.275 660.7918099856258 60527
450 486.9 661.3394290408693 1114.4303523038586 3846.777 0.275 661.020544787414 65409
460 500.3 648.172283030182 1059.1787331411003 3930.794 0.275 661.0426377244651 70278
470 535.5 588.9154444444429 1041.4588047808743 3930.794 0.275 660.1873039146659 75281
480 548 577.6742510948884 1009.2017252282092 3930.794 0.275 655.4541722183634 80636
490 607.3 526.2252101103294 955.0556663071919 3930.794 0.275 650.504639404988 86116
500 641.7 510.6695128564756 1014.9707512720083 3930.794 0.275 642.317665101042 92189
510 651.5 493.4562492709143 984.7191713651248 3930.794 0.275 633.7503751495849 98606
520 670.5 494.02978120805227 974.6507882512724 3930.794 0.275 625.0554785057218 105121
530 700.8 464.53405650684994 984.6763430559463 4190.271 0.275 617.1992795861424 111826
540 730.4 441.05875369660544 921.411261015934 4190.271 0.275 608.19615015063 118834
550 748.6 442.69889072936127 901.7492656971752 4190.271 0.275 598.5180868889627 126138
560 736.7 422.94984919234327 873.1920361390203 4190.271 0.275 589.788648296713 133624
570 823.6 397.0892634774169 867.9311194370803 4190.271 0.275 581.0710604152035 140991
580 867.4 374.6397675812782 818.8229774747016 4190.271 0.275 570.91690547287 149227
590 911.2 359.27989157155525 793.491018328237 4190.271 0.275 560.1347831679342 157901
600 938 348.19723731343333 827.7948952582262 4402.597 0.275 549.1764160215072 167013
610 946.6 325.16662592436285 794.8266702182268 4873.91 0.275 538.4890038436898 176393
620 951.4 381.8850013664057 878.332637152216 5384.078 0.275 527.6242642863676 185859
630 1012.9 329.25087135946336 742.9812541219299 5384.078 0.275 520.527258316144 195373
640 984.8 325.39381316003255 705.8765809873522 5384.078 0.275 511.09942538272134 205502
650 1048.3 234.4568881999431 578.4487934023512 5384.078 0.275 502.6070693615045 215350
660 1050.5 270.6599548786281 1212.385726680898 9452.891 0.275 490.15973726603283 225833
670 1060.1 301.2713178945379 1367.443783784113 13798.35 0.275 480.4031800726078 236338
680 1084 306.2413386531389 1331.6513236003784 14424.301 0.275 472.71311543741564 246939
690 1126.8 319.67851437699574 1457.5240677935737 34916.723 0.275 465.712723394846 257779
700 1108.3 306.6333049715784 1185.267342053974 34916.723 0.275 459.59664156820185 269047
710 1155.5 319.59815525746524 1695.0049686111934 60039.426 0.275 453.5448346946061 280130
720 1081.4 299.52665785093353 1151.429666381906 60039.426 0.275 448.23858349589466 291685
730 933.2 343.87736830261446 1254.871659951833 60039.426 0.275 442.9222989332197 302499
740 706.9 439.34829056443374 1391.6949084828286 60039.426 0.275 439.9582341268188 311831
750 454.5 662.5100090209022 1792.1563085226294 60039.426 0.275 439.94471361555355 318900
760 264.9 1092.8367402793488 2210.1737450139062 60039.426 0.275 443.0721673329315 323445
770 140.6 1771.9638371266021 2727.0453745918567 60039.426 0.275 448.35048080614797 326094
780 106.4 2354.477271616542 3063.7700135936143 60039.426 0.273 454.03292471145045 327500
790 81.7 1703.940368421051 5207.254794480404 60039.426 0.273 460.1871984149208 328564
800 35.1 673.7679544159549 1800.592855418536 60039.426 0.273 463.27221649396904 329381
810 10.9 326.00094495412833 1226.5894836199896 60039.426 0.273 463.4962893895649 329732
820 3.4 299.09805882352936 1177.2901465344032 60039.426 0.273 463.45085236826225 329841
830 0.4 2507.2780000000002 2501.52711474671 60039.426 0.273 463.43391263357324 329875
833 0.1 5.234 0.0 60039.426 0.273 463.4586955883823 329879
