10 0.1 1629 0 1629 1629 0 0
20 0.1 517.0 0.0 1629 517 1629.0 1
30 0.1 490.0 0.0 1629 490 1073.0 2
40 0.1 865.0 0.0 1629 490 878.6666666666666 3
50 0.1 1109.0 0.0 1629 490 875.25 4
60 0.1 1244.0 0.0 1629 490 922.0 5
70 0.1 1133.0 0.0 1629 490 975.6666666666666 6
80 0.1 1160.0 0.0 1629 490 998.1428571428571 7
90 0.1 1075.0 0.0 1629 490 1018.375 8
100 0.1 1187.0 0.0 1629 490 1024.6666666666667 9
110 0.1 1361.0 0.0 1629 490 1040.9 10
120 0.1 1688.0 0.0 1688 490 1070.0 11
130 0.1 1598.0 0.0 1688 490 1121.5 12
140 0.1 1888.0 0.0 1888 490 1158.1538461538462 13
150 0.1 1820.0 0.0 1888 490 1210.2857142857142 14
160 0.1 2094.0 0.0 2094 490 1250.9333333333334 15
170 0.1 2065.0 0.0 2094 490 1303.625 16
180 0.1 2429.0 0.0 2429 490 1348.4117647058824 17
190 0.1 2608.0 0.0 2608 490 1408.4444444444443 18
200 0.1 3104.0 0.0 3104 490 1471.578947368421 19
210 0.1 3291.0 0.0 3291 490 1553.2 20
220 0.1 3704.0 0.0 3704 490 1635.952380952381 21
230 0.1 3972.0 0.0 3972 490 1729.9545454545455 22
240 0.1 3955.0 0.0 3972 490 1827.4347826086957 23
250 0.1 4224.0 0.0 4224 490 1916.0833333333333 24
260 0.1 4147.0 0.0 4224 490 2008.4 25
270 0.1 4586.0 0.0 4586 490 2090.653846153846 26
280 0.1 5175.0 0.0 5175 490 2183.074074074074 27
290 0.1 5461.0 0.0 5461 490 2289.928571428571 28
300 0.1 5352.0 0.0 5461 490 2399.2758620689656 29
310 0.1 5865.0 0.0 5865 490 2497.7 30
320 0.1 4914.0 0.0 5865 490 2606.3225806451615 31
330 0.1 5632.0 0.0 5865 490 2678.4375 32
340 0.1 5858.0 0.0 5865 490 2767.939393939394 33
350 0.1 5640.0 0.0 5865 490 2858.823529411765 34
360 0.1 7945.0 0.0 7945 490 2938.285714285714 35
370 0.1 10931.0 0.0 10931 490 3077.3611111111113 36
380 0.1 13316.0 0.0 13316 490 3289.6216216216217 37
390 0.1 15906.0 0.0 15906 490 3553.4736842105262 38
400 0.1 17535.0 0.0 17535 490 3870.2051282051284 39
410 0.1 18962.0 0.0 18962 490 4211.825 40
420 0.1 19290.0 0.0 19290 490 4571.585365853659 41
430 0.1 19926.0 0.0 19926 490 4922.02380952381 42
440 0.1 19793.0 0.0 19926 490 5270.9534883720935 43
450 0.1 19154.0 0.0 19926 490 5601.000000000001 44
460 0.1 19273.0 0.0 19926 490 5902.177777777778 45
470 0.1 19782.0 0.0 19926 490 6192.847826086957 46
480 0.1 20940.0 0.0 20940 490 6481.978723404255 47
490 0.1 22264.0 0.0 22264 490 6783.1875 48
500 0.1 23084.0 0.0 23084 490 7099.122448979592 49
510 0.1 24359.0 0.0 24359 490 7418.82 50
520 0.1 24891.0 0.0 24891 490 7750.980392156863 51
530 0.1 25348.0 0.0 25348 490 8080.596153846154 52
540 0.1 26390.0 0.0 26390 490 8406.396226415094 53
550 0.1 27823.0 0.0 27823 490 8739.425925925925 54
560 0.1 28161.0 0.0 28161 490 9086.4 55
570 0.1 29078.0 0.0 29078 490 9427.017857142857 56
580 0.1 30866.0 0.0 30866 490 9771.771929824561 57
590 0.1 33067.0 0.0 33067 490 10135.465517241379 58
600 0.1 33841.0 0.0 33841 490 10524.135593220339 59
610 0.1 35064.0 0.0 35064 490 10912.75 60
620 0.1 34884.0 0.0 35064 490 11308.672131147541 61
630 0.1 36235.0 0.0 36235 490 11688.91935483871 62
640 0.1 37419.0 0.0 37419 490 12078.539682539682 63
650 0.1 39596.0 0.0 39596 490 12474.484375 64
660 0.1 38796.0 0.0 39596 490 12891.738461538462 65
670 0.1 37749.0 0.0 39596 490 13284.227272727272 66
680 0.1 37950.0 0.0 39596 490 13649.373134328358 67
690 0.1 39187.0 0.0 39596 490 14006.735294117647 68
700 0.1 41070.0 0.0 41070 490 14371.666666666666 69
710 0.1 42850.0 0.0 42850 490 14753.07142857143 70
720 0.1 42450.0 0.0 42850 490 15148.802816901409 71
730 0.1 37428.0 0.0 42850 490 15527.986111111111 72
740 0.1 32410.0 0.0 42850 490 15827.986301369863 73
750 0.1 24144.0 0.0 42850 490 16052.067567567568 74
760 0.1 15278.0 0.0 42850 490 16159.96 75
770 0.1 9093.0 0.0 42850 490 16148.355263157895 76
780 0.1 5067.0 0.0 42850 490 16056.727272727272 77
790 0.1 4151.0 0.0 42850 490 15915.833333333334 78
800 0.1 2687.0 0.0 42850 490 15766.911392405063 79
810 0.1 1154.0 0.0 42850 490 15603.4125 80
820 0.1 326.0 0.0 42850 326 15425.024691358025 81
830 0.1 86.0 0.0 42850 86 15240.890243902439 82
