40 0.5 37518.43779999999 1867.9129157978891 40743.563 35058.154 0 0
50 0.7 45284.822571428565 4330.823957866048 52575.866 35058.154 37518.43779999999 5
60 1.1 51074.10463636364 8075.746036822504 67806.469 35058.154 42048.82891666666 12
70 1.2 53068.20625000002 10463.717204322445 68246.128 35058.154 46365.26513043478 23
80 1.3 52711.24138461539 10584.72027316089 76259.031 35058.154 48663.41637142858 35
90 0.7 55367.39314285714 10730.601010420558 76259.031 35058.154 49759.702312500005 48
100 0.7 57027.978428571434 12844.561289994424 78393.16 35058.154 50473.40841818182 55
110 0.8 46666.693999999996 4055.2767155093125 78393.16 35058.154 51213.440516129034 62
120 1.4 46184.87335714285 6142.990546122543 78393.16 35058.154 50693.81234285714 70
130 1.5 46552.25360000002 5558.079478269233 78393.16 35058.154 49942.322511904764 84
140 2.1 49547.45047619048 11904.834699294039 78393.16 35058.154 49428.67570707071 99
150 1 50890.0801 12172.911891222055 82265.921 35058.154 49449.461291666674 120
160 1.4 54137.301 15008.802513573035 92083.885 35016.549 49560.278123076925 130
170 2.2 49558.72563636363 10063.620997625045 92083.885 35016.549 50005.26645833333 144
180 1.3 49676.64253846155 5681.134922786785 92083.885 35016.549 49946.08634939759 166
190 2.2 48401.60968181817 6523.735323972428 92083.885 35016.549 49926.51780446928 179
200 1.9 51385.91415789473 7403.103976130292 92083.885 35016.549 49759.61243781095 201
210 2.7 51619.96129629629 9478.82393312419 92083.885 35016.549 49900.06576818182 220
220 2.5 52217.58392000001 12046.281469676504 92083.885 35016.549 50088.070542510126 247
230 3.3 48956.93709090909 8788.71455272523 92083.885 35016.549 50283.797875 272
240 3.2 48664.03884374999 7126.452812166626 92083.885 35016.549 50140.23588852459 305
250 4.3 49061.14567441861 6813.084696452205 92083.885 35016.549 50000.06287537092 337
260 3 52533.437866666674 9780.772003299551 92083.885 35016.549 49893.816981578944 380
270 2.6 49842.85123076923 8503.895298686635 92083.885 35016.549 50086.95997317073 410
280 2.7 52240.58477777777 10601.84472982417 92083.885 35016.549 50072.40302981651 436
290 3.2 60716.43184375 14239.093383241132 96460.742 35016.549 50198.84127429805 463
300 4.8 57848.95606250001 8239.920617121346 96460.742 35016.549 50878.76632121211 495
310 3.1 63312.12229032261 9892.570525302332 107507.631 35016.549 51494.915690607726 543
320 2.6 66160.41042307692 8955.920736295659 107507.631 35016.549 52133.1271968641 574
330 2.7 70311.40948148147 9827.227723190972 107507.631 35016.549 52740.97613666666 600
340 1.9 77441.99794736842 9022.568723554905 107507.631 35016.549 53497.59766826155 627
350 2.6 79937.5395769231 7875.896678062246 107507.631 35016.549 54201.84473529411 646
360 3.8 85579.44421052632 14097.477709084886 135422.832 35016.549 55197.57102380951 672
370 4.5 87147.9214888889 12490.763471598055 135422.832 35016.549 56823.64310985915 710
380 7.1 86187.00460563377 11717.948018994584 135422.832 35016.549 58631.05043046357 755
390 11.9 83199.31476470584 14384.637633328706 135422.832 35016.549 60999.661503631956 826
400 13.4 79417.8056791045 16031.66893124539 135422.832 35016.549 63795.17339576718 945
410 16.4 74354.41874390251 15117.271274555904 135422.832 35016.549 65735.33347544022 1079
420 14.6 72915.19539041091 18607.668774338545 139918.837 35016.549 66872.5257393403 1243
430 15.8 68085.98887974679 15003.022650790368 139918.837 35016.549 67507.68036069113 1389
440 16.6 69935.51012048197 14616.605910762428 139918.837 35016.549 67566.74483775046 1547
450 18.4 67834.52618478253 13582.140403554782 139918.837 35016.549 67796.29243666082 1713
460 16.4 67649.44658536583 13252.330491251243 139918.837 35016.549 67800.000928835 1897
470 15.8 67412.85789873412 15033.485146815607 139918.837 35016.549 67788.02086462882 2061
480 15.3 67083.7110653595 13172.079195380573 139918.837 35016.549 67761.30804416403 2219
490 17.8 67065.53779775277 14256.071549501728 141118.277 35016.549 67717.60132504215 2372
500 20.7 65895.53009178743 12873.97481230932 141118.277 35016.549 67672.08473372548 2550
510 19.2 65356.00343750003 13913.373846847511 141118.277 35016.549 67538.69815016321 2757
520 22 64722.436309090925 13245.168641465285 141118.277 35016.549 67396.58984740589 2949
530 20.7 65343.02023188405 16314.472886674595 158952.083 35016.549 67210.94334111706 3169
540 22.8 64092.07424561404 13793.792241145657 158952.083 35016.549 67096.41132582937 3376
550 22.8 62433.176539473636 14225.994670102045 158952.083 35016.549 66906.34782574915 3604
560 24.7 61725.1299757085 12467.710269167614 158952.083 35016.549 66640.19880349685 3832
570 25.9 61995.949034749014 12025.385633700089 158952.083 35016.549 66342.57144373619 4079
580 24.4 63748.75015573769 13678.267619745086 158952.083 35016.549 66083.05664338403 4338
590 27.1 61028.404254612586 14016.880239645374 158952.083 35016.549 65958.75049257964 4582
600 29.2 59148.54663698629 11855.24559439192 158952.083 35016.549 65683.43134349886 4853
610 30.3 59633.31895709575 11029.073267384982 158952.083 35016.549 65312.54964586976 5145
620 31.2 59518.21950641026 11936.545609312776 158952.083 35016.549 64996.68934875182 5448
630 31.2 59117.375461538475 11399.719736937768 158952.083 35016.549 64699.93889895832 5760
640 30.8 60017.42334090909 12073.114354192712 158952.083 35016.549 64413.08781324109 6072
650 31.2 57920.589701923076 10824.13877751237 158952.083 35016.549 64200.88332147334 6380
660 33.3 57381.0937747748 11762.621273537769 158952.083 35016.549 63908.0782393903 6692
670 40.2 58267.16547512441 11540.422906408116 158952.083 35016.549 63598.68523914589 7025
680 33.8 59411.511186390555 14354.020810740969 158952.083 34446.5 63310.10695112427 7427
690 34 58443.749220588244 13486.292506564609 158952.083 34446.5 63140.4063241468 7765
700 33.1 58702.89552567979 13167.088988162934 158952.083 34446.5 62943.38431116594 8105
710 38 58893.667781579 14305.848945508027 158952.083 34446.5 62777.00192757231 8436
720 40.3 57916.16053101731 11886.527980017348 158952.083 34446.5 62609.61683507259 8816
730 37.7 59087.51087798408 12867.531504998587 158952.083 34446.5 62404.446763423366 9219
740 32.5 60119.40367076928 11265.406970360114 158952.083 32470.07 62274.133629949974 9596
750 32.4 61551.46363580242 12751.585809010818 158952.083 32470.07 62203.54727406511 9921
760 22.1 63832.45211312217 13503.418818911208 158952.083 32470.07 62182.92500966324 10245
770 13 69640.19953076917 13651.516769286123 158952.083 32470.07 62217.756415153824 10466
780 14.7 75202.39292517009 10708.687473957109 158952.083 32470.07 62308.82074178935 10596
790 15.5 83715.3965612903 11369.222858516983 158952.083 32470.07 62485.24772782276 10743
800 7.2 93418.18731944448 11707.79248446219 158952.083 32470.07 62787.19974371444 10898
810 1.4 100222.39557142858 4754.277793526926 158952.083 32470.07 62988.24177702825 10970
820 1 119600.60079999999 16682.884071186527 158952.083 32470.07 63035.69972978877 10984
830 0.1 137620.666 0.0 158952.083 32470.07 63087.150431144255 10994
833 0.1 124526.967 0.0 158952.083 32470.07 63093.929286584804 10995
