0 173.99140625 173.99140625
10 351.0421875 525.03359375
20 705.47578125 1230.509375
30 1336.84140625 2567.35078125
40 1726.23359375 4293.584375
50 1895.49296875 6189.07734375
60 1908.3578125 8097.43515625
70 1636.52421875 9733.959375
80 1571.44921875 11305.40859375
90 1667.678125 12973.08671875
100 2146.46640625 15119.553125
110 2433.28828125 17552.84140625
120 2463.74921875 20016.590625
130 2704.6953125 22721.2859375
140 2864.540625 25585.8265625
150 2849.6875 28435.5140625
160 3002.575 31438.0890625
170 3273.1359375 34711.225
180 3784.21015625 38495.43515625
190 4326.43515625 42821.8703125
200 4838.1484375 47660.01875
210 5471.43671875 53131.45546875
220 5574.315625 58705.77109375
230 5980.6796875 64686.45078125
240 5911.93671875 70598.3875
250 5939.71171875 76538.09921875
260 6854.51328125 83392.6125
270 7446.3921875 90839.0046875
280 7965.0125 98804.0171875
290 7434.6171875 106238.634375
300 7902.11796875 114140.75234375
310 6627.5390625 120768.29140625
320 7723.0125 128491.30390625
330 7992.178125 136483.48203125
340 7259.5296875 143743.01171875
350 8131.5875 151874.59921875
360 8304.49296875 160179.0921875
370 8803.7140625 168982.80625
380 8408.7296875 177391.5359375
390 8654.18984375 186045.72578125
400 8041.8984375 194087.62421875
410 8136.07109375 202223.6953125
420 9209.17890625 211432.87421875
430 9016.24453125 220449.11875
440 8382.97109375 228832.08984375
450 7704.21953125 236536.309375
460 8583.69453125 245120.00390625
470 8257.55390625 253377.5578125
480 8970.15625 262347.7140625
490 9063.34921875 271411.06328125
500 8448.58046875 279859.64375
510 8550.7875 288410.43125
520 9025.61796875 297436.04921875
530 8245.675 305681.72421875
540 8919.653125 314601.37734375
550 9679.6546875 324281.03203125
560 8927.77421875 333208.80625
570 9189.925 342398.73125
580 9859.465625 352258.196875
590 10240.00625 362498.203125
600 9254.584375 371752.7875
610 8932.23203125 380685.01953125
620 10311.65625 390996.67578125
630 10621.11328125 401617.7890625
640 11331.21015625 412948.99921875
650 10220.86484375 423169.8640625
660 4687.08984375 427856.95390625
670 4844.2984375 432701.25234375
680 5353.34921875 438054.6015625
690 6135.09296875 444189.69453125
700 6662.5921875 450852.28671875
710 7178.29453125 458030.58125
720 6689.48359375 464720.06484375
730 5823.209375 470543.27421875
740 5255.28046875 475798.5546875
750 3596.7015625 479395.25625
760 2665.57109375 482060.82734375
770 1639.10546875 483699.9328125
780 1737.5234375 485437.45625
790 1553.990625 486991.446875
800 653.75390625 487645.20078125
810 216.1421875 487861.34296875
820 56.2078125 487917.55078125
830 5.96328125 487923.5140625
833 1.53125 487925.0453125
