0 4.72578125 4.72578125
10 26.19453125 30.9203125
20 66.14453125 97.06484375
30 130.4296875 227.49453125
40 176.41015625 403.9046875
50 215.30546875 619.21015625
60 204.4359375 823.64609375
70 176.13515625 999.78125
80 164.89609375 1164.67734375
90 175.68359375 1340.3609375
100 228.7734375 1569.134375
110 252.39765625 1821.53203125
120 281.48125 2103.01328125
130 281.78046875 2384.79375
140 310.74140625 2695.53515625
150 302.8796875 2998.41484375
160 325.28046875 3323.6953125
170 356.11875 3679.8140625
180 404.4234375 4084.2375
190 451.23515625 4535.47265625
200 514.30703125 5049.7796875
210 585.1828125 5634.9625
220 619.7890625 6254.7515625
230 634.6453125 6889.396875
240 639.26484375 7528.66171875
250 634.86015625 8163.521875
260 721.26875 8884.790625
270 820.17578125 9704.96640625
280 857.15859375 10562.125
290 826.71015625 11388.83515625
300 807.746875 12196.58203125
310 786.7328125 12983.31484375
320 776.89296875 13760.2078125
330 832.79453125 14593.00234375
340 832.9484375 15425.95078125
350 1032.34140625 16458.2921875
360 1291.5703125 17749.8625
370 1540.503125 19290.365625
380 1786.25234375 21076.61796875
390 1960.59375 23037.21171875
400 2066.62890625 25103.840625
410 2014.2953125 27118.1359375
420 2150.28359375 29268.41953125
430 2154.19921875 31422.61875
440 2086.190625 33508.809375
450 2092.3296875 35601.1390625
460 2138.50546875 37739.64453125
470 2267.92734375 40007.571875
480 2292.64375 42300.215625
490 2533.87421875 44834.08984375
500 2640.48125 47474.57109375
510 2644.6828125 50119.25390625
520 2718.940625 52838.19453125
530 2836.63359375 55674.828125
540 2932.484375 58607.3125
550 2979.78359375 61587.09609375
560 2942.0921875 64529.18828125
570 3235.4609375 67764.64921875
580 3398.4875 71163.13671875
590 3583.46171875 74746.5984375
600 3656.86484375 78403.46328125
610 3648.39375 82051.85703125
620 3630.0609375 85681.91796875
630 3908.36328125 89590.28125
640 3803.75546875 93394.03671875
650 4058.32421875 97452.3609375
660 3944.56484375 101396.92578125
670 3803.08984375 105200.015625
680 3659.33515625 108859.35078125
690 3671.39375 112530.74453125
700 3618.05 116148.79453125
710 3785.00390625 119933.7984375
720 3660.215625 123594.0140625
730 3209.93125 126803.9453125
740 2486.7546875 129290.7
750 1679.91875 130970.61875
760 1016.5828125 131987.2015625
770 550.27109375 132537.47265625
780 366.56640625 132904.0390625
790 317.96640625 133222.00546875
800 152.8828125 133374.88828125
810 48.94453125 133423.8328125
820 17.97421875 133441.80703125
830 1.71484375 133443.521875
833 0.76328125 133444.28515625
