0 15 15
10 29 29
20 39 39
30 49 49
40 53 54
50 48 54
60 48 54
70 51 54
80 51 54
90 61 61
100 68 68
110 80 80
120 76 80
130 84 84
140 84 86
150 97 98
160 107 107
170 103 107
180 119 120
190 139 139
200 162 163
210 175 177
220 177 185
230 180 185
240 204 204
250 215 224
260 232 232
270 255 260
280 289 292
290 319 322
300 362 366
310 401 402
320 481 482
330 555 556
340 623 623
350 708 708
360 833 835
370 936 938
380 1042 1043
390 1084 1088
400 1089 1096
410 1093 1105
420 1120 1120
430 1142 1146
440 1160 1170
450 1162 1170
460 1190 1192
470 1232 1232
480 1302 1304
490 1344 1345
500 1387 1390
510 1443 1443
520 1444 1447
530 1463 1476
540 1532 1534
550 1625 1625
560 1661 1664
570 1715 1719
580 1764 1778
590 1812 1838
600 1853 1854
610 1925 1930
620 1986 1986
630 2007 2013
640 2003 2013
650 2021 2023
660 2126 2127
670 2158 2158
680 2213 2220
690 2193 2220
700 2180 2220
710 2132 2220
720 1777 2220
730 1400 2220
740 1075 2220
750 751 2220
760 530 2220
770 400 2220
780 253 2220
790 98 2220
800 26 2220
810 12 2220
820 2 2220
830 1 2220
833 0 2220
