0 1.5 15
10 1.4 29
20 1 39
30 1 49
40 0.9 58
50 0.2 60
60 1.1 71
70 1.5 86
80 1.3 99
90 1.7 116
100 1.4 130
110 2 150
120 1 160
130 2.3 183
140 2.1 204
150 2.3 227
160 2.4 251
170 1.8 269
180 2.9 298
190 4.2 340
200 4.2 382
210 4 422
220 2.7 449
230 3.6 485
240 5.6 541
250 5.4 595
260 4.7 642
270 4.9 691
280 6.1 752
290 6.2 814
300 9.1 905
310 7 975
320 10.6 1081
330 10.1 1182
340 8.7 1269
350 11.1 1380
360 16.3 1543
370 14.8 1691
380 17.7 1868
390 16.1 2029
400 13.9 2168
410 16.8 2336
420 17.3 2509
430 18 2689
440 18.4 2873
450 18.6 3059
460 19.2 3251
470 20 3451
480 22.3 3674
490 22 3894
500 25 4144
510 24.8 4392
520 22.1 4613
530 22.6 4839
540 29.7 5136
550 32.1 5457
560 28.3 5740
570 31.3 6053
580 29.3 6346
590 31.9 6665
600 33.3 6998
610 37.5 7373
620 37.3 7746
630 33.3 8079
640 30.4 8383
650 33 8713
660 43.8 9151
670 43.4 9585
680 39.3 9978
690 32 10298
700 31.8 10616
710 33.2 10948
720 4.8 10996
730 0 10996
740 0 10996
750 0 10996
760 0 10996
770 0 10996
780 0 10996
790 0 10996
800 0 10996
810 0 10996
820 0 10996
830 0 10996
833 0 10996
