0 0.6 6
10 1.9 25
20 4.7 72
30 8.1 153
40 13.5 288
50 15.3 441
60 15.5 596
70 15.7 753
80 16.1 914
90 18.5 1099
100 20.6 1305
110 21.5 1520
120 20.9 1729
130 21.3 1942
140 22.3 2165
150 21.9 2384
160 24.6 2630
170 30.8 2938
180 31.2 3250
190 32.9 3579
200 37.9 3958
210 45.4 4412
220 51.6 4928
230 51.5 5443
240 54.1 5984
250 59.9 6583
260 60.3 7186
270 65 7836
280 71.1 8547
290 79.7 9344
300 90 10244
310 99.1 11235
320 102.9 12264
330 102.2 13286
340 97.1 14257
350 99.6 15253
360 101.6 16269
370 99.3 17262
380 94.7 18209
390 98.3 19192
400 90.5 20097
410 90 20997
420 97.6 21973
430 83.4 22807
440 83.8 23645
450 94.5 24590
460 95.2 25542
470 102.7 26569
480 106.7 27636
490 100.3 28639
500 94.8 29587
510 96.3 30550
520 97.7 31527
530 90.5 32432
540 91.9 33351
550 100.9 34360
560 98.3 35343
570 93 36273
580 108.5 37358
590 93.4 38292
600 108.9 39381
610 101.2 40393
620 103.8 41431
630 94.9 42380
640 102 43400
650 106 44460
660 105 45510
670 101.7 46527
680 92.1 47448
690 104.5 48493
700 100.9 49502
710 110.9 50611
720 82.3 51434
730 77.3 52207
740 70 52907
750 67.4 53581
760 53.5 54116
770 51.7 54633
780 31.2 54945
790 0.7 54952
800 1.4 54966
810 23.1 55197
820 21.3 55410
830 33 55740
840 5.9 55799
850 24.7 56046
860 30.5 56351
870 6.5 56416
880 0.4 56420
887 0 56420
