0 0.1 1
10 0.8 9
20 3.2 41
30 7 111
40 15.2 263
50 19.1 454
60 17.9 633
70 16 793
80 16.5 958
90 21.5 1173
100 23.4 1407
110 25.4 1661
120 24.9 1910
130 24.3 2153
140 22.1 2374
150 23.4 2608
160 30 2908
170 35.4 3262
180 32.9 3591
190 34.4 3935
200 42.1 4356
210 49.3 4849
220 56.5 5414
230 60.2 6016
240 63.7 6653
250 63.5 7288
260 66.3 7951
270 71.1 8662
280 82.8 9490
290 86.6 10356
300 94.4 11300
310 106.7 12367
320 113.7 13504
330 120.3 14707
340 105.9 15766
350 107.6 16842
360 108.3 17925
370 99.9 18924
380 96.7 19891
390 99.7 20888
400 92.1 21809
410 86.2 22671
420 92.7 23598
430 78.9 24387
440 67.5 25062
450 75.8 25820
460 76.5 26585
470 71.3 27298
480 71 28008
490 65.9 28667
500 61.1 29278
510 64.7 29925
520 66.1 30586
530 64.5 31231
540 61.1 31842
550 67.2 32514
560 60.6 33120
570 57.2 33692
580 58.5 34277
590 55.9 34836
600 60.5 35441
610 55.9 36000
620 54.5 36545
630 54.6 37091
640 57.1 37662
650 59.9 38261
660 57 38831
670 50.3 39334
680 50.5 39839
690 53.2 40371
700 53.1 40902
710 58.3 41485
720 48.2 41967
730 49 42457
740 47.7 42934
750 50.9 43443
760 37.4 43817
770 48.5 44302
780 33.6 44638
790 1 44648
800 1 44658
810 18.6 44844
820 16.4 45008
830 36.1 45369
840 7.2 45441
850 23.2 45673
860 33 46003
870 6.6 46069
880 0.5 46074
887 0.2 46076
