380 0.4 4
390 6.1 65
400 28.6 351
410 41 761
420 62.7 1388
430 110 2488
440 153.4 4022
450 203 6052
460 234.6 8398
470 249 10888
480 255.6 13444
490 240.2 15846
500 226.7 18113
510 222.1 20334
520 243.2 22766
530 260.9 25375
540 269.7 28072
550 301.7 31089
560 329.8 34387
570 329.7 37684
580 372 41404
590 378.7 45191
600 388.1 49072
610 395.1 53023
620 405.6 57079
630 397.9 61058
640 443.7 65495
650 460.1 70096
660 457 74666
670 493 79596
680 460.2 84198
690 483.4 89032
700 491.2 93944
710 491.1 98855
720 441.7 103272
730 426.3 107535
740 355.6 111091
750 270.6 113797
760 133 115127
770 70.7 115834
780 22.1 116055
790 1.7 116072
800 17.3 116245
810 29.6 116541
820 39.6 116937
830 10.6 117043
840 2.9 117072
850 7.4 117146
860 0.9 117155
870 0.1 117156
880 0 117156
887 0 117156
