390 1.9 19
400 8.8 107
410 13 237
420 18.9 426
430 23.3 659
440 29.8 957
450 44.8 1405
460 46.8 1873
470 51.6 2389
480 59.4 2983
490 56.5 3548
500 53.3 4081
510 50.4 4585
520 54.8 5133
530 54.6 5679
540 53.7 6216
550 59.6 6812
560 66.2 7474
570 63.7 8111
580 65.9 8770
590 61.2 9382
600 72.5 10107
610 66.7 10774
620 67.3 11447
630 65.1 12098
640 74.9 12847
650 77.9 13626
660 81.7 14443
670 75.3 15196
680 76.3 15959
690 78.3 16742
700 80 17542
710 84.1 18383
720 72.5 19108
730 73.9 19847
740 73.8 20585
750 72.8 21313
760 45.9 21772
770 38.3 22155
780 14.3 22298
790 0.8 22306
800 2.7 22333
810 12.2 22455
820 14.7 22602
830 8.3 22685
840 1.4 22699
850 5.6 22755
860 0.8 22763
870 0.1 22764
880 0 22764
887 0 22764
