430 0.1 1
440 0.8 9
450 2.7 36
460 2.6 62
470 5 112
480 8.7 199
490 10.1 300
500 11.4 414
510 8.6 500
520 12.4 624
530 9.9 723
540 8.5 808
550 9.6 904
560 9.8 1002
570 9.1 1093
580 12.3 1216
590 10.1 1317
600 14.4 1461
610 12.9 1590
620 15.5 1745
630 18.9 1934
640 13.6 2070
650 20.8 2278
660 14.9 2427
670 20.5 2632
680 16.1 2793
690 17.4 2967
700 17.4 3141
710 19.2 3333
720 16.4 3497
730 17.9 3676
740 23.9 3915
750 23.9 4154
760 22.4 4378
770 20.9 4587
780 14.8 4735
790 0.6 4741
800 0.5 4746
810 6.6 4812
820 3.3 4845
830 8.4 4929
840 0.3 4932
850 2.7 4959
860 0.4 4963
870 0.2 4965
880 0 4965
887 0 4965
