380 0.8 8
390 6.5 73
400 22.5 298
410 30.6 604
420 45.2 1056
430 84.6 1902
440 113 3032
450 137.1 4403
460 161.1 6014
470 166.9 7683
480 157 9253
490 160.5 10858
500 152.2 12380
510 142.9 13809
520 169.9 15508
530 185.7 17365
540 191.4 19279
550 201.3 21292
560 225.4 23546
570 230.2 25848
580 264.8 28496
590 273 31226
600 263 33856
610 281.1 36667
620 296.4 39631
630 287.1 42502
640 312.6 45628
650 328.4 48912
660 297.6 51888
670 354.1 55429
680 334 58769
690 355.6 62325
700 362.6 65951
710 348.2 69433
720 284.1 72274
730 247.7 74751
740 211.4 76865
750 138.3 78248
760 59.7 78845
770 29.6 79141
780 9.4 79235
790 1.7 79252
800 22.6 79478
810 24.1 79719
820 18 79899
830 0.7 79906
840 0 79906
850 2.8 79934
860 0 79934
870 0 79934
880 0 79934
887 0 79934
