0 4 4
10 14 10
20 27 13
30 42 15
40 50 8
50 52 2
60 56 4
70 58 2
80 71 13
90 73 2
100 85 12
110 73 -12
120 66 -7
130 79 13
140 83 4
150 89 6
160 98 9
170 96 -2
180 122 26
190 125 3
200 149 24
210 185 36
220 196 11
230 191 -5
240 193 2
250 222 29
260 235 13
270 252 17
280 275 23
290 299 24
300 357 58
310 404 47
320 447 43
330 473 26
340 534 61
350 596 62
360 676 80
370 776 100
380 891 115
390 994 103
400 1058 64
410 1151 93
420 1247 96
430 1252 5
440 1306 54
450 1286 -20
460 1336 50
470 1342 6
480 1348 6
490 1363 15
500 1370 7
510 1391 21
520 1425 34
530 1397 -28
540 1425 28
550 1448 23
560 1549 101
570 1542 -7
580 1572 30
590 1507 -65
600 1518 11
610 1587 69
620 1671 84
630 1678 7
640 1625 -53
650 1638 13
660 1619 -19
670 1623 4
680 1688 65
690 1670 -18
700 1654 -16
710 1692 38
720 1356 -336
730 1386 30
740 976 -410
750 906 -70
760 868 -38
770 727 -141
780 667 -60
790 672 5
800 605 -67
810 432 -173
820 339 -93
830 247 -92
840 202 -45
850 134 -68
860 45 -89
870 6 -39
880 2 -4
887 0 -2
