0 0.4 4.35175 5.187409149806867 13.329 1.013 0 0
10 1 1.2239 0.1832683551516737 13.329 0.92 4.35175 4
20 1.3 1.916230769230769 2.196849427767871 13.329 0.761 2.1175714285714284 14
30 1.6 1.2050625000000001 0.22340783019793647 13.329 0.761 2.0206296296296293 27
40 0.9 1.2763333333333333 0.1940017182054496 13.329 0.761 1.7171627906976743 43
50 0.8 1.2302499999999998 0.18050813693570716 13.329 0.761 1.6408653846153844 52
60 1.3 3.07 4.334666485262913 13.329 0.761 1.5861166666666664 60
70 1.4 1.1927142857142858 0.2044181388972223 13.329 0.761 1.8503698630136987 73
80 2.5 1.1430399999999998 0.18601859691977032 13.329 0.759 1.7445402298850576 87
90 1.4 1.2319999999999995 0.2187983415972669 13.329 0.759 1.6102767857142857 112
100 2.1 1.4424761904761905 0.8203579137035028 13.329 0.759 1.5682460317460316 126
110 0.3 1.1816666666666666 0.23384087657113237 13.329 0.759 1.5502789115646258 147
120 1.1 4.009818181818183 6.588230826366636 23.469 0.759 1.5429066666666664 150
130 2.1 1.3543333333333334 0.6288325035017811 23.469 0.759 1.7114534161490682 161
140 2.3 1.2987391304347826 0.29575595365264074 23.469 0.759 1.6702472527472527 182
150 2.3 1.3789130434782606 0.7944812315097015 23.469 0.759 1.6285658536585366 205
160 1.8 1.3317222222222223 0.2489901393753834 23.469 0.759 1.6033815789473682 228
170 1.6 1.74675 1.4799332121754685 23.469 0.759 1.5835040650406502 246
180 4.4 2.1377045454545445 2.8665296375071034 23.469 0.759 1.593473282442748 262
190 2.9 1.3584827586206898 0.7072322264408827 23.469 0.759 1.6717287581699345 306
200 4.5 1.2239333333333335 0.22471714566440085 23.469 0.759 1.6446119402985073 335
210 5.1 1.2998431372549015 0.48079877869037646 23.469 0.691 1.5947947368421052 380
220 4.3 1.548953488372093 1.319719067241707 23.469 0.691 1.5598932714617166 431
230 2.9 1.1744482758620691 0.252058092128327 23.469 0.691 1.5589008438818563 474
240 3.4 1.5490294117647057 1.5785585287048156 23.469 0.691 1.536735586481113 503
250 6.4 1.3762500000000002 1.0925097110552384 23.469 0.691 1.5375139664804467 537
260 5.5 1.8210363636363636 2.0849972309869242 23.469 0.691 1.520341098169717 601
270 6.1 1.3266393442622952 0.7101866074972286 23.469 0.691 1.5455518292682926 656
280 5.7 1.2237543859649123 0.263536294028426 23.469 0.691 1.5269274755927476 717
290 7.7 1.5968311688311687 1.7228173648981886 23.469 0.691 1.5046007751937984 774
300 10.6 1.5875000000000004 1.9171766301340305 23.469 0.691 1.5129459459459458 851
310 10.5 1.575228571428572 1.2822946415528305 23.469 0.691 1.5212037617554859 957
320 9.7 1.154567010309279 0.31602270266928917 23.469 0.691 1.526545197740113 1062
330 8.1 1.2345802469135803 0.5843863482784826 23.469 0.691 1.4954132873166524 1159
340 10.3 1.4713300970873784 1.1650509167451557 23.469 0.691 1.478375 1240
350 11 1.4171000000000002 1.0312694732045724 23.469 0.691 1.4778346984363366 1343
360 12.7 1.2183385826771649 1.0056963053477512 23.469 0.684 1.4732367515485205 1453
370 14.4 1.165166666666666 0.49041425233050573 23.469 0.684 1.4527481012658228 1580
380 15.5 1.344367741935484 1.169338980733407 23.469 0.684 1.4287273781902554 1724
390 19.3 1.1946580310880828 0.6287175755400946 23.469 0.684 1.4217684938797233 1879
400 38.5 1.6037324675324682 1.9617612199935386 23.469 0.67 1.4006138996138997 2072
410 55.3 1.6299638336347193 1.7434580908138744 23.469 0.516 1.4324415954415957 2457
420 77.5 2.0282554838709688 2.779318903666217 39.132 0.447 1.4687305647840532 3010
430 116.2 2.071374354561102 2.641253720679163 39.132 0.42 1.5832964332893 3785
440 165.3 2.6259443436176624 3.342499110036177 39.132 0.42 1.697940974327876 4947
450 212.5 4.626946823529406 7.241823242672619 66.548 0.42 1.930363636363636 6600
460 253 3.9924090909090846 4.501756087635755 66.548 0.42 2.587124584527219 8725
470 267.2 3.7673267215568864 4.300994015442568 66.548 0.42 2.9030170590848483 11255
480 280.1 3.818968225633697 4.109633952718674 66.548 0.42 3.0688413872334293 13927
490 264.5 3.707322873345934 4.499783319726212 66.548 0.42 3.1944454806312743 16728
500 250.9 3.4168007174172956 4.164054410889798 66.548 0.42 3.2644687451607886 19373
510 243.1 3.2158951048951105 3.838846402431467 66.548 0.408 3.2819351978795335 21882
520 266.6 3.9105071267817 4.434891937777248 66.548 0.408 3.2753320034549405 24313
530 281.7 3.4211998580049663 3.895025144590174 66.548 0.408 3.338098484006078 26979
540 293.4 21.901542263122057 36.80849671615449 219.454 0.408 3.345955128205127 29796
550 323.4 16.608440630797634 33.716629914270044 235.091 0.408 5.009324900702722 32730
560 363 4.900311294765827 4.995174785731746 235.091 0.408 6.052355160716262 35964
570 350.8 4.642563568985167 4.7481518055007275 235.091 0.408 5.946735136636853 39594
580 403.1 8.408755395683468 18.9248498313822 235.091 0.408 5.840590784650353 43102
590 399.5 12.726288610763428 26.414814877106316 235.091 0.408 6.0602303481636985 47133
600 418.1 17.279171968428614 34.43033710037668 235.091 0.408 6.581097637302446 51128
610 431.5 13.212003244495952 26.937949157852454 235.091 0.408 7.389802346815157 55309
620 445.4 6.391666816344879 5.816856256242076 235.091 0.408 7.811156111632892 59624
630 428 7.619513785046735 7.213922712677399 235.091 0.408 7.712488779300223 64078
640 467.4 13.536938382541754 15.412865892221594 235.091 0.408 7.706667471254274 68358
650 492.6 11.624287657328447 18.121475432695114 235.091 0.408 8.079800977653628 73032
660 486.4 20.293778577302593 29.704794110861904 235.091 0.408 8.303769542574203 77958
670 528.8 11.152102307110443 8.850689538315118 235.091 0.408 9.007923075994295 82822
680 502.2 9.852063918757457 7.519367331035026 235.091 0.408 9.136607899216882 88110
690 519.2 13.59291872110941 12.829116211855446 235.091 0.408 9.17518776575183 93132
700 527.5 13.575642464454992 9.497730499517134 235.091 0.408 9.408466101867289 98324
710 531.9 22.488533934950162 31.290198844699876 235.091 0.408 9.620648220542662 103599
720 441.6 17.759585597826035 20.227182529582937 235.091 0.408 10.249050175361274 108918
730 458.4 15.735178664921538 16.665110969004147 235.091 0.408 10.54169425768083 113334
740 348.5 20.116278909612653 28.106807278409004 235.091 0.408 10.743588222323984 117918
750 293.4 4.92098159509203 7.556412929669027 235.091 0.408 11.01264110442081 121403
760 151.7 4.295694133157563 8.629376344039306 235.091 0.408 10.868895244376167 124337
770 83.8 1.4587959427207646 1.681697801080845 235.091 0.408 10.789664182306478 125854
780 29.3 1.459477815699659 2.1058888495781254 235.091 0.408 10.727945466169919 126692
790 2.8 1.2635357142857142 0.3257507243871846 235.091 0.408 10.70655978265149 126985
800 15.4 1.351435064935065 1.6635809440696745 235.091 0.408 10.704478069174018 127013
810 25.1 1.2973227091633472 1.5410330715890905 235.091 0.408 10.693151477977773 127167
820 42.6 3.2725234741784006 4.65646411024635 235.091 0.408 10.674642687846298 127418
830 14 2.662900000000002 4.404604675466672 235.091 0.408 10.64997744907856 127844
840 2.5 1.6323599999999998 1.4528029702612806 235.091 0.408 10.641240490998872 127984
850 7.1 1.1582676056338024 0.23287819204658639 235.091 0.408 10.639481067737421 128009
860 1.8 1.768611111111111 2.0888718416857586 235.091 0.408 10.634225242036223 128080
870 0.2 1.3325 0.01649999999999996 235.091 0.408 10.632979468844162 128098
880 0 0 0 235.091 0.408 10.632834262295077 128100
887 0 0 0 235.091 0.408 10.632834262295077 128100
