0 0.1 1.0501773319575307 0 1.0501773319575307 1.0501773319575307 0 0
10 0.1 2.3023023023023024 0.0 2.3023023023023024 1.0501773319575307 1.0501773319575307 1
20 0.1 0.2004008016032064 0.0 2.3023023023023024 0.2004008016032064 1.6762398171299164 2
30 0.1 0.6006006006006006 0.0 2.3023023023023024 0.2004008016032064 1.184293478621013 3
40 0.1 3.1936127744510974 0.0 3.1936127744510974 0.2004008016032064 1.0383702591159099 4
50 0.1 3.6217303822937628 0.0 3.6217303822937628 0.2004008016032064 1.4694187621829475 5
60 0.1 2.1169354838709675 0.0 3.6217303822937628 0.2004008016032064 1.82813736553475 6
70 0.1 2.2022022022022023 0.0 3.6217303822937628 0.2004008016032064 1.8693942395827812 7
80 0.1 1.710261569416499 0.0 3.6217303822937628 0.2004008016032064 1.9109952349102088 8
90 0.1 1.809045226130653 0.0 3.6217303822937628 0.2004008016032064 1.8886914942997965 9
100 0.1 2.2155085599194364 0.0 3.6217303822937628 0.2004008016032064 1.8807268674828823 10
110 0.1 4.048582995951417 0.0 4.048582995951417 0.2004008016032064 1.9111615667952961 11
120 0.1 2.620967741935484 0.0 4.048582995951417 0.2004008016032064 2.0892800192249728 12
130 0.1 2.721774193548387 0.0 4.048582995951417 0.2004008016032064 2.130179074818089 13
140 0.1 1.9269776876267748 0.0 4.048582995951417 0.2004008016032064 2.1724358690131105 14
150 0.1 2.318548387096774 0.0 4.048582995951417 0.2004008016032064 2.1560719902540213 15
160 0.1 2.416918429003021 0.0 4.048582995951417 0.2004008016032064 2.1662267650566935 16
170 0.1 3.1440162271805274 0.0 4.048582995951417 0.2004008016032064 2.1809733335241246 17
180 0.1 3.6072144288577155 0.0 4.048582995951417 0.2004008016032064 2.234475716505036 18
190 0.1 3.1536113936927768 0.0 4.048582995951417 0.2004008016032064 2.3067251224183347 19
200 0.1 3.741152679474216 0.0 4.048582995951417 0.2004008016032064 2.3490694359820568 20
210 0.1 4.733131923464249 0.0 4.733131923464249 0.2004008016032064 2.415359114243588 21
220 0.1 5.64516129032258 0.0 5.64516129032258 0.2004008016032064 2.520712423753618 22
230 0.1 5.97165991902834 0.0 5.97165991902834 0.2004008016032064 2.6565580266479207 23
240 0.1 6.268958543983821 0.0 6.268958543983821 0.2004008016032064 2.7946872721637717 24
250 0.1 6.4805583250249255 0.0 6.4805583250249255 0.2004008016032064 2.9336581230365733 25
260 0.1 9.264853977844915 0.0 9.264853977844915 0.2004008016032064 3.070077361574587 26
270 0.1 6.767676767676768 0.0 9.264853977844915 0.2004008016032064 3.299513532547562 27
280 0.1 8.266129032258064 0.0 9.264853977844915 0.2004008016032064 3.423376505230748 28
290 0.1 8.350305498981669 0.0 9.264853977844915 0.2004008016032064 3.590367971679966 29
300 0.1 9.100204498977506 0.0 9.264853977844915 0.2004008016032064 3.749032555923356 30
310 0.1 11.402623612512613 0.0 11.402623612512613 0.2004008016032064 3.9216510056992964 31
320 0.1 12.537917087967642 0.0 12.537917087967642 0.2004008016032064 4.155431399662213 32
330 0.1 11.62079510703364 0.0 12.537917087967642 0.2004008016032064 4.40944611748965 33
340 0.1 14.416243654822336 0.0 14.416243654822336 0.2004008016032064 4.62154461718212 34
350 0.1 12.474849094567404 0.0 14.416243654822336 0.2004008016032064 4.901393161114697 35
360 0.1 12.081218274111675 0.0 14.416243654822336 0.2004008016032064 5.111766937043939 36
370 0.1 12.399193548387096 0.0 14.416243654822336 0.2004008016032064 5.300130486694418 37
380 0.1 11.97969543147208 0.0 14.416243654822336 0.2004008016032064 5.486947935686331 38
390 0.1 12.575452716297786 0.0 14.416243654822336 0.2004008016032064 5.653428640706479 39
400 0.1 18.227091633466134 0.0 18.227091633466134 0.2004008016032064 5.826479242596261 40
410 0.1 24.90234375 0.0 24.90234375 0.2004008016032064 6.128933203349185 41
420 0.1 29.01655306718598 0.0 29.01655306718598 0.2004008016032064 6.575919168745632 42
430 0.1 34.162679425837325 0.0 34.162679425837325 0.2004008016032064 7.097794375686106 43
440 0.1 39.3686165273909 0.0 39.3686165273909 0.2004008016032064 7.712905399553179 44
450 0.1 43.88422035480859 0.0 43.88422035480859 0.2004008016032064 8.416365646838461 45
460 0.1 45.37735849056604 0.0 45.37735849056604 0.2004008016032064 9.187405966576943 46
470 0.1 46.05263157894737 0.0 46.05263157894737 0.2004008016032064 9.957404956449052 47
480 0.1 46.23352165725047 0.0 46.23352165725047 0.2004008016032064 10.709388844417767 48
490 0.1 46.11742424242424 0.0 46.23352165725047 0.2004008016032064 11.434371146720474 49
500 0.1 45.74368568755847 0.0 46.23352165725047 0.2004008016032064 12.128032208634549 50
510 0.1 45.938375350140056 0.0 46.23352165725047 0.2004008016032064 12.787162669005607 51
520 0.1 46.57276995305165 0.0 46.57276995305165 0.2004008016032064 13.424685989796654 52
530 0.1 45.79792256846081 0.0 46.57276995305165 0.2004008016032064 14.050121536273164 53
540 0.1 47.019867549668874 0.0 47.019867549668874 0.2004008016032064 14.63804377760997 54
550 0.1 47.8134110787172 0.0 47.8134110787172 0.2004008016032064 15.226804209829224 55
560 0.1 48.05068226120858 0.0 48.05068226120858 0.2004008016032064 15.80870790391651 56
570 0.1 47.55381604696673 0.0 48.05068226120858 0.2004008016032064 16.374356576851458 57
580 0.1 48.06949806949807 0.0 48.06949806949807 0.2004008016032064 16.91193346426724 58
590 0.1 48.333333333333336 0.0 48.333333333333336 0.2004008016032064 17.440027779610134 59
600 0.1 48.66204162537166 0.0 48.66204162537166 0.2004008016032064 17.95491620550552 60
610 0.1 48.67776689520078 0.0 48.67776689520078 0.2004008016032064 18.458311704191846 61
620 0.1 49.056603773584904 0.0 49.056603773584904 0.2004008016032064 18.945722271788767 62
630 0.1 48.761149653121905 0.0 49.056603773584904 0.2004008016032064 19.423672771817277 63
640 0.1 49.10891089108911 0.0 49.10891089108911 0.2004008016032064 19.88207084808766 64
650 0.1 49.35064935064935 0.0 49.35064935064935 0.2004008016032064 20.331714541056915 65
660 0.1 49.25816023738873 0.0 49.35064935064935 0.2004008016032064 20.771395371505285 66
670 0.1 48.11507936507937 0.0 49.35064935064935 0.2004008016032064 21.19657096651847 67
680 0.1 49.25521350546177 0.0 49.35064935064935 0.2004008016032064 21.592431384144362 68
690 0.1 49.306930693069305 0.0 49.35064935064935 0.2004008016032064 21.993341269960556 69
700 0.1 49.306930693069305 0.0 49.35064935064935 0.2004008016032064 22.383535404576396 70
710 0.1 49.20792079207921 0.0 49.35064935064935 0.2004008016032064 22.762738155118548 71
720 0.1 49.11067193675889 0.0 49.35064935064935 0.2004008016032064 23.130032358409668 72
730 0.1 49.35579781962339 0.0 49.35579781962339 0.2004008016032064 23.485931530715824 73
740 0.1 49.3 0.0 49.35579781962339 0.2004008016032064 23.835524318403763 74
750 0.1 49.2 0.0 49.35579781962339 0.2004008016032064 24.175050660825047 75
760 0.1 44.55909943714822 0.0 49.35579781962339 0.2004008016032064 24.50432631002472 76
770 0.1 35.969868173258 0.0 49.35579781962339 0.2004008016032064 24.764777909078273 77
780 0.1 23.78640776699029 0.0 49.35579781962339 0.2004008016032064 24.90843291246519 78
790 0.1 9.4 0.0 49.35579781962339 0.2004008016032064 24.89423006252247 79
800 0.1 2.095808383233533 0.0 49.35579781962339 0.2004008016032064 24.700552186740943 80
810 0.1 17.313432835820898 0.0 49.35579781962339 0.2004008016032064 24.42148127558653 81
820 0.1 19.33916423712342 0.0 49.35579781962339 0.2004008016032064 24.334797758028415 82
830 0.1 19.2497532082922 0.0 49.35579781962339 0.2004008016032064 24.274609402354862 83
840 0.1 5.294705294705294 0.0 49.35579781962339 0.2004008016032064 24.21478968575888 84
850 0.1 4.495504495504496 0.0 49.35579781962339 0.2004008016032064 23.992200457628837 85
860 0.1 7.684630738522954 0.0 49.35579781962339 0.2004008016032064 23.765494690627392 86
870 0.1 2.61569416498994 0.0 49.35579781962339 0.2004008016032064 23.58065717393654 87
880 0.1 0.6006006006006006 0.0 49.35579781962339 0.2004008016032064 23.342418957925783 88
887 0.1 0.10010010010010009 0.0 49.35579781962339 0.10010010010010009 23.086892908967073 89
