0 0 0
10 0 0
20 0 0
30 0.1 1
40 0.1 2
50 0.6 8
60 1.1 19
70 1.1 30
80 1.2 42
90 1.1 53
100 0.9 62
110 1.5 77
120 1.8 95
130 0.9 104
140 1.9 123
150 1.6 139
160 0.9 148
170 1.9 167
180 1.7 184
190 2.6 210
200 2.1 231
210 1.5 246
220 3.2 278
230 3.3 311
240 3.3 344
250 3.7 381
260 4 421
270 4.6 467
280 3.3 500
290 5.3 553
300 4.7 600
310 5.7 657
320 5.5 712
330 5.3 765
340 4.6 811
350 4.5 856
360 4.6 902
370 4.4 946
380 3.7 983
390 2.9 1012
400 3.4 1046
410 5 1096
420 5.1 1147
430 5.7 1204
440 6.6 1270
450 11.6 1386
460 13.5 1521
470 17.8 1699
480 23.2 1931
490 23 2161
500 23.2 2393
510 19.4 2587
520 20.3 2790
530 23.2 3022
540 20.5 3227
550 19.4 3421
560 22.6 3647
570 23.6 3883
580 26.2 4145
590 28.4 4429
600 28.3 4712
610 29.4 5006
620 30.9 5315
630 30.5 5620
640 28.1 5901
650 32.4 6225
660 29.8 6523
670 35.5 6878
680 36.1 7239
690 37.4 7613
700 37.2 7985
710 36 8345
720 35.2 8697
730 27.5 8972
740 33.8 9310
750 30 9610
760 23.6 9846
770 26.5 10111
780 12.5 10236
790 0.6 10242
800 4.8 10290
810 13.3 10423
820 12.3 10546
830 12 10666
840 4.2 10708
850 6.9 10777
860 9.3 10870
870 4.1 10911
880 0.3 10914
887 0.2 10916
