0 0.1 3503.6171875 0 3503.6171875 3503.6171875 0 0
10 0.1 3508.4765625 0.0 3508.4765625 3503.6171875 3503.6171875 1
20 0.1 3507.2421875 0.0 3508.4765625 3503.6171875 3506.046875 2
30 0.1 3502.6484375 0.0 3508.4765625 3502.6484375 3506.4453125 3
40 0.1 3491.59765625 0.0 3508.4765625 3491.59765625 3505.49609375 4
50 0.1 3482.921875 0.0 3508.4765625 3482.921875 3502.71640625 5
60 0.1 3478.6953125 0.0 3508.4765625 3478.6953125 3499.4173177083335 6
70 0.1 3476.2890625 0.0 3508.4765625 3476.2890625 3496.45703125 7
80 0.1 3475.328125 0.0 3508.4765625 3475.328125 3493.93603515625 8
90 0.1 3476.05859375 0.0 3508.4765625 3475.328125 3491.8684895833335 9
100 0.1 3474.11328125 0.0 3508.4765625 3474.11328125 3490.2875 10
110 0.1 3465.12109375 0.0 3508.4765625 3465.12109375 3488.8171164772725 11
120 0.1 3462.83203125 0.0 3508.4765625 3462.83203125 3486.8424479166665 12
130 0.1 3462.71875 0.0 3508.4765625 3462.71875 3484.9954927884614 13
140 0.1 3462.1328125 0.0 3508.4765625 3462.1328125 3483.404296875 14
150 0.1 3464.1953125 0.0 3508.4765625 3462.1328125 3481.9861979166667 15
160 0.1 3465.17578125 0.0 3508.4765625 3462.1328125 3480.874267578125 16
170 0.1 3462.51171875 0.0 3508.4765625 3462.1328125 3479.9508272058824 17
180 0.1 3464.09375 0.0 3508.4765625 3462.1328125 3478.981987847222 18
190 0.1 3456.1875 0.0 3508.4765625 3456.1875 3478.1983963815787 19
200 0.1 3453.84765625 0.0 3508.4765625 3453.84765625 3477.0978515625 20
210 0.1 3443.15234375 0.0 3508.4765625 3443.15234375 3475.990699404762 21
220 0.1 3431.33984375 0.0 3508.4765625 3431.33984375 3474.498046875 22
230 0.1 3424.74609375 0.0 3508.4765625 3424.74609375 3472.6216032608695 23
240 0.1 3424.88671875 0.0 3508.4765625 3424.74609375 3470.6267903645835 24
250 0.1 3422.43359375 0.0 3508.4765625 3422.43359375 3468.7971875 25
260 0.1 3408.2109375 0.0 3508.4765625 3408.2109375 3467.013972355769 26
270 0.1 3410.01953125 0.0 3508.4765625 3408.2109375 3464.836082175926 27
280 0.1 3401.1328125 0.0 3508.4765625 3401.1328125 3462.878348214286 28
290 0.1 3394.9140625 0.0 3508.4765625 3394.9140625 3460.7491918103447 29
300 0.1 3377.16796875 0.0 3508.4765625 3377.16796875 3458.5546875 30
310 0.1 3361.3125 0.0 3508.4765625 3361.3125 3455.9293094758063 31
320 0.1 3358.84375 0.0 3508.4765625 3358.84375 3452.9725341796875 32
330 0.1 3326.2421875 0.0 3508.4765625 3326.2421875 3450.120146780303 33
340 0.1 3319.7421875 0.0 3508.4765625 3319.7421875 3446.476677389706 34
350 0.1 3290.3125 0.0 3508.4765625 3290.3125 3442.8556919642856 35
360 0.1 3272.47265625 0.0 3508.4765625 3272.47265625 3438.6183810763887 36
370 0.1 3250.765625 0.0 3508.4765625 3250.765625 3434.1279560810813 37
380 0.1 3219.171875 0.0 3508.4765625 3219.171875 3429.3026315789475 38
390 0.1 3172.59375 0.0 3508.4765625 3172.59375 3423.9146634615386 39
400 0.1 3122.71484375 0.0 3508.4765625 3122.71484375 3417.631640625 40
410 0.1 3104.51953125 0.0 3508.4765625 3104.51953125 3410.4385480182927 41
420 0.1 3061.88671875 0.0 3508.4765625 3061.88671875 3403.154761904762 42
430 0.1 3020.7734375 0.0 3508.4765625 3020.7734375 3395.2182957848836 43
440 0.1 2998.6796875 0.0 3508.4765625 2998.6796875 3386.708185369318 44
450 0.1 2979.24609375 0.0 3508.4765625 2979.24609375 3378.085329861111 45
460 0.1 2978.09375 0.0 3508.4765625 2978.09375 3369.4149116847825 46
470 0.1 2980.80078125 0.0 3508.4765625 2978.09375 3361.0889295212764 47
480 0.1 2961.21875 0.0 3508.4765625 2961.21875 3353.166259765625 48
490 0.1 2956.69140625 0.0 3508.4765625 2956.69140625 3345.167330994898 49
500 0.1 2964.421875 0.0 3508.4765625 2956.69140625 3337.3978125 50
510 0.1 2970.06640625 0.0 3508.4765625 2956.69140625 3330.0845588235293 51
520 0.1 2959.66796875 0.0 3508.4765625 2956.69140625 3323.1611328125 52
530 0.1 2963.70703125 0.0 3508.4765625 2956.69140625 3316.302771226415 53
540 0.1 2957.66796875 0.0 3508.4765625 2956.69140625 3309.7732204861113 54
550 0.1 2955.06640625 0.0 3508.4765625 2955.06640625 3303.371306818182 55
560 0.1 2949.9609375 0.0 3508.4765625 2949.9609375 3297.1515764508927 56
570 0.1 2927.09375 0.0 3508.4765625 2927.09375 3291.0605126096493 57
580 0.1 2928.05078125 0.0 3508.4765625 2927.09375 3284.785223599138 58
590 0.1 2915.96875 0.0 3508.4765625 2915.96875 3278.7388771186443 59
600 0.1 2915.875 0.0 3508.4765625 2915.875 3272.6927083333335 60
610 0.1 2918.24609375 0.0 3508.4765625 2915.875 3266.843237704918 61
620 0.1 2916.28515625 0.0 3508.4765625 2915.875 3261.220703125 62
630 0.1 2906.3671875 0.0 3508.4765625 2906.3671875 3255.745535714286 63
640 0.1 2900.24609375 0.0 3508.4765625 2900.24609375 3250.2864990234375 64
650 0.1 2891.171875 0.0 3508.4765625 2891.171875 3244.9012620192307 65
660 0.1 2895.55078125 0.0 3508.4765625 2891.171875 3239.5417258522725 66
670 0.1 2896.94921875 0.0 3508.4765625 2891.171875 3234.407532649254 67
680 0.1 2911.74609375 0.0 3508.4765625 2891.171875 3229.4449103860293 68
690 0.1 2908.20703125 0.0 3508.4765625 2891.171875 3224.840579710145 69
700 0.1 2908.46484375 0.0 3508.4765625 2891.171875 3220.3172433035716 70
710 0.1 2920.4921875 0.0 3508.4765625 2891.171875 3215.9249559859154 71
720 0.1 2900.22265625 0.0 3508.4765625 2891.171875 3211.821723090278 72
730 0.1 2907.9609375 0.0 3508.4765625 2891.171875 3207.5532427226026 73
740 0.1 2921.6015625 0.0 3508.4765625 2891.171875 3203.5046980574325 74
750 0.1 2931.27734375 0.0 3508.4765625 2891.171875 3199.7459895833335 75
760 0.1 2947.09375 0.0 3508.4765625 2891.171875 3196.2135074013163 76
770 0.1 2965.37890625 0.0 3508.4765625 2891.171875 3192.9781858766237 77
780 0.1 2989.8671875 0.0 3508.4765625 2891.171875 3190.060246394231 78
790 0.1 2990.76953125 0.0 3508.4765625 2891.171875 3187.5261570411394 79
800 0.1 3009.671875 0.0 3508.4765625 2891.171875 3185.06669921875 80
810 0.1 3028.171875 0.0 3508.4765625 2891.171875 3182.9013310185187 81
820 0.1 3040.77734375 0.0 3508.4765625 2891.171875 3181.014386432927 82
830 0.1 3062.6328125 0.0 3508.4765625 2891.171875 3179.324783509036 83
840 0.1 3083.48828125 0.0 3508.4765625 2891.171875 3177.935593377976 84
850 0.1 3101.546875 0.0 3508.4765625 2891.171875 3176.8244485294117 85
860 0.1 3167.859375 0.0 3508.4765625 2891.171875 3175.9491279069766 86
870 0.1 3172.70703125 0.0 3508.4765625 2891.171875 3175.8561422413795 87
880 0.1 3192.24609375 0.0 3508.4765625 2891.171875 3175.8203568892045 88
887 0.1 3195.953125 0.0 3508.4765625 2891.171875 3176.004915730337 89
