0 0.1 0.05859375 0 0.05859375 0.05859375 0 0
10 0.1 0.05078125 0.0 0.05859375 0.05078125 0.05859375 1
20 0.1 0.0390625 0.0 0.05859375 0.0390625 0.0546875 2
30 0.1 0.03125 0.0 0.05859375 0.03125 0.049479166666666664 3
40 0.1 0.03125 0.0 0.05859375 0.03125 0.044921875 4
50 0.1 0.01953125 0.0 0.05859375 0.01953125 0.0421875 5
60 0.1 0.01953125 0.0 0.05859375 0.01953125 0.038411458333333336 6
70 0.1 0.01953125 0.0 0.05859375 0.01953125 0.03571428571428571 7
80 0.1 0.01171875 0.0 0.05859375 0.01171875 0.03369140625 8
90 0.1 0.01171875 0.0 0.05859375 0.01171875 0.03125 9
100 0.1 0.01171875 0.0 0.05859375 0.01171875 0.029296875 10
110 0.1 0.01171875 0.0 0.05859375 0.01171875 0.027698863636363636 11
120 0.1 0.01171875 0.0 0.05859375 0.01171875 0.0263671875 12
130 0.1 0.0 0.0 0.05859375 0.0 0.025240384615384616 13
140 0.1 0.078125 0.0 0.078125 0.0 0.0234375 14
150 0.1 0.0703125 0.0 0.078125 0.0 0.027083333333333334 15
160 0.1 0.05859375 0.0 0.078125 0.0 0.02978515625 16
170 0.1 0.05078125 0.0 0.078125 0.0 0.031479779411764705 17
180 0.1 0.0390625 0.0 0.078125 0.0 0.032552083333333336 18
190 0.1 0.03125 0.0 0.078125 0.0 0.03289473684210526 19
200 0.1 0.03125 0.0 0.078125 0.0 0.0328125 20
210 0.1 0.01953125 0.0 0.078125 0.0 0.03273809523809524 21
220 0.1 0.01953125 0.0 0.078125 0.0 0.03213778409090909 22
230 0.1 0.01953125 0.0 0.078125 0.0 0.03158967391304348 23
240 0.1 0.01171875 0.0 0.078125 0.0 0.031087239583333332 24
250 0.1 0.01171875 0.0 0.078125 0.0 0.0303125 25
260 0.1 0.08984375 0.0 0.08984375 0.0 0.029597355769230768 26
270 0.1 0.1484375 0.0 0.1484375 0.0 0.031828703703703706 27
280 0.1 0.12890625 0.0 0.1484375 0.0 0.03599330357142857 28
290 0.1 0.109375 0.0 0.1484375 0.0 0.03919719827586207 29
300 0.1 0.08984375 0.0 0.1484375 0.0 0.04153645833333333 30
310 0.1 0.16015625 0.0 0.16015625 0.0 0.04309475806451613 31
320 0.1 0.2109375 0.0 0.2109375 0.0 0.0467529296875 32
330 0.1 0.171875 0.0 0.2109375 0.0 0.051728219696969696 33
340 0.1 0.21875 0.0 0.21875 0.0 0.05526194852941176 34
350 0.1 0.328125 0.0 0.328125 0.0 0.059933035714285716 35
360 0.1 0.28125 0.0 0.328125 0.0 0.0673828125 36
370 0.1 0.23828125 0.0 0.328125 0.0 0.07316300675675676 37
380 0.1 0.28125 0.0 0.328125 0.0 0.07750822368421052 38
390 0.1 0.23046875 0.0 0.328125 0.0 0.08273237179487179 39
400 0.1 0.19921875 0.0 0.328125 0.0 0.08642578125 40
410 0.1 0.171875 0.0 0.328125 0.0 0.08917682926829268 41
420 0.1 0.140625 0.0 0.328125 0.0 0.09114583333333333 42
430 0.1 0.19921875 0.0 0.328125 0.0 0.09229651162790697 43
440 0.1 0.23828125 0.0 0.328125 0.0 0.0947265625 44
450 0.1 0.44140625 0.0 0.44140625 0.0 0.09791666666666667 45
460 0.1 0.609375 0.0 0.609375 0.0 0.10538383152173914 46
470 0.1 0.76171875 0.0 0.76171875 0.0 0.11610704787234043 47
480 0.1 1.03125 0.0 1.03125 0.0 0.12955729166666666 48
490 0.1 1.1796875 0.0 1.1796875 0.0 0.14795918367346939 49
500 0.1 1.140625 0.0 1.1796875 0.0 0.16859375 50
510 0.1 1.05078125 0.0 1.1796875 0.0 0.1876531862745098 51
520 0.1 1.05078125 0.0 1.1796875 0.0 0.2042518028846154 52
530 0.1 1.0390625 0.0 1.1796875 0.0 0.2202240566037736 53
540 0.1 0.9609375 0.0 1.1796875 0.0 0.23538773148148148 54
550 0.1 1.0390625 0.0 1.1796875 0.0 0.24857954545454544 55
560 0.1 1.26171875 0.0 1.26171875 0.0 0.2626953125 56
570 0.1 1.2109375 0.0 1.26171875 0.0 0.28022203947368424 57
580 0.1 1.1796875 0.0 1.26171875 0.0 0.29626885775862066 58
590 0.1 1.1484375 0.0 1.26171875 0.0 0.3112420550847458 59
600 0.1 1.2109375 0.0 1.26171875 0.0 0.3251953125 60
610 0.1 1.3203125 0.0 1.3203125 0.0 0.3397156762295082 61
620 0.1 1.26953125 0.0 1.3203125 0.0 0.35553175403225806 62
630 0.1 1.23046875 0.0 1.3203125 0.0 0.37003968253968256 63
640 0.1 1.28125 0.0 1.3203125 0.0 0.38348388671875 64
650 0.1 1.23046875 0.0 1.3203125 0.0 0.3972956730769231 65
660 0.1 1.28125 0.0 1.3203125 0.0 0.40991950757575757 66
670 0.1 1.23046875 0.0 1.3203125 0.0 0.42292444029850745 67
680 0.1 1.19921875 0.0 1.3203125 0.0 0.4348000919117647 68
690 0.1 1.171875 0.0 1.3203125 0.0 0.4458786231884058 69
700 0.1 1.140625 0.0 1.3203125 0.0 0.45625 70
710 0.1 1.12109375 0.0 1.3203125 0.0 0.46588908450704225 71
720 0.1 1.1015625 0.0 1.3203125 0.0 0.4749891493055556 72
730 0.1 1.078125 0.0 1.3203125 0.0 0.483572345890411 73
740 0.1 1.140625 0.0 1.3203125 0.0 0.49160684121621623 74
750 0.1 1.12109375 0.0 1.3203125 0.0 0.5002604166666667 75
760 0.1 1.03125 0.0 1.3203125 0.0 0.5084292763157895 76
770 0.1 0.94140625 0.0 1.3203125 0.0 0.5152191558441559 77
780 0.1 0.80078125 0.0 1.3203125 0.0 0.5206830929487181 78
790 0.1 0.6796875 0.0 1.3203125 0.0 0.5242286392405064 79
800 0.1 0.5703125 0.0 1.3203125 0.0 0.5261718750000001 80
810 0.1 0.48046875 0.0 1.3203125 0.0 0.5267168209876544 81
820 0.1 0.41015625 0.0 1.3203125 0.0 0.5261528201219513 82
830 0.1 0.3515625 0.0 1.3203125 0.0 0.5247552710843374 83
840 0.1 0.2890625 0.0 1.3203125 0.0 0.5226934523809524 84
850 0.1 0.25 0.0 1.3203125 0.0 0.5199448529411765 85
860 0.1 0.2109375 0.0 1.3203125 0.0 0.5168059593023256 86
870 0.1 0.1796875 0.0 1.3203125 0.0 0.5132902298850576 87
880 0.1 0.1484375 0.0 1.3203125 0.0 0.5094992897727274 88
887 0.1 0.12109375 0.0 1.3203125 0.0 0.5054424157303372 89
