0 0.6 33.8015 43.66629355215912 130.827 7.255 0 0
10 2.2 26.42822727272728 30.09609407446847 130.827 6.189 33.8015 6
20 5.4 32.74207407407409 33.85759316381431 134.862 6.011 28.008214285714292 28
30 10.5 31.044371428571424 29.34393219024761 134.862 5.036 31.125634146341476 82
40 17.9 41.91026815642456 32.373914823005244 157.72 5.036 31.080005347593588 187
50 22.1 33.17014479638007 23.276768981418524 157.72 5.031 36.37677322404371 366
60 22.2 32.10464864864864 24.37365694933281 157.72 5.031 35.169507666098795 587
70 21.9 32.86083561643833 29.29784051574825 162.808 5.031 34.328470951792326 809
80 22.2 41.11667117117118 53.55047516150068 387.041 4.907 34.01581322957197 1028
90 25.8 33.69191085271319 26.363280001064613 387.041 4.907 35.27692559999999 1250
100 29.7 31.821616161616138 25.16537537153066 387.041 4.907 35.005749336870025 1508
110 30.8 35.33383766233765 27.537774686917103 387.041 4.907 34.481822714681435 1805
120 30.3 33.15862376237621 24.43250083218151 387.041 4.907 34.60601609086606 2113
130 29.9 33.50559866220739 24.18274110028077 387.041 4.907 34.42449296357615 2416
140 30.9 33.82011003236246 31.656909545547048 387.041 4.907 34.32329613259668 2715
150 30.9 31.27352427184466 27.8828845764062 387.041 4.907 34.2718792989418 3024
160 35.1 37.85627350427353 31.694362500852602 387.041 4.907 33.99390399039904 3333
170 43.4 35.264133640553 26.71071949853852 387.041 4.907 34.361898479913144 3684
180 43.6 32.19731651376152 26.27048233459903 387.041 4.907 34.456985915492965 4118
190 45.8 35.70296288209603 31.664177449117304 387.041 4.907 34.240645147123416 4554
200 53 36.80798679245281 32.176388537304796 387.041 4.462 34.37427274541102 5012
210 62.6 36.57999041533542 29.974585789876524 387.041 4.462 34.60701696138578 5542
220 72.2 48.1400415512466 55.933917124448705 520.88 4.462 34.80725713359273 6168
230 73.4 39.334476839237055 31.92957747589174 520.88 4.462 36.204393613933235 6890
240 76.9 39.707556566970176 31.10065995983536 520.88 4.462 36.50574213011542 7624
250 83.9 39.23323837902262 33.15943426155326 520.88 4.462 36.79910508757299 8393
260 84.7 44.181886658795776 39.145952061386225 520.88 4.462 37.02031802426344 9232
270 90.8 45.29240418502201 41.674461388144174 520.88 4.462 37.62214842742336 10079
280 101.2 46.1902924901185 37.4135136542393 520.88 4.462 38.25604232274507 10987
290 111.3 63.84550044923642 85.61547692791368 694.409 4.422 38.925219851654305 11999
300 124.5 57.86427309236939 58.96411538776072 694.409 4.422 41.04055483526542 13112
310 136.8 78.61440570175438 93.26791217388858 694.409 4.422 42.49946193494463 14357
320 143.7 261.9843938761307 331.0524108133841 1731.656 4.422 45.641289793322734 15725
330 144.3 435.53246985447 441.70458965805966 2260.896 4.422 63.756022375014545 17162
340 133.1 1084.1221074380169 889.35302277779 4278.126 4.422 92.59092770760547 18605
350 136.8 1405.6308786549716 1019.3060071687496 4795.324 4.422 158.7891620686196 19936
360 139.3 1710.66699569275 1160.7153911621497 4795.324 4.422 238.85297488734517 21304
370 132.8 2304.4466626506073 1426.6822114017796 6486.697 4.422 329.1837204035777 22697
380 127.3 2802.4032427337047 1880.0006464775665 7995.875 1.232 438.3678697190431 24025
390 139.6 3660.150191260739 2492.9773546808815 9818.654 0.762 557.3265632856359 25298
400 159.8 3344.1292415519447 2781.6177125416275 9994.181 0.708 719.5930570540199 26694
410 172.4 3777.0136322505855 3108.46504906528 10367.413 0.708 867.8331540011317 28292
420 210.1 3634.153533079488 3173.1057589349175 11431.641 0.625 1034.9249431969627 30016
430 246.9 2856.3376512758264 3252.3276577022775 11431.641 0.625 1204.9588587975227 32117
440 294.4 2499.1069853940235 3315.037680387159 12345.872 0.619 1322.8462767882972 34586
450 365.1 2217.1083429197397 3055.168713421565 12345.872 0.619 1415.1167677591275 37530
460 403.1 1922.4316574051074 2800.649559750107 12345.872 0.619 1486.2192480512863 41181
470 429 1833.623601165496 2648.480492610123 12345.872 0.619 1525.110963129258 45212
480 442.5 1730.8924524293732 2505.6198045033148 12345.872 0.612 1551.8476448224312 49502
490 425.8 1773.891836777826 2504.279884269733 12345.872 0.606 1566.5392329630793 53927
500 404 1774.680856930693 2572.593396616878 12345.872 0.606 1581.7133738420548 58185
510 390.3 1884.5540389444045 2673.9483267268106 12345.872 0.575 1594.2419175411806 62225
520 432.8 1802.8077816543464 2639.7179942322746 12345.872 0.575 1611.37668964735 66128
530 445.2 1717.447542003594 2631.453239144325 12345.872 0.575 1623.1359971045756 70456
540 449.9 1748.284403422977 2696.5328967525043 12345.872 0.575 1628.741206132856 74908
550 489.9 1542.6899559093679 2510.2057928410277 12345.872 0.575 1635.5142216681143 79407
560 525.9 1458.7098997908365 2457.685789432544 12345.872 0.575 1630.1202274333966 84306
570 519.2 1408.934588790447 2448.6438527690852 12345.872 0.575 1620.055504460447 89565
580 588.9 1383.0255817626137 2404.304371203147 12345.872 0.575 1608.4876013592657 94757
590 580.1 1300.0861334252745 2328.4691558984446 12345.872 0.575 1595.2953648729206 100646
600 603.2 1323.1272591180373 2239.2593565328757 12345.872 0.575 1579.2074643061803 106447
610 609.4 1246.375748769275 2238.299195297827 12345.872 0.575 1565.4744492749755 112479
620 635.7 1256.830941481826 2299.6459472786933 12345.872 0.575 1549.0745312423567 118573
630 613.4 1157.263875448317 2138.366295309415 14458.764 0.575 1534.2038636676532 124930
640 666.3 1052.2042591925513 1773.2980897774491 17271.561 0.575 1516.5624832143067 131064
650 690.1 1514.464689320389 3404.9122909322177 32979.087 0.575 1494.0976154203595 137727
660 672.2 1228.9968565903039 2694.5761055098105 32979.087 0.575 1495.0694409104728 144628
670 732.8 1089.934397243452 2168.8853107798473 32979.087 0.575 1483.2521966963984 151350
680 687.4 1025.7701472214148 2002.9640194547906 32979.087 0.575 1465.0881611376494 158678
690 732.3 1126.1075863717 2154.3908560166224 32979.087 0.575 1446.8469316287326 165552
700 736.7 1017.8796090674657 1961.5767752399415 32979.087 0.575 1433.2603851337665 172875
710 739.7 1094.3320236582476 2018.6643999479008 32979.087 0.575 1416.282598728376 180242
720 618.6 1164.7508667959903 2166.3672409693386 32979.087 0.575 1403.5908427299228 187639
730 580.7 1270.8679428276205 2339.827269913557 32979.087 0.575 1395.9681723255512 193825
740 512.8 1918.835909126369 2880.5965252719648 32979.087 0.575 1392.3291914372444 199632
750 414.7 1657.843643838923 2551.796020768434 32979.087 0.575 1405.5150014016408 204760
760 242.5 2280.65574845361 2762.2136746602714 32979.087 0.575 1410.5239617533161 208907
770 185.3 2721.1107819751724 2670.7334769322515 32979.087 0.575 1420.5085811330039 211332
780 92.8 3561.3747586206864 5538.636645465258 32979.087 0.575 1431.8133909374485 213185
790 4.6 6233.484086956522 11255.139559771073 42454.897 0.575 1441.043250634011 214113
800 33.8 4814.603026627226 7577.1987685064205 56488.759 0.575 1442.072636643802 214159
810 88.3 9560.57934767837 16852.872812571077 66773.35 0.575 1447.3870012820694 214497
820 89.4 6334.302720357943 18124.90346442815 67843.745 0.575 1480.6489050886805 215380
830 73 12405.969727397262 21171.922278885748 67843.745 0.575 1500.71218828893 216274
840 16.7 12654.400958083848 24492.652052566136 67843.745 0.575 1537.397401481079 217004
850 50.5 9208.955714851487 13891.990520578645 70727.655 0.575 1545.9461469118808 217171
860 51.2 104.45280859374996 126.72448745591113 70727.655 0.575 1563.7240362143739 217676
870 12.1 73.22291735537193 86.35284980511204 70727.655 0.575 1560.2997100894643 218188
880 0.9 47.719222222222214 62.82982960660535 70727.655 0.575 1559.4754825408024 218309
887 0.2 15.8645 1.651499999999999 70727.655 0.575 1559.4131614937844 218318
