10 0.1 567 0 567 567 0 0
20 0.1 251.0 0.0 567 251 567.0 1
30 0.1 769.0 0.0 769 251 409.0 2
40 0.1 1871.0 0.0 1871 251 529.0 3
50 0.1 2603.0 0.0 2603 251 864.5 4
60 0.1 2527.0 0.0 2603 251 1212.2 5
70 0.1 2491.0 0.0 2603 251 1431.3333333333333 6
80 0.1 2359.0 0.0 2603 251 1582.7142857142858 7
90 0.1 2501.0 0.0 2603 251 1679.75 8
100 0.1 3029.0 0.0 3029 251 1771.0 9
110 0.1 3830.0 0.0 3830 251 1896.8 10
120 0.1 3273.0 0.0 3830 251 2072.5454545454545 11
130 0.1 3420.0 0.0 3830 251 2172.5833333333335 12
140 0.1 3146.0 0.0 3830 251 2268.5384615384614 13
150 0.1 3345.0 0.0 3830 251 2331.214285714286 14
160 0.1 3454.0 0.0 3830 251 2398.8 15
170 0.1 4439.0 0.0 4439 251 2464.75 16
180 0.1 4529.0 0.0 4529 251 2580.8823529411766 17
190 0.1 4965.0 0.0 4965 251 2689.1111111111113 18
200 0.1 5.1e3 0.0 5100 251 2808.8947368421054 19
210 0.1 6252.0 0.0 6252 251 2923.45 20
220 0.1 7343.0 0.0 7343 251 3081.9523809523807 21
230 0.1 8142.0 0.0 8142 251 3275.6363636363635 22
240 0.1 8937.0 0.0 8937 251 3487.217391304348 23
250 0.1 9080.0 0.0 9080 251 3714.2916666666665 24
260 0.1 9688.0 0.0 9688 251 3928.92 25
270 0.1 9362.0 0.0 9688 251 4150.423076923077 26
280 0.1 11076.0 0.0 11076 251 4343.444444444444 27
290 0.1 11977.0 0.0 11977 251 4583.892857142857 28
300 0.1 13011.0 0.0 13011 251 4838.827586206897 29
310 0.1 14617.0 0.0 14617 251 5111.233333333334 30
320 0.1 16583.0 0.0 16583 251 5417.870967741936 31
330 0.1 17504.0 0.0 17504 251 5766.78125 32
340 0.1 18176.0 0.0 18176 251 6122.454545454545 33
350 0.1 16862.0 0.0 18176 251 6476.970588235294 34
360 0.1 17038.0 0.0 18176 251 6773.685714285714 35
370 0.1 17286.0 0.0 18176 251 7058.805555555556 36
380 0.1 17121.0 0.0 18176 251 7335.216216216216 37
390 0.1 16415.0 0.0 18176 251 7592.736842105263 38
400 0.1 17341.0 0.0 18176 251 7818.948717948718 39
410 0.1 17836.0 0.0 18176 251 8057.0 40
420 0.1 18686.0 0.0 18686 251 8295.512195121952 41
430 0.1 21630.0 0.0 21630 251 8542.904761904761 42
440 0.1 22582.0 0.0 22582 251 8847.255813953489 43
450 0.1 27489.0 0.0 27489 251 9159.40909090909 44
460 0.1 30070.0 0.0 30070 251 9566.733333333332 45
470 0.1 32208.0 0.0 32208 251 10012.45652173913 46
480 0.1 34295.0 0.0 34295 251 10484.702127659575 47
490 0.1 34092.0 0.0 34295 251 10980.75 48
500 0.1 32724.0 0.0 34295 251 11452.408163265307 49
510 0.1 31443.0 0.0 34295 251 11877.84 50
520 0.1 33267.0 0.0 34295 251 12261.470588235294 51
530 0.1 32358.0 0.0 34295 251 12665.423076923076 52
540 0.1 33246.0 0.0 34295 251 13036.981132075472 53
550 0.1 36058.0 0.0 36058 251 13411.222222222223 54
560 0.1 37917.0 0.0 37917 251 13822.981818181817 55
570 0.1 38335.0 0.0 38335 251 14253.232142857143 56
580 0.1 40002.0 0.0 40002 251 14675.719298245614 57
590 0.1 40720.0 0.0 40720 251 15112.379310344828 58
600 0.1 4.3e4 0.0 43000 251 15546.406779661016 59
610 0.1 42573.0 0.0 43000 251 16003.966666666667 60
620 0.1 43306.0 0.0 43306 251 16439.524590163935 61
630 0.1 44333.0 0.0 44333 251 16872.854838709678 62
640 0.1 45441.0 0.0 45441 251 17308.73015873016 63
650 0.1 46025.0 0.0 46025 251 17748.296875 64
660 0.1 47465.0 0.0 47465 251 18183.323076923076 65
670 0.1 49005.0 0.0 49005 251 18626.984848484848 66
680 0.1 49732.0 0.0 49732 251 19080.388059701494 67
690 0.1 48746.0 0.0 49732 251 19531.147058823528 68
700 0.1 49577.0 0.0 49732 251 19954.55072463768 69
710 0.1 49676.0 0.0 49732 251 20377.72857142857 70
720 0.1 48526.0 0.0 49732 251 20790.38028169014 71
730 0.1 45097.0 0.0 49732 251 21175.597222222223 72
740 0.1 37490.0 0.0 49732 251 21503.287671232876 73
750 0.1 36715.0 0.0 49732 251 21719.324324324323 74
760 0.1 27444.0 0.0 49732 251 21919.266666666666 75
770 0.1 18717.0 0.0 49732 251 21991.96052631579 76
780 0.1 12905.0 0.0 49732 251 21949.428571428572 77
790 0.1 4198.0 0.0 49732 251 21833.47435897436 78
800 0.1 741.0 0.0 49732 251 21610.240506329115 79
810 0.1 4289.0 0.0 49732 251 21349.375 80
820 0.1 7315.0 0.0 49732 251 21138.753086419754 81
830 0.1 7888.0 0.0 49732 251 20970.170731707316 82
840 0.1 3691.0 0.0 49732 251 20812.55421686747 83
850 0.1 1407.0 0.0 49732 251 20608.72619047619 84
860 0.1 6.3e3 0.0 49732 251 20382.823529411766 85
870 0.1 2619.0 0.0 49732 251 20219.06976744186 86
880 0.1 410.0 0.0 49732 251 20016.770114942527 87
887 0.1 17.0 0.0 49732 17 19793.965909090908 88
