0 0.7 28.941857142857142 24.237821733979384 76.84 7.255 0 0
10 2.7 21.505851851851858 18.67881596434592 76.84 6.189 28.941857142857142 7
20 7.9 23.237481012658215 20.45797170295742 87.575 5.607 23.036794117647062 34
30 15.1 21.109715231788076 16.69818468556026 87.575 4.386 23.177097345132736 113
40 28.7 26.06625435540071 20.007997956604022 112.014 4.386 21.99461742424242 264
50 34.4 21.262563953488357 16.487377869550755 112.014 4.386 24.115415607985483 551
60 33.4 21.295781437125726 15.99568735582077 112.014 4.311 23.018900558659215 895
70 31.7 22.663280757097798 20.05839029304956 158.296 4.311 22.55061594792513 1229
80 32.6 27.970806748466234 38.90846677476854 375.351 4.311 22.57371733505821 1546
90 40 21.723674999999993 16.170700685325144 375.351 4.106 23.513595085470076 1872
100 44 21.578759090909095 16.714503060520368 375.351 4.007 23.198468309859148 2272
110 46.9 22.974656716417904 17.209490184949303 375.351 4.007 22.93568362831858 2712
120 45.8 21.889759825327488 15.954755141857838 375.351 4.007 22.941429739075755 3181
130 45.6 21.922842105263168 16.785595886751086 375.351 3.913 22.809067875790046 3639
140 44.4 23.499247747747745 20.056354486433165 375.351 3.913 22.710381929181924 4095
150 45.3 21.293545253863133 17.13854057092883 375.351 3.913 22.787547918043618 4539
160 54.6 24.28426373626374 20.543899285518318 375.351 3.913 22.651974358974353 4992
170 66.2 23.075499999999995 17.497947789531395 375.351 3.913 22.81290429758035 5538
180 64.1 21.858747269890753 16.77769487145888 375.351 3.913 22.84094274193548 6200
190 67.3 24.25535512630013 20.273904298332788 375.351 3.913 22.748911270282115 6841
200 80 24.470023750000024 21.379178218436877 375.351 3.913 22.88383763641202 7514
210 94.7 24.039416050686384 19.47960197131887 375.351 3.913 23.036465600192443 8314
220 108.1 32.10947456059207 42.20974686913308 504.259 3.913 23.139024079473057 9261
230 111.7 25.801452999104765 20.854422512335177 504.259 3.88 24.076662541094567 10342
240 117.8 25.89330135823429 21.346345517618946 504.259 3.867 24.244791604852086 11459
250 123.4 26.601940842787656 23.60072662698037 504.259 3.753 24.398462926327454 12637
260 126.6 29.52225197472358 25.938058319807862 504.259 3.753 24.594490015139503 13871
270 136.1 30.166568699485666 29.703996003474888 504.259 3.753 25.006628922507765 15137
280 153.9 30.419633528265113 26.463683970269603 504.259 3.725 25.432297369378112 16498
290 166.3 42.69822489476842 64.87974637591226 631.334 3.725 25.857839884681493 18037
300 184.3 38.99707921866529 43.978172453424605 631.334 3.725 27.279441928934006 19700
310 205.8 52.28592322643344 71.91541707723418 631.334 3.725 28.281883813767813 21543
320 216.7 173.88748084910011 236.41106534233458 1200.8 3.725 30.37502872759629 23601
330 222.5 294.9405964044942 330.72656968928175 1864.818 3.725 42.44393138776777 25768
340 203 722.442642857143 605.590655422996 2882.794 3.725 62.51341588968669 27993
350 207.2 948.341387548264 632.6933857624998 2938.617 3.725 107.13441747993205 30023
360 209.9 1148.8607789423536 643.981866315026 3198.715 3.725 161.44134510048303 32095
370 199.2 1594.5214347389572 836.4161660477984 4346.957 3.725 222.05412487570928 34194
380 192.6 1923.5338613707129 1127.214631412531 4711.821 0.341 297.6069597081746 36186
390 212.5 2472.6375962352945 1566.1239717024212 5955.426 0.341 379.7736057147355 38112
400 242.5 2284.409730309276 1801.923939680833 6121.874 0.331 490.30212374182963 40237
410 260.8 2558.360172929453 1860.477258302555 6203.427 0.331 592.2830657024986 42662
420 317.1 2409.3742860296447 1903.0257824750042 6339.509 0.331 705.5485637287388 45270
430 380.3 1905.0933439389937 2090.5254581409913 6752.144 0.303 817.0828294420019 48441
440 448.3 1584.721610528661 2031.3063279119438 6752.144 0.303 896.282431054284 52244
450 557.9 1461.645933679869 1971.145688850429 6851.544 0.303 950.6881433532533 56727
460 616.8 1232.0497131971501 1777.7641945373196 6851.544 0.303 996.440294225275 62306
470 646.5 1215.8018737819013 1762.351717841861 6860.711 0.303 1017.6635161229082 68474
480 658.4 1155.2976441372982 1667.4634562356732 6860.711 0.303 1034.7569452087698 74939
490 633.5 1199.234225572217 1721.4299386978096 6860.711 0.303 1044.492111502275 81523
500 599.3 1181.9222085766735 1692.3716856814528 6860.711 0.303 1055.6497897174984 87858
510 585.2 1261.3456811346566 1778.3640298246032 6945.975 0.303 1063.713109300913 93851
520 644 1212.0808316770213 1774.317861161612 6959.884 0.303 1075.3130191368364 99703
530 666.2 1152.9472146502562 1774.231137450398 7150.056 0.303 1083.6111142797924 106143
540 676.3 1165.177944699093 1826.9099390752972 7150.056 0.303 1087.7059425291434 112805
550 739.7 1017.2411549276726 1647.9132843405307 7150.056 0.303 1092.0879105362637 119568
560 790.7 975.8305725306665 1659.344206100459 7211.823 0.303 1087.7273272949237 126965
570 782.9 922.7237377698272 1635.1539496352048 7761.386 0.303 1081.167273021828 134872
580 881.1 922.7842734082423 1632.7090987862525 7761.386 0.303 1072.4745908578072 142701
590 873.2 846.8510286303266 1577.078419989089 7959.391 0.303 1063.7695286379953 151512
600 907.3 884.5133110327345 1550.133622533655 7959.391 0.303 1051.9492274593742 160244
610 912.9 832.4732997042345 1527.561881777161 7959.391 0.303 1042.9770269730739 169317
620 943.2 843.3985812128923 1586.0175799410763 7959.391 0.303 1032.208007066563 178446
630 918.5 759.1482744692421 1481.6844002625578 9904.423 0.303 1022.7292468889381 187878
640 1003.9 689.6800929375422 1227.9459549713022 12378.349 0.303 1010.4438801195552 197063
650 1051 1006.1578200761202 2688.47460295304 29704.543 0.303 994.8952728655439 207102
660 1015 817.8786248275889 1890.3849245787057 29704.543 0.303 995.4392197581011 217612
670 1094.2 711.6282654907703 1518.0322116677646 29704.543 0.303 987.5263983105167 227762
680 1030.2 695.5245434867016 1417.2119307890362 29704.543 0.303 974.879449079194 238704
690 1092.4 736.1593320212398 1465.578715470469 29704.543 0.303 963.3218390721506 249006
700 1105.2 676.0252297321724 1379.8792555182415 29704.543 0.303 953.7749486515598 259930
710 1108.9 736.4038935882438 1413.6696579665736 29704.543 0.303 942.4469272571606 270982
720 948 760.4934706751055 1497.450418109988 29704.543 0.303 934.3467992739414 282071
730 892.2 820.0725785698298 1574.4125574685722 29704.543 0.303 928.6938275636164 291551
740 782.4 1238.909476738239 2165.727961361007 29704.543 0.303 925.4685168584198 300473
750 623.9 1111.5532594967149 1747.6931561112829 29704.543 0.303 933.4230609185297 308297
760 351.9 1572.6707558965556 1895.5617002259412 29704.543 0.303 936.9563744627005 314536
770 259.7 1911.0974716981123 1750.86983638217 29704.543 0.303 943.9899972897767 318055
780 125.4 2541.5928309409887 4637.330883964384 31847.536 0.303 951.8227197148309 320652
790 6.5 4075.310646153847 9186.481346068718 39121.592 0.303 958.015744136487 321906
800 45.5 3510.9262879120847 6702.524034211218 53414.539 0.303 958.6450684192052 321971
810 118.3 7019.0952290786245 14824.929699122851 60010.239 0.303 962.2467877435441 322426
820 121.5 4602.803643621397 15594.004081986002 60061.074 0.303 984.3884825236628 323609
830 97.4 9451.226362423 19002.744073687165 60061.074 0.303 997.923117959264 324824
840 21.2 9933.899933962275 22264.08162654516 60061.074 0.303 1023.1949654233604 325798
850 66.8 6579.999889221569 11466.698352768235 60061.074 0.303 1028.9894792521702 326010
860 65.6 81.37656554878049 113.5278218559596 60061.074 0.303 1040.3403353057138 326678
870 13.5 65.61436296296294 83.97049699204169 60061.074 0.303 1038.4185055142455 327334
880 0.9 47.719222222222214 62.82982960660535 60061.074 0.303 1038.01746431876 327469
887 0.2 15.8645 1.651499999999999 60061.074 0.303 1037.9902481876645 327478
