10 0.1 431 0 431 431 0 0
20 0.1 151.0 0.0 431 151 431.0 1
30 0.1 448.0 0.0 448 151 291.0 2
40 0.1 1094.0 0.0 1094 151 343.3333333333333 3
50 0.1 1378.0 0.0 1378 151 531.0 4
60 0.1 1237.0 0.0 1378 151 700.4 5
70 0.1 1274.0 0.0 1378 151 789.8333333333334 6
80 0.1 1290.0 0.0 1378 151 859.0 7
90 0.1 1330.0 0.0 1378 151 912.875 8
100 0.1 1597.0 0.0 1597 151 959.2222222222222 9
110 0.1 2130.0 0.0 2130 151 1023.0 10
120 0.1 1690.0 0.0 2130 151 1123.6363636363637 11
130 0.1 1718.0 0.0 2130 151 1170.8333333333335 12
140 0.1 1683.0 0.0 2130 151 1212.9230769230771 13
150 0.1 1992.0 0.0 2130 151 1246.5000000000002 14
160 0.1 1937.0 0.0 2130 151 1296.2000000000003 15
170 0.1 2397.0 0.0 2397 151 1336.2500000000002 16
180 0.1 2459.0 0.0 2459 151 1398.6470588235297 17
190 0.1 2820.0 0.0 2820 151 1457.5555555555559 18
200 0.1 2879.0 0.0 2879 151 1529.2631578947373 19
210 0.1 3341.0 0.0 3341 151 1596.7500000000005 20
220 0.1 3994.0 0.0 3994 151 1679.809523809524 21
230 0.1 4511.0 0.0 4511 151 1785.0000000000002 22
240 0.1 4665.0 0.0 4665 151 1903.5217391304352 23
250 0.1 4737.0 0.0 4737 151 2018.5833333333337 24
260 0.1 5329.0 0.0 5329 151 2127.32 25
270 0.1 5013.0 0.0 5329 151 2250.4615384615386 26
280 0.1 5891.0 0.0 5891 151 2352.777777777778 27
290 0.1 6063.0 0.0 6063 151 2479.1428571428573 28
300 0.1 6757.0 0.0 6757 151 2602.7241379310344 29
310 0.1 7751.0 0.0 7751 151 2741.2 30
320 0.1 8745.0 0.0 8745 151 2902.8064516129034 31
330 0.1 8998.0 0.0 8998 151 3085.375 32
340 0.1 9238.0 0.0 9238 151 3264.5454545454545 33
350 0.1 8509.0 0.0 9238 151 3440.235294117647 34
360 0.1 8570.0 0.0 9238 151 3585.057142857143 35
370 0.1 8954.0 0.0 9238 151 3723.527777777778 36
380 0.1 9069.0 0.0 9238 151 3864.891891891892 37
390 0.1 8786.0 0.0 9238 151 4001.842105263158 38
400 0.1 9311.0 0.0 9311 151 4124.51282051282 39
410 0.1 10177.0 0.0 10177 151 4254.175 40
420 0.1 11055.0 0.0 11055 151 4398.634146341464 41
430 0.1 13521.0 0.0 13521 151 4557.119047619048 42
440 0.1 15118.0 0.0 15118 151 4765.581395348837 43
450 0.1 19243.0 0.0 19243 151 5000.863636363636 44
460 0.1 21508.0 0.0 21508 151 5317.355555555556 45
470 0.1 23578.0 0.0 23578 151 5669.326086956522 46
480 0.1 25358.0 0.0 25358 151 6050.36170212766 47
490 0.1 25174.0 0.0 25358 151 6452.604166666667 48
500 0.1 24306.0 0.0 25358 151 6834.673469387755 49
510 0.1 23402.0 0.0 25358 151 7184.1 50
520 0.1 24520.0 0.0 25358 151 7502.098039215686 51
530 0.1 24502.0 0.0 25358 151 7829.365384615385 52
540 0.1 25582.0 0.0 25582 151 8143.943396226415 53
550 0.1 27543.0 0.0 27543 151 8466.87037037037 54
560 0.1 29311.0 0.0 29311 151 8813.709090909091 55
570 0.1 30015.0 0.0 30015 151 9179.732142857143 56
580 0.1 31402.0 0.0 31402 151 9545.263157894737 57
590 0.1 32408.0 0.0 32408 151 9922.103448275862 58
600 0.1 34029.0 0.0 34029 151 10303.22033898305 59
610 0.1 34162.0 0.0 34162 151 10698.65 60
620 0.1 35141.0 0.0 35141 151 11083.295081967213 61
630 0.1 35630.0 0.0 35630 151 11471.322580645161 62
640 0.1 36287.0 0.0 36287 151 11854.79365079365 63
650 0.1 37529.0 0.0 37529 151 12236.546875 64
660 0.1 38266.0 0.0 38266 151 12625.661538461538 65
670 0.1 40548.0 0.0 40548 151 13014.151515151516 66
680 0.1 40723.0 0.0 40723 151 13425.10447761194 67
690 0.1 40598.0 0.0 40723 151 13826.54411764706 68
700 0.1 40831.0 0.0 40831 151 14214.536231884058 69
710 0.1 41211.0 0.0 41211 151 14594.771428571428 70
720 0.1 40487.0 0.0 41211 151 14969.647887323943 71
730 0.1 37081.0 0.0 41211 151 15324.055555555555 72
740 0.1 29804.0 0.0 41211 151 15622.09589041096 73
750 0.1 29383.0 0.0 41211 151 15813.743243243243 74
760 0.1 21590.0 0.0 41211 151 15994.666666666666 75
770 0.1 14022.0 0.0 41211 151 16068.28947368421 76
780 0.1 9185.0 0.0 41211 151 16041.714285714286 77
790 0.1 3103.0 0.0 41211 151 15953.807692307691 78
800 0.1 673.0 0.0 41211 151 15791.139240506329 79
810 0.1 3896.0 0.0 41211 151 15602.1625 80
820 0.1 5745.0 0.0 41211 151 15457.641975308641 81
830 0.1 5982.0 0.0 41211 151 15339.19512195122 82
840 0.1 2257.0 0.0 41211 151 15226.4578313253 83
850 0.1 1032.0 0.0 41211 151 15072.059523809523 84
860 0.1 3523.0 0.0 41211 151 14906.882352941177 85
870 0.1 1565.0 0.0 41211 151 14774.511627906977 86
880 0.1 294.0 0.0 41211 151 14622.67816091954 87
887 0.1 16.0 0.0 41211 16 14459.852272727272 88
