30 0.1 35043.923 0 35043.923 35043.923 0 0
40 0.1 31932.585 0.0 35043.923 31932.585 35043.923 1
50 0.6 39918.32866666667 1801.7822941120162 41641.524 31932.585 33488.254 2
60 1.1 48280.56681818182 8777.9236509625 63738.885 31932.585 38310.81 8
70 1.1 44677.689454545456 4594.413877653409 63738.885 31932.585 44082.77447368421 19
80 1.2 50858.612499999996 7222.870276936963 63738.885 31932.585 44300.90996666667 30
90 1.1 47975.86936363637 7659.099746588335 63738.885 31932.585 46174.53926190476 42
100 0.9 51428.834111111115 8840.037923629607 65182.385 31932.585 46548.4002264151 53
110 1.5 46792.62553333333 9922.506903400323 70571.266 31932.585 47256.85030645162 62
120 1.8 46260.70211111111 5795.953597587457 70571.266 31932.585 47166.41690909091 77
130 0.9 52955.920000000006 9122.823045636878 70571.266 31932.585 46994.807789473685 95
140 1.9 49715.5982631579 7232.962246657071 70571.266 31932.585 47510.67326923077 104
150 1.6 53397.088187500005 9858.152283731397 76162.363 31932.585 47851.2714390244 123
160 0.9 57038.23466666666 13293.006187192646 77629.572 31932.585 48489.63883453239 139
170 1.9 49924.85147368421 12070.993513023921 79523.012 31932.585 49009.485878378386 148
180 1.7 47933.468882352936 8248.26641882565 79523.012 31932.585 49113.62926946109 167
190 2.6 48800.58676923078 10368.498351595472 94729.854 31932.585 49004.59271195653 184
200 2.1 47215.47200000001 7977.662731095412 94729.854 31932.585 48979.33483333335 210
210 1.5 49753.15659999999 8945.872449500934 94729.854 31932.585 48818.98366666668 231
220 3.2 46906.4728125 8481.940107285163 94729.854 31932.585 48875.945430894324 246
230 3.3 45796.734787878784 5376.197688415172 94729.854 31932.585 48649.243546762606 278
240 3.3 46246.74657575759 7157.337842161104 94729.854 31932.585 48346.565768488756 311
250 3.7 48592.34913513514 8313.722148751885 94729.854 31932.585 48145.12962500001 344
260 4 48285.670975 7184.134691827828 94729.854 31932.585 48188.56039107613 381
270 4.6 50059.423108695664 7130.11499252811 94729.854 31932.585 48197.78704988125 421
280 3.3 52550.49993939393 14493.735904584555 109200.756 31932.585 48381.16019486082 467
290 5.3 50057.8356792453 13771.407732059644 109200.756 31932.585 48656.33661800001 500
300 4.7 47648.43631914891 8282.696042703965 109200.756 31932.585 48790.65750452081 553
310 5.7 48264.66928070176 8293.840487943153 109200.756 31932.585 48701.18351166668 600
320 5.5 51176.14614545455 9877.132069990239 109200.756 31932.585 48663.31241400305 657
330 5.3 51170.001283018886 10805.537468022849 109200.756 31932.585 48857.421761235964 712
340 4.6 53287.864413043484 7784.0998755950295 109200.756 31932.585 49017.63968888891 765
350 4.5 56708.815577777794 9269.037694426299 109200.756 31932.585 49259.847256473506 811
360 4.6 61886.877217391324 7328.951349949358 109200.756 31932.585 49651.44021728973 856
370 4.4 66924.89925000002 7291.998922924182 109200.756 31932.585 50275.42037472285 902
380 3.7 73098.84508108109 7634.349380894522 109200.756 31932.585 51049.81474101481 946
390 2.9 81731.74237931034 12474.814648731583 135199.366 31932.585 51879.73755137336 983
400 3.4 84939.41417647059 6858.245410019257 135199.366 31932.585 52735.180377470366 1012
410 5 94747.62702000003 9797.164431444398 135199.366 31932.585 53781.971915869995 1046
420 5.1 96870.16549019607 9623.566306195313 135199.366 31932.585 55650.84304288323 1096
430 5.7 102195.38921052635 11712.64229692876 143693.946 31932.585 57483.61152136008 1147
440 6.6 103220.65095454548 13814.266164942428 143693.946 31932.585 59600.36511627909 1204
450 11.6 99732.77850000003 18270.47976546339 143693.946 31932.585 61867.24611259844 1270
460 13.5 98445.06040740739 18220.49873370708 148402.576 31932.585 65036.36714935067 1386
470 17.8 96480.03310674151 20188.585718998052 148402.576 31932.585 68001.63578172258 1521
480 23.2 94380.51559051711 21803.799897237022 148402.576 31932.585 70985.24656680402 1699
490 23 91149.78453043477 23455.695099532055 154616.096 31932.585 73796.07122423615 1931
500 23.2 89025.74446551719 24859.66695631482 166613.282 31932.585 75643.06523646461 2161
510 19.4 85749.10525257731 21955.827406785455 170488.377 31932.585 76940.50843794401 2393
520 20.3 88413.00711330042 24278.75375688476 170488.377 31932.585 77601.06807537688 2587
530 23.2 85424.86139655171 23834.792974801454 170488.377 31932.585 78387.74320967741 2790
540 20.5 83410.96348780482 21380.106371579688 170488.377 31932.585 78927.98524123097 3022
550 19.4 83092.44024226804 20637.57158423638 170488.377 31932.585 79212.7731372792 3227
560 22.6 84112.12865044252 22319.34278522177 170488.377 31932.585 79432.78349049985 3421
570 23.6 81338.77035593227 21680.526159104902 170488.377 31932.585 79722.7566207842 3647
580 26.2 81243.05619465651 20436.930465669473 170488.377 31932.585 79820.97429822302 3883
590 28.4 80059.52099295783 21376.777867167526 170488.377 31932.585 79910.86222509046 4145
600 28.3 78263.68826855118 19717.22208330952 170488.377 31932.585 79920.39464551817 4429
610 29.4 79092.36771088441 21772.346430780468 186493.244 31932.585 79820.89381685058 4712
620 30.9 75546.87176051791 18652.65664807833 186493.244 31932.585 79778.10782500998 5006
630 30.5 75527.08318032774 19041.464040890733 186493.244 31932.585 79532.1149851364 5315
640 28.1 74615.37760142349 18936.261350206216 186493.244 31932.585 79314.76005622774 5620
650 32.4 74106.10286419753 17436.846092236206 186493.244 31932.585 79090.97993933229 5901
660 29.8 75372.39382550334 19668.45456100932 186493.244 31932.585 78831.52609638553 6225
670 35.5 72563.63851830988 18304.561251556286 186493.244 31932.585 78673.49736470947 6523
680 36.1 71158.91622160665 17396.491226328406 188074.533 31932.585 78358.14408025586 6878
690 37.4 71524.52175668457 16414.157795062216 188074.533 31932.585 77999.1274678823 7239
700 37.2 74031.46731451612 17568.8420255006 188074.533 31932.585 77681.05278825693 7613
710 36 73302.30494166655 17938.4389215775 188074.533 31932.585 77511.02826775203 7985
720 35.2 71867.83460795444 17226.400104575576 188074.533 31932.585 77329.46560778908 8345
730 27.5 71220.32516363646 16214.380455990255 188074.533 31932.585 77108.41304806253 8697
740 33.8 72665.35855325442 16975.84178989191 188074.533 31932.585 76927.93777296031 8972
750 30 72443.69146000003 17229.79528098019 188074.533 31932.585 76773.1846283566 9310
760 23.6 75228.86645338986 16800.21458252828 188074.533 31932.585 76638.02875421435 9610
770 26.5 79141.2191433962 18660.942019141967 188074.533 31932.585 76604.25236756043 9846
780 12.5 83000.89091999996 16468.812737594188 188074.533 31932.585 76670.74393076847 10111
790 0.6 88872.20316666666 10257.761996367242 188074.533 31932.585 76748.04642917155 10236
800 4.8 97412.5012291667 13410.350351059411 188074.533 31932.585 76755.14904003123 10242
810 13.3 115348.27969924809 14879.864912069226 188074.533 31932.585 76851.50986656948 10290
820 12.3 125452.22593495938 16560.07664576052 201884.978 31932.585 77342.73795711408 10423
830 12 136584.14319166658 18376.71165743201 207594.917 31932.585 77903.84804826474 10546
840 4.2 140970.68885714284 16224.260497165364 207594.917 31932.585 78564.04263078942 10666
850 6.9 155484.75436231875 13369.365803101547 207594.917 31932.585 78808.82028688831 10708
860 9.3 158952.52754838712 14704.64377532107 234655.169 31932.585 79299.73978686091 10777
870 4.1 165668.63334146343 10070.986454621496 234655.169 31932.585 79981.22177966882 10870
880 0.3 165440.52099999998 2164.078758116878 234655.169 31932.585 80303.20728732472 10911
887 0.2 177993.1435 1520.8164999999935 234655.169 31932.585 80326.60951759208 10914
