0 2.5734375 2.5734375
10 12.3 14.8734375
20 43.8078125 58.68125
30 86.8765625 145.5578125
40 178.5515625 324.109375
50 210.43515625 534.54453125
60 205.36875 739.91328125
70 191.5453125 931.45859375
80 198.04453125 1129.503125
90 245.97109375 1375.47421875
100 266.8578125 1642.33203125
110 294.9953125 1937.32734375
120 285.75234375 2223.0796875
130 276.0078125 2499.0875
140 269.73359375 2768.82109375
150 277.28359375 3046.1046875
160 340.33046875 3386.43515625
170 407.32109375 3793.75625
180 384.590625 4178.346875
190 414.0578125 4592.4046875
200 490.78046875 5083.18515625
210 573.0015625 5656.18671875
220 664.53203125 6320.71875
230 693.2484375 7013.9671875
240 729.21640625 7743.18359375
250 746.16640625 8489.35
260 782.378125 9271.728125
270 829.09609375 10100.82421875
280 952.109375 11052.93359375
290 1021.43046875 12074.3640625
300 1110.20234375 13184.56640625
310 1258.66796875 14443.234375
320 1334.9765625 15778.2109375
330 1433.27578125 17211.48671875
340 1282.01640625 18493.503125
350 1285.69140625 19779.19453125
360 1294.11015625 21073.3046875
370 1262.05390625 22335.35859375
380 1253.11484375 23588.4734375
390 1262.9046875 24851.378125
400 1424.14375 26275.521875
410 1445.55625 27721.078125
420 1639.4015625 29360.4796875
430 1899.79921875 31260.27890625
440 2091.8328125 33352.11171875
450 2570.48359375 35922.5953125
460 2811.73828125 38734.33359375
470 2891.815625 41626.14921875
480 2967.61484375 44593.7640625
490 2858.0625 47451.8265625
500 2698.52578125 50150.35234375
510 2605.9828125 52756.33515625
520 2892.6234375 55648.95859375
530 2943.5421875 58592.50078125
540 2941.85 61534.35078125
550 3218.0703125 64752.42109375
560 3401.7765625 68154.19765625
570 3348.234375 71502.43203125
580 3768.56640625 75270.9984375
590 3689.47265625 78960.47109375
600 3838.478125 82798.94921875
610 3811.31171875 86610.2609375
620 3923.303125 90533.5640625
630 3839.59375 94373.1578125
640 4155.69765625 98528.85546875
650 4378.2890625 102907.14453125
660 4225.7125 107132.85703125
670 4507.3828125 111640.23984375
680 4230.3125 115870.55234375
690 4471.04765625 120341.6
700 4549.059375 124890.659375
710 4592.24765625 129482.90703125
720 3934.63203125 133417.5390625
730 3921.503125 137339.0421875
740 3179.1 140518.1421875
750 2752.25390625 143270.39609375
760 1635.87578125 144906.271875
770 1259.77421875 146166.04609375
780 760.59453125 146926.640625
790 61.8296875 146988.4703125
800 173.56015625 147162.03046875
810 473.15234375 147635.1828125
820 555.52265625 148190.70546875
830 532.53671875 148723.2421875
840 116.70859375 148839.95078125
850 278.4203125 149118.37109375
860 417.04296875 149535.4140625
870 87.55546875 149622.96953125
880 6.23359375 149629.203125
887 1.721875 149630.925
