0 66.9625 66.9625
10 189.24140625 256.20390625
20 537.6765625 793.88046875
30 947.2921875 1741.17265625
40 1753.57421875 3494.746875
50 1960.14609375 5454.89296875
60 1871.8296875 7326.72265625
70 1837.94453125 9164.6671875
80 1884.01328125 11048.68046875
90 2319.09375 13367.77421875
100 2485.05234375 15852.8265625
110 2627.85234375 18480.67890625
120 2529.9734375 21010.65234375
130 2605.44375 23616.09609375
140 2570.03046875 26186.1265625
150 2589.140625 28775.2671875
160 3137.65703125 31912.92421875
170 3759.434375 35672.35859375
180 3699.51015625 39371.86875
190 3863.56015625 43235.42890625
200 4623.79609375 47859.225
210 5545.36953125 53404.59453125
220 6171.63359375 59576.228125
230 6381.571875 65957.8
240 6704.021875 72661.821875
250 7079.54453125 79741.36640625
260 7220.1625 86961.52890625
270 7801.97578125 94763.5046875
280 8748.41875 103511.9234375
290 9597.89296875 113109.81640625
300 10734.58046875 123844.396875
310 11896.0578125 135740.4546875
320 12469.365625 148209.8203125
330 12491.62890625 160701.44921875
340 11778.034375 172479.48359375
350 12120.3984375 184599.88203125
360 12148.6296875 196748.51171875
370 11951.96640625 208700.478125
380 11371.2984375 220071.7765625
390 11863.4265625 231935.203125
400 11213.0453125 243148.2484375
410 11283.58984375 254431.83828125
420 12057.18359375 266489.021875
430 11245.0203125 277734.0421875
440 11338.0640625 289072.10625
450 12926.390625 301998.496875
460 12834.42265625 314832.91953125
470 13495.80390625 328328.7234375
480 13762.94296875 342091.66640625
490 13479.10703125 355570.7734375
500 12731.17265625 368301.94609375
510 12739.0484375 381040.99453125
520 13106.81875 394147.81328125
530 12609.5890625 406757.40234375
540 12674.971875 419432.37421875
550 13738.59609375 433170.9703125
560 13791.60078125 446962.57109375
570 13139.321875 460101.89296875
580 14563.08828125 474664.98125
590 13208.959375 487873.940625
600 14864.140625 502738.08125
610 14146.9234375 516885.0046875
620 14172.3265625 531057.33125
630 13375.99921875 544433.33046875
640 14353.30859375 558786.6390625
650 15103.45859375 573890.09765625
660 14794.45 588684.54765625
670 14811.0984375 603495.64609375
680 13389.59765625 616885.24375
690 14931.22734375 631816.47109375
700 14625.65078125 646442.121875
710 15631.49609375 662073.61796875
720 12393.03671875 674466.6546875
730 12165.3421875 686631.996875
740 11314.78984375 697946.78671875
750 10502.8203125 708449.60703125
760 7866.70625 716316.31328125
770 7207.74765625 723524.0609375
780 4113.20859375 727637.26953125
790 88.51171875 727725.78125
800 243.66484375 727969.44609375
810 2679.478125 730648.92421875
820 2422.03671875 733070.9609375
830 3724.55546875 736795.51640625
840 616.86875 737412.38515625
850 2831.91328125 740244.2984375
860 2861.08828125 743105.38671875
870 507.37890625 743612.765625
880 24.96484375 743637.73046875
887 0.225 743637.95546875
