0 0.5 5
10 0.9 14
20 1.4 28
30 1.5 43
40 1 53
50 0.7 60
60 1.3 73
70 1.5 88
80 2.4 112
90 1.7 129
100 1.8 147
110 0.3 150
120 1.1 161
130 2.1 182
140 2.3 205
150 2.3 228
160 1.8 246
170 1.6 262
180 4.4 306
190 3 336
200 4.4 380
210 5.1 431
220 4.3 474
230 2.9 503
240 3.5 538
250 6.5 603
260 5.2 655
270 6.4 719
280 5.9 778
290 7.3 851
300 10.6 957
310 10.8 1065
320 9.4 1159
330 8 1239
340 10.5 1344
350 10.9 1453
360 12.9 1582
370 14.4 1726
380 15.4 1880
390 14.8 2028
400 13.4 2162
410 16.9 2331
420 19.7 2528
430 18.2 2710
440 19.5 2905
450 19 3095
460 18.9 3284
470 20.9 3493
480 22.3 3716
490 23.2 3948
500 23.8 4186
510 23.3 4419
520 23.7 4656
530 25.9 4915
540 27.1 5186
550 26.5 5451
560 32.1 5772
570 28.8 6060
580 30.4 6364
590 27.9 6643
600 29.3 6936
610 37.5 7311
620 40.7 7718
630 37.4 8092
640 31.9 8411
650 31.7 8728
660 32.4 9052
670 36.9 9421
680 38.8 9809
690 37.5 10184
700 35.8 10542
710 33.1 10873
720 4.3 10916
730 0 10916
740 0 10916
750 0 10916
760 0 10916
770 0 10916
780 0 10916
790 0 10916
800 0 10916
810 0 10916
820 0 10916
830 0 10916
840 0 10916
850 0 10916
860 0 10916
870 0 10916
880 0 10916
887 0 10916
