0 5 5
10 14 14
20 28 28
30 42 42
40 51 51
50 52 55
60 54 57
70 58 59
80 70 71
90 76 76
100 85 87
110 73 88
120 66 88
130 78 88
140 82 88
150 89 89
160 98 99
170 95 101
180 122 122
190 126 128
200 149 149
210 185 185
220 196 197
230 192 203
240 194 203
250 222 224
260 234 235
270 252 254
280 278 278
290 298 299
300 357 357
310 408 410
320 447 450
330 474 474
340 533 536
350 597 597
360 680 680
370 780 780
380 897 898
390 1016 1017
400 1116 1116
410 1235 1235
420 1381 1381
430 1506 1506
440 1635 1635
450 1709 1710
460 1763 1766
470 1794 1802
480 1785 1802
490 1787 1802
500 1793 1802
510 1832 1833
520 1866 1879
530 1893 1898
540 1959 1959
550 2030 2032
560 2125 2128
570 2177 2181
580 2219 2229
590 2214 2229
600 2224 2249
610 2305 2320
620 2403 2410
630 2472 2473
640 2510 2527
650 2503 2528
660 2529 2536
670 2543 2557
680 2570 2574
690 2571 2594
700 2557 2594
710 2528 2594
720 2219 2594
730 1944 2594
740 1606 2594
750 1306 2594
760 1070 2594
770 805 2594
780 680 2594
790 674 2594
800 626 2594
810 493 2594
820 370 2594
830 250 2594
840 208 2594
850 139 2594
860 46 2594
870 5 2594
880 2 2594
887 0 2594
