0 1.2 12
10 2 32
20 4.2 74
30 7.3 147
40 10.7 254
50 11.5 369
60 12.5 494
70 17 664
80 16 824
90 20.5 1029
100 20.2 1231
110 20.4 1435
120 18.7 1622
130 19 1812
140 21.1 2023
150 21.9 2242
160 25.9 2501
170 25.4 2755
180 31.1 3066
190 33.7 3403
200 38.6 3789
210 42.5 4214
220 48.6 4700
230 49.2 5192
240 58.1 5773
250 58 6353
260 66.6 7019
270 71.2 7731
280 77.9 8510
290 82 9330
300 90.1 10231
310 95.5 11186
320 99.5 12181
330 94.8 13129
340 94.7 14076
350 92.4 15000
360 96.3 15963
370 94.9 16912
380 93.3 17845
390 92.8 18773
400 81.7 19590
410 92.2 20512
420 83 21342
430 83.7 22179
440 81.1 22990
450 82.1 23811
460 88.1 24692
470 80.4 25496
480 80.7 26303
490 86.6 27169
500 79.3 27962
510 85.4 28816
520 91.6 29732
530 94.1 30673
540 100.5 31678
550 106.5 32743
560 104.9 33792
570 109.8 34890
580 104.5 35935
590 105.1 36986
600 102.9 38015
610 103.8 39053
620 103.3 40086
630 104.9 41135
640 108.1 42216
650 101.8 43234
660 109.5 44329
670 98.7 45316
680 108.9 46405
690 113.4 47539
700 114.1 48680
710 107.7 49757
720 107.8 50835
730 81.6 51651
740 76.2 52413
750 69.2 53105
760 63.3 53738
