10 1.2 12
20 3.5 47
30 7.5 122
40 11.5 237
50 13.7 374
60 13.4 508
70 17.1 679
80 19.2 871
90 24.1 1112
100 23 1342
110 22.7 1569
120 22.3 1792
130 20.1 1993
140 23 2223
150 24.9 2472
160 27.6 2748
170 28.9 3037
180 33.5 3372
190 37.8 3750
200 40.1 4151
210 46.6 4617
220 55.7 5174
230 57.7 5751
240 61 6361
250 63.9 7000
260 73.2 7732
270 83.5 8567
280 87 9437
290 90.9 10346
300 94.5 11291
310 104.4 12335
320 109.9 13434
330 109.4 14528
340 101.3 15541
350 102.2 16563
360 99.5 17558
370 92.2 18480
380 94.2 19422
390 85.6 20278
400 84.9 21127
410 83.6 21963
420 85.9 22822
430 74.2 23564
440 74.4 24308
450 79.1 25099
460 73.3 25832
470 76.7 26599
480 75 27349
490 75.7 28106
500 66.6 28772
510 64.4 29416
520 65.3 30069
530 53.2 30601
540 65 31251
550 57.8 31829
560 59.2 32421
570 55.8 32979
580 58.4 33563
590 60.7 34170
600 55.6 34726
610 49.9 35225
620 63.2 35857
630 57 36427
640 54.4 36971
650 52.5 37496
660 54.2 38038
670 44.2 38480
680 53.5 39015
690 57.7 39592
700 51.9 40111
710 57.7 40688
720 53.1 41219
730 46.9 41688
740 50.4 42192
750 42.8 42620
760 45 43070
