390 0.8 8
400 1.1 19
410 2.7 46
420 3.1 77
430 10.1 178
440 18.6 364
450 23.9 603
460 37.7 980
470 85.7 1837
480 160.7 3444
490 233.9 5783
500 306.3 8846
510 367.4 12520
520 381.4 16334
530 365.1 19985
540 361.2 23597
550 331.7 26914
560 309.6 30010
570 301.2 33022
580 308.5 36107
590 335.1 39458
600 338.7 42845
610 414.2 46987
620 453.3 51520
630 509.6 56616
640 452.1 61137
650 440.6 65543
660 424.7 69790
670 405.8 73848
680 424 78088
690 450.2 82590
700 482.1 87411
710 526.7 92678
720 508.4 97762
730 472.5 102487
740 437.1 106858
750 311.2 109970
760 193.9 111909
