390 0.3 3
400 0.1 4
410 1.1 15
420 0.8 23
430 3.6 59
440 7.2 131
450 6.2 193
460 11.4 307
470 14.7 454
480 32.1 775
490 48.5 1260
500 48.1 1741
510 69.6 2437
520 69.5 3132
530 72.5 3857
540 74.2 4599
550 75.6 5355
560 71.2 6067
570 67.3 6740
580 70.6 7446
590 68.5 8131
600 70.6 8837
610 77.4 9611
620 76.8 10379
630 93 11309
640 94.9 12258
650 87.2 13130
660 85.3 13983
670 78.1 14764
680 80.9 15573
690 87.3 16446
700 92.7 17373
710 95.6 18329
720 96.7 19296
730 89.2 20188
740 86.8 21056
750 86.4 21920
760 69.6 22616
