420 1.5 15
430 5.4 69
440 9.9 168
450 18 348
460 29 638
470 80.9 1447
480 119 2637
490 157.8 4215
500 213.2 6347
510 229.9 8646
520 254 11186
530 236.9 13555
540 241.2 15967
550 217.8 18145
560 206.2 20207
570 197.9 22186
580 195.7 24143
590 215.2 26295
600 209.5 28390
610 267.7 31067
620 309.2 34159
630 318 37339
640 254 39879
650 288 42759
660 282.7 45586
670 274.4 48330
680 298.4 51314
690 294.9 54263
700 300.9 57272
710 324.7 60519
720 284.7 63366
730 263.1 65997
740 238.5 68382
750 152.8 69910
760 70 70610
