0 0.9 1.506888888888889 0.5634178328034956 2.979 1.02 0 0
10 0.6 1.812166666666667 1.204352995964592 4.476 1.02 1.506888888888889 9
20 1.1 1.2615454545454547 0.27133922533723637 4.476 0.866 1.6290000000000002 15
30 0.8 4.186624999999999 7.245788103055111 23.333 0.866 1.4735384615384617 26
40 1 1.3537 0.2523941560337719 23.333 0.866 2.1119117647058827 34
50 1.1 1.2700909090909092 0.21612683756848747 23.333 0.866 1.9395909090909094 44
60 1.1 1.284909090909091 0.17477957783003792 23.333 0.866 1.8056909090909095 55
70 1.9 1.202315789473684 0.21611109536570816 23.333 0.758 1.7188939393939398 66
80 1.2 1.4007500000000002 0.32401597825827455 23.333 0.758 1.603423529411765 85
90 1.5 1.4163333333333334 0.5621649421853183 23.333 0.758 1.5783505154639177 97
100 1.3 2.062769230769231 2.9140685846383803 23.333 0.758 1.5566517857142859 112
110 1.1 1.1970909090909094 0.1823615063774822 23.333 0.758 1.6092880000000003 125
120 2 1.3297500000000002 0.20943325309033423 23.333 0.758 1.575948529411765 136
130 1.1 2.0633636363636367 1.699124388015902 23.333 0.758 1.5443846153846157 156
140 2.3 1.2713478260869562 0.2452485179134674 23.333 0.758 1.5785688622754492 167
150 2.1 1.9491904761904766 2.572818958319891 23.333 0.758 1.5413789473684212 190
160 2.6 2.657307692307693 6.151637679195247 33.187 0.758 1.5819668246445497 211
170 1.9 1.3117368421052629 0.32972729435498555 33.187 0.758 1.6999367088607598 237
180 3.7 1.493162162162162 1.4563772252929807 33.187 0.758 1.6711250000000002 256
190 3.1 1.4137419354838707 0.919530910134634 33.187 0.758 1.648651877133106 293
200 4.4 1.202318181818182 0.2176152539697771 33.187 0.758 1.626175925925926 324
210 4 1.3905750000000001 0.7660685637558822 33.187 0.758 1.575497282608696 368
220 3.6 1.4688611111111112 1.1595192287413727 33.187 0.758 1.557367647058824 408
230 3.7 1.2364594594594593 0.25969333209546014 33.187 0.758 1.550191441441442 444
240 5.7 1.3249649122807017 0.510866857544383 33.187 0.733 1.5260582120582125 481
250 5.3 1.3783018867924528 0.8155310015718236 33.187 0.717 1.5047527881040896 538
260 7.1 1.186492957746479 0.2777424520463455 33.187 0.717 1.493412859560068 591
270 4.4 1.4097727272727267 0.7318769725114747 33.187 0.717 1.4604954682779459 662
280 6.3 1.8602698412698417 2.990629069071087 33.187 0.717 1.4573342776203968 706
290 7.5 1.2652533333333342 0.4781427706821002 33.187 0.717 1.4903446033810146 769
300 10.6 1.3478867924528302 0.5869708186111405 33.187 0.717 1.4703424170616117 844
310 10.7 1.7368130841121503 1.3419419819125786 33.187 0.717 1.4566789473684214 950
320 9.9 1.5681818181818188 1.662000379022653 33.187 0.717 1.4850368968779568 1057
330 8.7 2.5208390804597705 3.815615955980133 33.187 0.717 1.4921574394463673 1156
340 11.3 1.7640088495575235 1.6659836154660506 33.187 0.717 1.564156878519711 1243
350 8.8 1.3025113636363634 0.6964992820318394 33.187 0.717 1.580811209439529 1356
360 14.3 1.2577342657342658 0.5619154174591643 33.187 0.717 1.563851108033242 1444
370 14 1.4129428571428577 1.406413751209735 33.187 0.714 1.5362678008821686 1587
380 14.7 1.204115646258502 0.30086267161308095 33.187 0.714 1.5262704111175458 1727
390 17.9 1.6392011173184353 2.027670439708039 33.187 0.714 1.5010000000000006 1874
400 14.2 1.4897535211267605 2.1841514424955073 33.187 0.714 1.5130496833901612 2053
410 18.2 1.4543076923076925 1.1809470653926493 33.187 0.714 1.5115425968109344 2195
420 18.7 1.3670106951871643 1.0310516306792077 33.187 0.708 1.507160286074885 2377
430 26.8 1.2885746268656717 0.8808774956492411 33.187 0.687 1.4969387675507024 2564
440 37.8 1.603322751322752 1.7220497819131533 33.187 0.668 1.477220692090396 2832
450 40.4 1.7431138613861374 2.2140895178325968 33.187 0.668 1.4920700934579445 3210
460 54.1 2.6404584103512008 7.4355216800789865 83.743 0.455 1.5201336469286115 3614
470 90.4 2.2141747787610595 3.378806311574221 83.743 0.455 1.666005054151625 4155
480 168.5 2.5370836795252223 3.1249195255348488 83.743 0.455 1.763958292152599 5059
490 245.9 3.637015860105725 4.026136025395863 83.743 0.433 1.9571249999999998 6744
500 315.5 4.872532488114085 5.27506473447544 83.743 0.433 2.405984244268171 9203
510 380.8 7.585534138655488 7.659058518623009 83.743 0.433 3.0356945298591937 12358
520 402.5 7.260818881987581 7.130536525543018 83.743 0.433 4.107437028331066 16166
530 394.3 8.046404514329202 7.142169929972089 83.743 0.433 4.736051854786788 20191
540 386.4 6.689750776397517 6.34456633155951 83.743 0.433 5.276895500124309 24134
550 369.6 9.092618235930702 12.094299230403898 104.437 0.433 5.471883455961143 27998
560 348.6 5.077627940332752 5.219931714328141 104.437 0.433 5.8941159209945075 31694
570 330.9 5.020418555454799 5.304564411812086 104.437 0.433 5.813209806708354 35180
580 336.3 4.967391911983341 5.12213013532858 104.437 0.401 5.745051469250951 38489
590 359.4 5.773391207568184 6.042008630775785 104.437 0.401 5.68256295995412 41852
600 367.6 7.081019858541883 7.384061966014434 104.437 0.401 5.689745918232625 45446
610 437.3 9.686008461010708 8.699159940868388 104.437 0.401 5.793860632710391 49122
620 481.1 10.644302224069868 8.288795082462421 104.437 0.401 6.112027983923724 53495
630 539.1 15.900103505843084 14.399509920298255 104.437 0.401 6.48599929681336 58306
640 484.2 16.05276352746802 13.041111635732204 104.437 0.401 7.282762657581986 63697
650 480 8.686633541666705 6.88933335481984 104.437 0.401 7.902327346474269 68539
660 467.1 8.696578891029732 7.146387296868834 104.437 0.401 7.953659785380221 73339
670 444.9 8.458779725781078 7.1480448264625105 104.437 0.401 7.99814350724266 78010
680 464.2 9.036813442481684 7.5917327381118875 104.437 0.401 8.022996713518232 82459
690 484.3 12.00961924427007 8.987438800873116 104.437 0.401 8.077027519775891 87101
700 504.9 14.542846900376327 10.453623585071284 104.437 0.401 8.284170364569736 91944
710 555.2 18.681497838616735 12.379799803847902 104.437 0.401 8.609967667769837 96993
720 519 17.363468015414288 12.608547091921752 104.437 0.401 9.15526129991711 102545
730 471.7 9.8056603773585 7.634139185532023 104.437 0.401 9.550681477699914 107735
740 461.1 6.714699631316401 6.008831225810855 104.437 0.401 9.561377023085408 112452
750 331.8 4.678597347799864 4.7776533797856215 104.437 0.401 9.44924911372509 117063
760 214.1 3.325902849135918 3.7633243282904982 104.437 0.401 9.317758076440635 120381
