0 9 9
10 15 6
20 26 11
30 34 8
40 41 7
50 47 6
60 53 6
70 59 6
80 64 5
90 72 8
100 68 -4
110 62 -6
120 68 6
130 66 -2
140 75 9
150 82 7
160 95 13
170 97 2
180 120 23
190 129 9
200 158 29
210 173 15
220 180 7
230 191 11
240 210 19
250 223 13
260 258 35
270 260 2
280 273 13
290 298 25
300 352 54
310 396 44
320 444 48
330 491 47
340 562 71
350 617 55
360 707 90
370 811 104
380 925 114
390 1065 140
400 1166 101
410 1291 125
420 1427 136
430 1572 145
440 1742 170
450 1886 144
460 2030 144
470 2038 8
480 2072 34
490 2136 64
500 2143 7
510 2133 -10
520 2153 20
530 2199 46
540 2145 -54
550 2218 73
560 2275 57
570 2277 2
580 2251 -26
590 2218 -33
600 2283 65
610 2246 -37
620 2233 -13
630 2223 -10
640 2256 33
650 2297 41
660 2379 82
670 2443 64
680 2488 45
690 2487 -1
700 2383 -104
710 2364 -19
720 2130 -234
730 1801 -329
740 1696 -105
750 1533 -163
760 1450 -83
