0 0.1 3.0078982155601786 0 3.0078982155601786 3.0078982155601786 0 0
10 0.1 8.483033932135728 0.0 8.483033932135728 3.0078982155601786 3.0078982155601786 1
20 0.1 1.9076305220883536 0.0 8.483033932135728 1.9076305220883536 5.745466073847953 2
30 0.1 0.6012024048096193 0.0 8.483033932135728 0.6012024048096193 4.466187556594753 3
40 0.1 0.7056451612903225 0.0 8.483033932135728 0.6012024048096193 3.4999412686484694 4
50 0.1 1.306532663316583 0.0 8.483033932135728 0.6012024048096193 2.94108204717684 5
60 0.1 1.1111111111111112 0.0 8.483033932135728 0.6012024048096193 2.6686571498667973 6
70 0.1 1.5105740181268883 0.0 8.483033932135728 0.6012024048096193 2.4461505729016992 7
80 0.1 1.9057171514543632 0.0 8.483033932135728 0.6012024048096193 2.3292035035548477 8
90 0.1 2.119071644803229 0.0 8.483033932135728 0.6012024048096193 2.282149464432572 9
100 0.1 3.9354187689202824 0.0 8.483033932135728 0.6012024048096193 2.2658416824696372 10
110 0.1 2.0222446916076846 0.0 8.483033932135728 0.6012024048096193 2.4176214176015143 11
120 0.1 1.7223910840932117 0.0 8.483033932135728 0.6012024048096193 2.3846733571020287 12
130 0.1 2.721774193548387 0.0 8.483033932135728 0.6012024048096193 2.333728566870581 13
140 0.1 2.710843373493976 0.0 8.483033932135728 0.6012024048096193 2.361446111633281 14
150 0.1 2.6236125126135215 0.0 8.483033932135728 0.6012024048096193 2.3847392624239943 15
160 0.1 2.4242424242424243 0.0 8.483033932135728 0.6012024048096193 2.3996688405608397 16
170 0.1 3.5246727089627394 0.0 8.483033932135728 0.6012024048096193 2.4011143454832857 17
180 0.1 3.2323232323232323 0.0 8.483033932135728 0.6012024048096193 2.4635342545654777 18
190 0.1 3.3468559837728193 0.0 8.483033932135728 0.6012024048096193 2.5039968323422017 19
200 0.1 4.040404040404041 0.0 8.483033932135728 0.6012024048096193 2.5461397899137324 20
210 0.1 4.166666666666666 0.0 8.483033932135728 0.6012024048096193 2.617295230413271 21
220 0.1 5.161943319838056 0.0 8.483033932135728 0.6012024048096193 2.687721204788425 22
230 0.1 5.460060667340748 0.0 8.483033932135728 0.6012024048096193 2.7952960793558 23
240 0.1 6.085192697768763 0.0 8.483033932135728 0.6012024048096193 2.906327937188506 24
250 0.1 6.122448979591836 0.0 8.483033932135728 0.6012024048096193 3.0334825276117163 25
260 0.1 7.099391480730223 0.0 8.483033932135728 0.6012024048096193 3.1522889296109518 26
270 0.1 6.694129763130793 0.0 8.483033932135728 0.6012024048096193 3.2984779129857396 27
280 0.1 7.4150360453141095 0.0 8.483033932135728 0.6012024048096193 3.4197511933480627 28
290 0.1 8.88661899897855 0.0 8.88661899897855 0.6012024048096193 3.557519636519306 29
300 0.1 9.785932721712538 0.0 9.785932721712538 0.6012024048096193 3.735156281934614 30
310 0.1 10.277492291880781 0.0 10.277492291880781 0.6012024048096193 3.9303426187016437 31
320 0.1 11.663286004056795 0.0 11.663286004056795 0.6012024048096193 4.128691045988492 32
330 0.1 11.283643892339544 0.0 11.663286004056795 0.6012024048096193 4.3570121053238955 33
340 0.1 11.63265306122449 0.0 11.663286004056795 0.6012024048096193 4.560736569647885 34
350 0.1 10.96311475409836 0.0 11.663286004056795 0.6012024048096193 4.762791326550073 35
360 0.1 12.032355915065724 0.0 12.032355915065724 0.6012024048096193 4.9350225328708595 36
370 0.1 11.384615384615385 0.0 12.032355915065724 0.6012024048096193 5.126842354011261 37
380 0.1 10.951893551688844 0.0 12.032355915065724 0.6012024048096193 5.291520591658738 38
390 0.1 11.28048780487805 0.0 12.032355915065724 0.6012024048096193 5.436658359864638 39
400 0.1 11.224489795918368 0.0 12.032355915065724 0.6012024048096193 5.582754095989974 40
410 0.1 10.579857578840285 0.0 12.032355915065724 0.6012024048096193 5.720357405744325 41
420 0.1 10.390946502057613 0.0 12.032355915065724 0.6012024048096193 5.836059790818039 42
430 0.1 13.2994923857868 0.0 13.2994923857868 0.6012024048096193 5.941987388753843 43
440 0.1 16.91842900302115 0.0 16.91842900302115 0.6012024048096193 6.109203411413683 44
450 0.1 20.833333333333336 0.0 20.833333333333336 0.6012024048096193 6.349408424560516 45
460 0.1 23.55289421157685 0.0 23.55289421157685 0.6012024048096193 6.664276357359925 46
470 0.1 27.48015873015873 0.0 27.48015873015873 0.6012024048096193 7.0236086521304975 47
480 0.1 37.2093023255814 0.0 37.2093023255814 0.6012024048096193 7.449786778756086 48
490 0.1 43.39080459770115 0.0 43.39080459770115 0.6012024048096193 8.057123830732113 49
500 0.1 44.84789008832188 0.0 44.84789008832188 0.6012024048096193 8.763797446071495 50
510 0.1 47.162426614481404 0.0 47.162426614481404 0.6012024048096193 9.471328674350914 51
520 0.1 47.93307086614173 0.0 47.93307086614173 0.6012024048096193 10.196157480891886 52
530 0.1 47.94520547945205 0.0 47.94520547945205 0.6012024048096193 10.908174714575846 53
540 0.1 48.07502467917078 0.0 48.07502467917078 0.6012024048096193 11.594045654666147 54
550 0.1 47.116324535679375 0.0 48.07502467917078 0.6012024048096193 12.25733618238441 55
560 0.1 47.41966893865628 0.0 48.07502467917078 0.6012024048096193 12.879818117264678 56
570 0.1 47.82187802516941 0.0 48.07502467917078 0.6012024048096193 13.485780412376812 57
580 0.1 46.45974781765276 0.0 48.07502467917078 0.6012024048096193 14.077782095355996 58
590 0.1 46.48023143683703 0.0 48.07502467917078 0.6012024048096193 14.626628972005093 59
600 0.1 48.086359175662416 0.0 48.086359175662416 0.6012024048096193 15.15752234641896 60
610 0.1 48.188050930460335 0.0 48.188050930460335 0.6012024048096193 15.69733934361967 61
620 0.1 48.76847290640394 0.0 48.76847290640394 0.6012024048096193 16.221383078891296 62
630 0.1 49.214145383104125 0.0 49.214145383104125 0.6012024048096193 16.738003552343876 63
640 0.1 49.20318725099602 0.0 49.214145383104125 0.6012024048096193 17.245443268449506 64
650 0.1 49.404761904761905 0.0 49.404761904761905 0.6012024048096193 17.737100868180992 65
660 0.1 49.40357852882703 0.0 49.404761904761905 0.6012024048096193 18.216913914189792 66
670 0.1 49.35579781962339 0.0 49.404761904761905 0.6012024048096193 18.682386520378408 67
680 0.1 49.40357852882703 0.0 49.404761904761905 0.6012024048096193 19.13346609830848 68
690 0.1 49.50592885375494 0.0 49.50592885375494 0.6012024048096193 19.572163379910197 69
700 0.1 49.30555555555556 0.0 49.50592885375494 0.6012024048096193 19.999788600965125 70
710 0.1 49.306930693069305 0.0 49.50592885375494 0.6012024048096193 20.412545882015696 71
720 0.1 49.311023622047244 0.0 49.50592885375494 0.6012024048096193 20.813856782169218 72
730 0.1 49.15590863952334 0.0 49.50592885375494 0.6012024048096193 21.204228930660697 73
740 0.1 49.25074925074925 0.0 49.50592885375494 0.6012024048096193 21.581954332131815 74
750 0.1 49.20318725099602 0.0 49.50592885375494 0.6012024048096193 21.950871597713384 75
760 0.1 49.25074925074925 0.0 49.50592885375494 0.6012024048096193 22.309454698414473 76
