0 0 0
10 0 0
20 0 0
30 0 0
40 0.4 4
50 0.4 8
60 0.5 13
70 1.3 26
80 0.8 34
90 0.6 40
100 1.7 57
110 1.7 74
120 1.4 88
130 1.3 101
140 1.4 115
150 1.4 129
160 1.3 142
170 1.7 159
180 1.6 175
190 2 195
200 1.5 210
210 2.5 235
220 2.9 264
230 2.7 291
240 3.9 330
250 3.9 369
260 3.5 404
270 4.1 445
280 5.2 497
290 5 547
300 5.3 600
310 6.2 662
320 5 712
330 4.1 753
340 4.2 795
350 3.2 827
360 5.2 879
370 3.6 915
380 3.3 948
390 3.2 980
400 2.9 1009
410 2.8 1037
420 2.1 1058
430 1.9 1077
440 2.1 1098
450 2 1118
460 2 1138
470 3.9 1177
480 4.5 1222
490 5.4 1276
500 8.4 1360
510 14.3 1503
520 19.1 1694
530 25.1 1945
540 30.4 2249
550 31.1 2560
560 32.9 2889
570 29.2 3181
580 30.1 3482
590 27.4 3756
600 23.3 3989
610 26.4 4253
620 29.2 4545
630 28.5 4830
640 30.5 5135
650 34.6 5481
660 34.1 5822
670 34.2 6164
680 35 6514
690 33.8 6852
700 32.8 7180
710 30.5 7485
720 33.2 7817
730 34.4 8161
740 32.8 8489
750 37 8859
760 28.1 9140
