0 0.1 3497.59375 0 3497.59375 3497.59375 0 0
10 0.1 3500.28515625 0.0 3500.28515625 3497.59375 3497.59375 1
20 0.1 3499.25 0.0 3500.28515625 3497.59375 3498.939453125 2
30 0.1 3495.4375 0.0 3500.28515625 3495.4375 3499.04296875 3
40 0.1 3491.2578125 0.0 3500.28515625 3491.2578125 3498.1416015625 4
50 0.1 3484.984375 0.0 3500.28515625 3484.984375 3496.76484375 5
60 0.1 3480.4296875 0.0 3500.28515625 3480.4296875 3494.8014322916665 6
70 0.1 3478.234375 0.0 3500.28515625 3478.234375 3492.7483258928573 7
80 0.1 3478.88671875 0.0 3500.28515625 3478.234375 3490.93408203125 8
90 0.1 3477.5 0.0 3500.28515625 3477.5 3489.5954861111113 9
100 0.1 3470.0859375 0.0 3500.28515625 3470.0859375 3488.3859375 10
110 0.1 3466.82421875 0.0 3500.28515625 3466.82421875 3486.7223011363635 11
120 0.1 3465.12109375 0.0 3500.28515625 3465.12109375 3485.0641276041665 12
130 0.1 3464.1796875 0.0 3500.28515625 3464.1796875 3483.530048076923 13
140 0.1 3464.671875 0.0 3500.28515625 3464.1796875 3482.147879464286 14
150 0.1 3461.16796875 0.0 3500.28515625 3461.16796875 3480.9828125 15
160 0.1 3460.3125 0.0 3500.28515625 3460.3125 3479.744384765625 16
170 0.1 3458.47265625 0.0 3500.28515625 3458.47265625 3478.6013327205883 17
180 0.1 3458.84375 0.0 3500.28515625 3458.47265625 3477.4830729166665 18
190 0.1 3460.17578125 0.0 3500.28515625 3458.47265625 3476.5020559210525 19
200 0.1 3452.2734375 0.0 3500.28515625 3452.2734375 3475.6857421875 20
210 0.1 3443.59765625 0.0 3500.28515625 3443.59765625 3474.570870535714 21
220 0.1 3435.6953125 0.0 3500.28515625 3435.6953125 3473.162997159091 22
230 0.1 3429.98828125 0.0 3500.28515625 3429.98828125 3471.5339673913045 23
240 0.1 3425.04296875 0.0 3500.28515625 3425.04296875 3469.8028971354165 24
250 0.1 3424.7578125 0.0 3500.28515625 3424.7578125 3468.0125 25
260 0.1 3410.765625 0.0 3500.28515625 3410.765625 3466.348858173077 26
270 0.1 3394.9765625 0.0 3500.28515625 3394.9765625 3464.2902199074074 27
280 0.1 3387.91796875 0.0 3500.28515625 3387.91796875 3461.8147321428573 28
290 0.1 3379.26171875 0.0 3500.28515625 3379.26171875 3459.266567887931 29
300 0.1 3378.28125 0.0 3500.28515625 3378.28125 3456.5997395833333 30
310 0.1 3352.57421875 0.0 3500.28515625 3352.57421875 3454.0733366935483 31
320 0.1 3341.50390625 0.0 3500.28515625 3341.50390625 3450.9014892578125 32
330 0.1 3318.5625 0.0 3500.28515625 3318.5625 3447.5864109848485 33
340 0.1 3314.9765625 0.0 3500.28515625 3314.9765625 3443.7915900735293 34
350 0.1 3282.47265625 0.0 3500.28515625 3282.47265625 3440.1111607142857 35
360 0.1 3252.55859375 0.0 3500.28515625 3252.55859375 3435.7323133680557 36
370 0.1 3245.13671875 0.0 3500.28515625 3245.13671875 3430.7816722972975 37
380 0.1 3200.3984375 0.0 3500.28515625 3200.3984375 3425.896278782895 38
390 0.1 3164.4140625 0.0 3500.28515625 3164.4140625 3420.114282852564 39
400 0.1 3117.765625 0.0 3500.28515625 3117.765625 3413.72177734375 40
410 0.1 3077.5546875 0.0 3500.28515625 3077.5546875 3406.5033346036585 41
420 0.1 3032.296875 0.0 3500.28515625 3032.296875 3398.6712239583335 42
430 0.1 2995.984375 0.0 3500.28515625 2995.984375 3390.150890261628 43
440 0.1 2950.09375 0.0 3500.28515625 2950.09375 3381.192560369318 44
450 0.1 2891.73828125 0.0 3500.28515625 2891.73828125 3371.6125868055556 45
460 0.1 2840.875 0.0 3500.28515625 2840.875 3361.1805366847825 46
470 0.1 2783.3984375 0.0 3500.28515625 2783.3984375 3350.1102061170213 47
480 0.1 2728.5859375 0.0 3500.28515625 2728.5859375 3338.3037109375 48
490 0.1 2710.234375 0.0 3500.28515625 2710.234375 3325.8604910714284 49
500 0.1 2678.82421875 0.0 3500.28515625 2678.82421875 3313.54796875 50
510 0.1 2681.90625 0.0 3500.28515625 2678.82421875 3301.1024050245096 51
520 0.1 2677.453125 0.0 3500.28515625 2677.453125 3289.194786658654 52
530 0.1 2681.68359375 0.0 3500.28515625 2677.453125 3277.6524911556603 53
540 0.1 2679.1875 0.0 3500.28515625 2677.453125 3266.6160300925926 54
550 0.1 2678.890625 0.0 3500.28515625 2677.453125 3255.9355113636366 55
560 0.1 2670.421875 0.0 3500.28515625 2670.421875 3245.6311383928573 56
570 0.1 2671.48046875 0.0 3500.28515625 2670.421875 3235.5397478070176 57
580 0.1 2668.0078125 0.0 3500.28515625 2668.0078125 3225.814587823276 58
590 0.1 2672.47265625 0.0 3500.28515625 2668.0078125 3216.3602356991523 59
600 0.1 2676.3984375 0.0 3500.28515625 2668.0078125 3207.295442708333 60
610 0.1 2663.9453125 0.0 3500.28515625 2663.9453125 3198.592213114754 61
620 0.1 2670.87890625 0.0 3500.28515625 2663.9453125 3189.9688760080644 62
630 0.1 2680.43359375 0.0 3500.28515625 2663.9453125 3181.7293526785716 63
640 0.1 2663.34765625 0.0 3500.28515625 2663.34765625 3173.8966064453125 64
650 0.1 2663.81640625 0.0 3500.28515625 2663.34765625 3166.0420072115385 65
660 0.1 2657.73046875 0.0 3500.28515625 2657.73046875 3158.432528409091 66
670 0.1 2656.16015625 0.0 3500.28515625 2656.16015625 3150.959363339552 67
680 0.1 2651.94921875 0.0 3500.28515625 2651.94921875 3143.682904411765 68
690 0.1 2640.11328125 0.0 3500.28515625 2640.11328125 3136.5563292572465 69
700 0.1 2643.015625 0.0 3500.28515625 2640.11328125 3129.464285714286 70
710 0.1 2641.296875 0.0 3500.28515625 2640.11328125 3122.6128961267605 71
720 0.1 2634.6015625 0.0 3500.28515625 2634.6015625 3115.9279513888887 72
730 0.1 2635.875 0.0 3500.28515625 2634.6015625 3109.3344392123286 73
740 0.1 2655.5703125 0.0 3500.28515625 2634.6015625 3102.936338682432 74
750 0.1 2669.9765625 0.0 3500.28515625 2634.6015625 3096.971458333333 75
760 0.1 2677.265625 0.0 3500.28515625 2634.6015625 3091.353104440789 76
