0 0.1 0.1796875 0 0.1796875 0.1796875 0 0
10 0.1 0.1484375 0.0 0.1796875 0.1484375 0.1796875 1
20 0.1 0.12890625 0.0 0.1796875 0.12890625 0.1640625 2
30 0.1 0.109375 0.0 0.1796875 0.109375 0.15234375 3
40 0.1 0.08984375 0.0 0.1796875 0.08984375 0.1416015625 4
50 0.1 0.078125 0.0 0.1796875 0.078125 0.13125 5
60 0.1 0.05859375 0.0 0.1796875 0.05859375 0.12239583333333333 6
70 0.1 0.05078125 0.0 0.1796875 0.05078125 0.11328125 7
80 0.1 0.0390625 0.0 0.1796875 0.0390625 0.10546875 8
90 0.1 0.0390625 0.0 0.1796875 0.0390625 0.09809027777777778 9
100 0.1 0.03125 0.0 0.1796875 0.03125 0.0921875 10
110 0.1 0.03125 0.0 0.1796875 0.03125 0.08664772727272728 11
120 0.1 0.01953125 0.0 0.1796875 0.01953125 0.08203125000000001 12
130 0.1 0.01953125 0.0 0.1796875 0.01953125 0.07722355769230771 13
140 0.1 0.01171875 0.0 0.1796875 0.01171875 0.07310267857142859 14
150 0.1 0.01171875 0.0 0.1796875 0.01171875 0.06901041666666669 15
160 0.1 0.01171875 0.0 0.1796875 0.01171875 0.06542968750000001 16
170 0.1 0.01171875 0.0 0.1796875 0.01171875 0.06227022058823531 17
180 0.1 0.01171875 0.0 0.1796875 0.01171875 0.059461805555555566 18
190 0.1 0.0 0.0 0.1796875 0.0 0.056949013157894746 19
200 0.1 0.078125 0.0 0.1796875 0.0 0.05410156250000001 20
210 0.1 0.0703125 0.0 0.1796875 0.0 0.055245535714285726 21
220 0.1 0.05859375 0.0 0.1796875 0.0 0.055930397727272735 22
230 0.1 0.05078125 0.0 0.1796875 0.0 0.056046195652173926 23
240 0.1 0.0390625 0.0 0.1796875 0.0 0.05582682291666668 24
250 0.1 0.109375 0.0 0.1796875 0.0 0.05515625000000001 25
260 0.1 0.171875 0.0 0.1796875 0.0 0.05724158653846155 26
270 0.1 0.140625 0.0 0.1796875 0.0 0.061487268518518524 27
280 0.1 0.19921875 0.0 0.19921875 0.0 0.06431361607142858 28
290 0.1 0.171875 0.0 0.19921875 0.0 0.06896551724137931 29
300 0.1 0.21875 0.0 0.21875 0.0 0.07239583333333334 30
310 0.1 0.1796875 0.0 0.21875 0.0 0.07711693548387097 31
320 0.1 0.23046875 0.0 0.23046875 0.0 0.080322265625 32
330 0.1 0.26953125 0.0 0.26953125 0.0 0.08487215909090909 33
340 0.1 0.30078125 0.0 0.30078125 0.0 0.09030330882352941 34
350 0.1 0.328125 0.0 0.328125 0.0 0.09631696428571429 35
360 0.1 0.4296875 0.0 0.4296875 0.0 0.1027560763888889 36
370 0.1 0.37109375 0.0 0.4296875 0.0 0.11159206081081081 37
380 0.1 0.37890625 0.0 0.4296875 0.0 0.11842105263157894 38
390 0.1 0.3984375 0.0 0.4296875 0.0 0.12510016025641027 39
400 0.1 0.33984375 0.0 0.4296875 0.0 0.13193359375000002 40
410 0.1 0.359375 0.0 0.4296875 0.0 0.13700457317073172 41
420 0.1 0.37890625 0.0 0.4296875 0.0 0.14229910714285715 42
430 0.1 0.3203125 0.0 0.4296875 0.0 0.1478015988372093 43
440 0.1 0.26953125 0.0 0.4296875 0.0 0.15172230113636365 44
450 0.1 0.23046875 0.0 0.4296875 0.0 0.15434027777777778 45
460 0.1 0.26953125 0.0 0.4296875 0.0 0.15599524456521738 46
470 0.1 0.609375 0.0 0.609375 0.0 0.15841090425531912 47
480 0.1 0.671875 0.0 0.671875 0.0 0.1678059895833333 48
490 0.1 0.55859375 0.0 0.671875 0.0 0.17809311224489793 49
500 0.1 0.62890625 0.0 0.671875 0.0 0.18570312499999997 50
510 0.1 0.69140625 0.0 0.69140625 0.0 0.19439338235294115 51
520 0.1 0.66015625 0.0 0.69140625 0.0 0.20395132211538458 52
530 0.1 0.7890625 0.0 0.7890625 0.0 0.2125589622641509 53
540 0.1 0.8203125 0.0 0.8203125 0.0 0.22323495370370366 54
550 0.1 1.08984375 0.0 1.08984375 0.0 0.23409090909090907 55
560 0.1 1.23046875 0.0 1.23046875 0.0 0.24937220982142855 56
570 0.1 1.26953125 0.0 1.26953125 0.0 0.2665844298245614 57
580 0.1 1.30078125 0.0 1.30078125 0.0 0.28387661637931033 58
590 0.1 1.328125 0.0 1.328125 0.0 0.3011122881355932 59
600 0.1 1.359375 0.0 1.359375 0.0 0.3182291666666667 60
610 0.1 1.37890625 0.0 1.37890625 0.0 0.335297131147541 61
620 0.1 1.3984375 0.0 1.3984375 0.0 0.35212953629032256 62
630 0.1 1.33984375 0.0 1.3984375 0.0 0.3687375992063492 63
640 0.1 1.28125 0.0 1.3984375 0.0 0.3839111328125 64
650 0.1 1.23828125 0.0 1.3984375 0.0 0.39771634615384616 65
660 0.1 1.19921875 0.0 1.3984375 0.0 0.41045217803030304 66
670 0.1 1.171875 0.0 1.3984375 0.0 0.4222248134328358 67
680 0.1 1.140625 0.0 1.3984375 0.0 0.4332490808823529 68
690 0.1 1.12109375 0.0 1.3984375 0.0 0.44350090579710144 69
700 0.1 1.1015625 0.0 1.3984375 0.0 0.4531808035714286 70
710 0.1 1.08984375 0.0 1.3984375 0.0 0.46231294014084506 71
720 0.1 1.0703125 0.0 1.3984375 0.0 0.4710286458333333 72
730 0.1 1.05859375 0.0 1.3984375 0.0 0.4792380136986301 73
740 0.1 1.05078125 0.0 1.3984375 0.0 0.4870671452702703 74
750 0.1 1.19140625 0.0 1.3984375 0.0 0.4945833333333333 75
760 0.1 1.16015625 0.0 1.3984375 0.0 0.5037520559210527 76
