0 1.2 8.565416666666666 2.0626260954720372 13.87 6.07 0 0
10 2.3 47.39413043478259 53.200273323345236 173.595 6.07 8.565416666666666 12
20 5.2 37.99698076923078 35.138096384392554 173.595 5.676 34.08142857142856 35
30 9.5 38.668800000000005 33.06121775946777 173.595 5.676 36.42175862068966 87
40 14.5 40.40317241379311 34.28316876943731 173.595 5.676 37.59466483516484 182
50 16.3 34.92872392638037 24.479168733201885 173.595 5.676 38.840027522935785 327
60 17.5 31.83296 26.7595460933872 173.595 5.676 37.53892040816327 490
70 23.5 34.24598723404259 34.46972266447461 230.27 5.651 36.03735187969925 665
80 22.5 37.512800000000006 29.835715191025674 230.27 5.651 35.56960666666668 900
90 29.2 40.270219178082165 44.83684729898205 510.533 5.651 35.958245333333345 1125
100 28.5 35.670182456140374 28.775114647630044 510.533 5.651 36.84681016231475 1417
110 29.2 33.10771232876715 26.271779265597118 510.533 5.651 36.64978378378379 1702
120 27.3 34.42656776556776 27.590360594331884 510.533 5.651 36.13108525576731 1994
130 26.3 37.013068441064696 31.53168956030797 510.533 5.651 35.92582134980151 2267
140 29.7 33.18459259259259 28.918243902475183 510.533 5.651 36.03884347826089 2530
150 30.9 36.317744336569596 29.506864851451446 510.533 5.621 35.73898054474709 2827
160 35.5 34.83607042253523 30.39365540294203 510.533 5.621 35.796007971938785 3136
170 36.2 35.72719613259666 29.876449757055173 510.533 5.621 35.6983918647952 3491
180 43.5 33.0885931034483 27.735636918848748 510.533 5.383 35.701098105372445 3853
190 47.7 41.15743186582812 41.2941094642132 510.533 5.356 35.43607019589553 4288
200 52.6 35.9857718631178 30.48655060214514 510.533 5.277 36.00880671563485 4765
210 59.1 40.10383925549912 36.35438667665501 510.533 5.194 36.00651672651673 5291
220 68.8 40.37546947674422 32.85253397719733 510.533 5.194 36.41819942196532 5882
230 70 39.161204285714305 30.718299119482204 510.533 5.059 36.83259847792999 6570
240 80.4 37.76601741293529 32.039649965241814 510.533 4.777 37.05681086657498 7270
250 81.8 43.14352200489 39.49116434424521 510.533 4.777 37.12743287094378 8074
260 93 43.031017204301016 38.34477818773207 510.533 4.777 37.6808697705803 8892
270 101.7 48.83855358898733 44.63587245915664 510.533 4.777 38.18745062105478 9822
280 109.8 44.80802094717675 37.741962206528356 510.533 4.777 39.186820647661236 10839
290 115.9 46.361265746333025 41.222524609914075 510.533 4.681 39.703875010471656 11937
300 124 51.54926935483876 47.834129963697464 510.533 4.681 40.29305612400734 13096
310 133.9 86.69601194921589 130.24336845206926 958.84 4.642 41.26666831752233 14336
320 137.4 344.84045778748157 405.71562681381283 2235.897 4.642 45.147363125996826 15675
330 132.2 690.052018910741 720.3142028657694 3384.183 4.642 69.3000003519268 17049
340 128.8 1132.4175993788833 1138.2117705656947 6218.265 4.642 113.9700873659572 18371
350 127 1702.3230944881873 1393.648748551749 6527.515 4.642 180.69578020245186 19659
360 132.6 1935.8543099547528 1692.2659515812438 7910.261 4.642 273.0301817095895 20929
370 124.1 2498.2512925060482 2100.642306109743 8579.852 4.642 372.1047624354078 22255
380 123.3 3230.464036496352 2405.1201012272177 9402.045 4.642 484.40250859720834 23496
390 119.8 4198.778104340573 2902.0885806637093 10980.881 1.236 621.3224755954551 24729
400 109.5 5208.261715981744 3398.4747255498814 13365.584 1.236 786.6247413121463 25927
410 120.4 6577.147411129575 4109.440295986357 15683.254 1.162 965.8006900673535 27022
420 114.6 7217.039072425825 4502.2073476431915 17001.013 1.162 1205.1566545029418 28226
430 121.4 7953.789943163093 4990.565478407241 19299.739 0.676 1439.7207717213682 29372
440 128.1 8603.147835284943 5958.413848647578 22812.636 0.676 1698.2730496959402 30586
450 139 8640.293965467652 6377.303763249429 23042.814 0.676 1975.8374454765128 31867
460 163.7 8392.779260843034 6666.838866179518 23292.12 0.652 2254.383152028147 33257
470 225.8 6563.920480513726 7069.571946526881 23342.158 0.649 2542.3568561070706 34894
480 306.5 5130.415122349125 6650.094352315911 24279.81 0.649 2786.7768244509075 37152
490 396.3 4214.472763058278 6131.596586475846 25418.029 0.649 2965.3891372305293 40217
500 466.3 3234.800893416254 5373.028552221018 25418.029 0.649 3077.4334651878717 44180
510 536.6 3065.858745993288 5101.230695442266 25418.029 0.649 3092.4572007861957 48843
520 568.6 2721.686467991554 4765.534427640841 25418.029 0.649 3089.8242928111595 54209
530 560.4 2696.395612776584 4578.365961999565 25418.029 0.632 3054.8759386593224 59895
540 572.6 2683.6604659448126 4416.304306412088 25418.029 0.625 3024.2048788531133 65499
550 547.8 2832.5720115005506 4429.508076555122 25418.029 0.625 2996.827450866972 71225
560 529 2809.991744423428 4374.89007726494 25418.029 0.625 2985.096602049465 76703
570 511.1 2949.43115789474 4486.199475677852 25418.029 0.613 2973.7992388984435 81993
580 513.5 2999.7107851996157 4574.892507223724 25418.029 0.613 2972.369393403289 87104
590 537.9 2893.1744093697707 4626.511897413602 25418.029 0.613 2973.8915049491006 92239
600 530.9 2728.428970050858 4438.445347421813 25418.029 0.613 2969.4437877543087 97618
610 627.1 2470.5317418274517 4292.8303123046635 25418.029 0.613 2957.0121841207856 102927
620 679.4 2119.0787369738255 4019.2058887712274 25418.029 0.613 2929.0746866059826 109198
630 730 2169.3688063013637 3980.0099326386776 25418.029 0.613 2881.6307897699867 115992
640 656 2170.673951067061 3890.408301897853 25418.029 0.613 2839.4584470444165 123292
650 666.6 2191.0048579358054 3806.9645859901852 25418.029 0.613 2805.672088007887 129852
660 659.5 2262.125585898398 3937.7163824018744 25418.029 0.613 2775.6586703218636 136518
670 634.8 2326.2127295211076 4018.207221054948 25418.029 0.613 2751.99379926352 143113
680 669.5 2217.305722927562 3884.526440904485 25418.029 0.613 2733.909762419629 149461
690 688.5 2257.442834277419 3933.516234347867 25418.029 0.613 2711.7609878326816 156156
700 709.8 2290.48720625528 4005.973559763473 25418.029 0.613 2692.575749228723 163041
710 744.5 2018.8274468770976 3737.8669483790545 25418.029 0.613 2675.8010857005165 170139
720 707.9 2184.8135188585975 3862.2718871064794 25418.029 0.613 2648.258239830166 177584
730 636.8 2233.3469941896933 3959.8119205468265 25418.029 0.613 2630.492227257221 184663
740 606 2370.4864717821824 4219.7656003668435 25418.029 0.613 2617.2534291345396 191031
750 464.7 2867.328669033788 4510.7239257147 25418.029 0.613 2609.6660316300604 197091
760 319.7 3891.3506424773254 4935.795303468405 25418.029 0.613 2615.6012459972844 201738
