10 0.1 1956 0 1956 1956 0 0
20 0.1 687.0 0.0 1956 687 1956.0 1
30 0.1 661.0 0.0 1956 661 1321.5 2
40 0.1 1279.0 0.0 1956 661 1101.3333333333333 3
50 0.1 1659.0 0.0 1956 661 1145.75 4
60 0.1 1859.0 0.0 1956 661 1248.4 5
70 0.1 2112.0 0.0 2112 661 1350.1666666666667 6
80 0.1 2428.0 0.0 2428 661 1459.0 7
90 0.1 2827.0 0.0 2827 661 1580.125 8
100 0.1 3639.0 0.0 3639 661 1718.6666666666667 9
110 0.1 3140.0 0.0 3639 661 1910.7 10
120 0.1 3038.0 0.0 3639 661 2022.4545454545455 11
130 0.1 3085.0 0.0 3639 661 2107.0833333333335 12
140 0.1 2889.0 0.0 3639 661 2182.3076923076924 13
150 0.1 3268.0 0.0 3639 661 2232.785714285714 14
160 0.1 3472.0 0.0 3639 661 2301.8 15
170 0.1 4028.0 0.0 4028 661 2374.9375 16
180 0.1 4155.0 0.0 4155 661 2472.176470588235 17
190 0.1 4969.0 0.0 4969 661 2565.6666666666665 18
200 0.1 5322.0 0.0 5322 661 2692.157894736842 19
210 0.1 6158.0 0.0 6158 661 2823.65 20
220 0.1 7148.0 0.0 7148 661 2982.4285714285716 21
230 0.1 7657.0 0.0 7657 661 3171.7727272727275 22
240 0.1 8516.0 0.0 8516 661 3366.782608695652 23
250 0.1 8889.0 0.0 8889 661 3581.3333333333335 24
260 0.1 9579.0 0.0 9579 661 3793.64 25
270 0.1 11071.0 0.0 11071 661 4016.153846153846 26
280 0.1 11641.0 0.0 11641 661 4277.444444444444 27
290 0.1 12738.0 0.0 12738 661 4540.428571428572 28
300 0.1 12981.0 0.0 12981 661 4823.103448275862 29
310 0.1 14792.0 0.0 14792 661 5095.033333333334 30
320 0.1 15678.0 0.0 15678 661 5407.8387096774195 31
330 0.1 16953.0 0.0 16953 661 5728.78125 32
340 0.1 16634.0 0.0 16953 661 6068.909090909091 33
350 0.1 16225.0 0.0 16953 661 6379.64705882353 34
360 0.1 15606.0 0.0 16953 661 6660.942857142857 35
370 0.1 16802.0 0.0 16953 661 6909.416666666667 36
380 0.1 15792.0 0.0 16953 661 7176.783783783784 37
390 0.1 15503.0 0.0 16953 661 7403.5 38
400 0.1 15840.0 0.0 16953 661 7611.179487179487 39
410 0.1 14111.0 0.0 16953 661 7816.9 40
420 0.1 15015.0 0.0 16953 661 7970.414634146341 41
430 0.1 14922.0 0.0 16953 661 8138.142857142857 42
440 0.1 14744.0 0.0 16953 661 8295.906976744185 43
450 0.1 15473.0 0.0 16953 661 8442.454545454544 44
460 0.1 16385.0 0.0 16953 661 8598.688888888888 45
470 0.1 18235.0 0.0 18235 661 8767.95652173913 46
480 0.1 20420.0 0.0 20420 661 8969.382978723404 47
490 0.1 26399.0 0.0 26399 661 9207.9375 48
500 0.1 31347.0 0.0 31347 661 9558.775510204081 49
510 0.1 34671.0 0.0 34671 661 9994.539999999999 50
520 0.1 39322.0 0.0 39322 661 10478.392156862745 51
530 0.1 40216.0 0.0 40216 661 11033.076923076924 52
540 0.1 42255.0 0.0 42255 661 11583.698113207547 53
550 0.1 39932.0 0.0 42255 661 12151.685185185184 54
560 0.1 40154.0 0.0 42255 661 12656.781818181818 55
570 0.1 37582.0 0.0 42255 661 13147.80357142857 56
580 0.1 37658.0 0.0 42255 661 13576.473684210527 57
590 0.1 37429.0 0.0 42255 661 13991.672413793103 58
600 0.1 39607.0 0.0 42255 661 14388.915254237289 59
610 0.1 41729.0 0.0 42255 661 14809.216666666667 60
620 0.1 45487.0 0.0 45487 661 15250.524590163934 61
630 0.1 47025.0 0.0 47025 661 15738.209677419354 62
640 0.1 49713.0 0.0 49713 661 16234.825396825398 63
650 0.1 48652.0 0.0 49713 661 16757.921875 64
660 0.1 45718.0 0.0 49713 661 17248.6 65
670 0.1 46649.0 0.0 49713 661 17679.954545454544 66
680 0.1 46636.0 0.0 49713 661 18112.328358208953 67
690 0.1 46158.0 0.0 49713 661 18531.794117647056 68
700 0.1 48201.0 0.0 49713 661 18932.173913043476 69
710 0.1 50028.0 0.0 50028 661 19350.299999999996 70
720 0.1 53326.0 0.0 53326 661 19782.380281690137 71
730 0.1 49130.0 0.0 53326 661 20248.263888888887 72
740 0.1 45841.0 0.0 53326 661 20643.90410958904 73
750 0.1 39647.0 0.0 53326 661 20984.405405405403 74
760 0.1 30769.0 0.0 53326 661 21233.239999999998 75
