0 1.2 8.565416666666666 2.0626260954720372 13.87 6.07 0 0
10 3.2 34.0130625 28.630138230911385 105.281 6.07 8.565416666666666 12
20 7.7 25.6071038961039 19.888107647069223 105.281 4.822 27.072795454545453 44
30 14.8 24.7656689189189 21.63145788072988 129.625 4.822 26.1400826446281 121
40 22.2 26.34039639639641 21.995122562640397 140.22 4.822 25.383899628252777 269
50 25.2 22.54370238095239 16.382301646618156 140.22 4.822 25.816368635437883 491
60 25.9 21.71099227799228 18.611106321899214 140.22 4.822 24.706393001345898 743
70 34.1 23.371832844574772 22.351736899416544 205.735 3.916 23.932132734530942 1002
80 35.2 23.925539772727248 18.625284599674515 205.735 3.916 23.789867460908415 1343
90 44.6 26.340755605381176 33.65153497629639 485.16 3.916 23.8180424778761 1695
100 43.2 23.48883333333334 17.69446536336632 485.16 3.916 24.343558617468474 2141
110 43.1 22.35470301624131 16.579122759251327 485.16 3.916 24.20005246793626 2573
120 41 22.874643902439008 17.943250859442998 485.16 3.913 23.93529027962716 3004
130 39.1 24.846447570332483 20.535516542298506 485.16 3.913 23.807913298183944 3414
140 44.1 22.304655328798205 18.29849147900664 485.16 3.913 23.914632588699074 3805
150 46.8 23.9325341880342 19.72532145982103 485.16 3.913 23.747416391898252 4246
160 53.5 23.090908411214958 19.24081260707033 485.16 3.913 23.765794654221466 4714
170 54.3 23.870443830570906 19.528854015351815 485.16 3.913 23.697007429986662 5249
180 64.6 22.162308049535618 17.92837194496634 485.16 3.913 23.713267092541436 5792
190 71.5 27.377788811188825 27.82668026251644 485.16 3.913 23.557641192917053 6438
200 78.7 24.041601016518413 19.87947039255796 485.16 3.913 23.939495736054802 7153
210 89.1 26.549084175084207 23.372150835431714 485.16 3.913 23.949616246851384 7940
220 104.3 26.574019175455447 22.470677625663342 485.16 3.913 24.211888461102934 8831
230 106.9 25.61914967259121 20.806440514177847 485.16 3.913 24.4614025724124 9874
240 119 25.50764201680672 21.211106142684258 485.16 3.913 24.574500593987025 10943
250 122 28.831250819672128 27.122241161344657 485.16 3.913 24.666022747877687 12133
260 139.8 28.604680972818326 26.018098672775665 485.16 3.913 25.046579794802664 13353
270 154.7 32.03590950226248 31.701715587594357 485.16 3.913 25.383792556436852 14751
280 164.9 29.83621406913284 26.447564740319866 485.16 3.913 26.015208982697267 16298
290 172.9 30.998064198958943 29.404838786461045 485.16 3.913 26.3662892405416 17947
300 184.6 34.67842036836411 34.977802067532934 485.16 3.913 26.773299756047983 19676
310 199.9 58.46951225612798 102.49593607716794 947.387 3.913 27.451343276647165 21522
320 209.4 228.90851193887255 334.9708528036031 1763.286 3.913 30.087511797967778 23521
330 204.2 456.6604353574927 562.5689678745433 2710.516 3.913 46.340924809681795 25615
340 196 773.8606188775518 838.5747826664325 4030.731 3.913 76.63605589904904 27657
350 194.6 1139.3251197327832 967.9022202368458 4623.731 3.913 122.77712837221868 29617
360 195.8 1318.2303682328895 1136.3922013642232 5508.603 3.913 185.4518548300224 31563
370 187.1 1737.2493730625376 1313.2934898929207 6031.166 3.913 251.61874511500238 33521
380 187.5 2287.961226666668 1399.0093578684778 6069.035 3.913 330.15668885623876 35392
390 179.9 2889.8511517509683 1650.0673526595401 7526.13 0.355 428.6589430863768 37267
400 168.7 3703.0289217545915 1904.1411048033556 9119.049 0.355 541.9975184047508 39066
410 180.5 4659.545329639881 2322.7734438558127 9801.617 0.355 672.850706573749 40753
420 175.8 4897.884734357239 2409.64873688124 10063.332 0.355 841.9372189717557 42558
430 181.6 5614.55987224669 2900.9134059507187 12374.827 0.355 1002.8352181604839 44316
440 193.9 5960.637337287263 3437.33954729156 13393.968 0.333 1184.3771407266106 46132
450 212.1 5971.353307873649 3598.0318368856824 13393.968 0.318 1377.0331811903227 48071
460 242.3 5774.30704333472 3969.389486270959 13569.806 0.309 1571.1787220871854 50192
470 341.3 4260.853839730437 4419.597019952058 13850.077 0.296 1764.7391121353235 52615
480 472.4 3306.2512095681664 4277.687779093606 14571.698 0.296 1916.7923634611273 56028
490 610.2 2661.3249418223577 3857.1464843892168 15048.599 0.296 2024.834956116672 60752
500 724.8 2025.4554515728369 3422.052595200381 15048.599 0.296 2082.929638450954 66854
510 830.1 1969.6840118058103 3440.374236942014 15048.599 0.296 2077.308023562117 74102
520 872.8 1744.99453803849 3110.78790955321 15048.599 0.296 2066.46634399233 82403
530 837.3 1769.0138646840962 3126.1925848471424 15048.599 0.296 2035.6776340871925 91131
540 859.8 1778.1736020004628 2999.917801641793 15048.599 0.296 2013.2385789616485 99504
550 808 1911.0161686881174 3111.090963354339 15048.599 0.296 1994.54245241531 108102
560 773.5 1910.8183057530618 3005.056907320556 15048.599 0.296 1988.7335287221756 116182
570 753.3 2028.1662747909118 3159.701502819771 15048.599 0.296 1983.8699970867576 123917
580 760.6 2042.7667106231895 3185.1101641755963 15048.599 0.296 1986.4084821376928 131450
590 806 1921.0882441687293 3138.1111435117323 15048.599 0.296 1989.4911300339406 139056
600 800.1 1829.4544354455709 3035.72538558368 15048.599 0.296 1985.7435617200006 147116
610 940.1 1599.7850992447607 2914.6291754272693 15048.599 0.296 1977.6821029545417 155117
620 1029.2 1396.041868247183 2706.243605812798 15048.599 0.296 1956.088054085265 164518
630 1111.5 1419.678075573555 2751.082201428901 15048.599 0.296 1923.115138664834 174810
640 994.6 1423.9521806756513 2653.633593718004 15048.599 0.296 1893.0185784590544 185925
650 997 1459.9434387161502 2675.6253615789287 15048.599 0.296 1869.2001755696338 195871
660 984.2 1525.5040732574682 2766.111225584306 15048.599 0.296 1849.3776442642609 205841
670 935.8 1559.8019380209446 2841.1581118952363 15048.599 0.296 1834.598715531589 215683
680 993.9 1483.1636153536558 2709.5914967845583 15048.599 0.296 1823.1716944823377 225041
690 1029.6 1551.5867610722587 2819.3025629840604 15048.599 0.296 1808.790299050982 234980
700 1070.8 1483.1065330594001 2751.3398035134855 15048.599 0.296 1797.993614389503 245276
710 1137.2 1327.4501272423568 2596.712137557281 15048.599 0.296 1784.8216549432768 255984
720 1083.5 1422.6696713428676 2648.168276749876 15048.599 0.296 1765.3673355600765 267356
730 984 1438.5047739837414 2765.510558849127 15048.599 0.296 1752.0199260759687 278191
740 923.8 1553.4993465035755 2951.292901872133 15048.599 0.296 1741.3093112581626 288031
750 696 1884.490003735632 3139.77535825704 15048.599 0.296 1735.4728854808268 297269
760 474.2 2704.1719137494715 3540.8382161126165 15048.599 0.296 1738.8820251192355 304229
