10 0.1 1748 0 1748 1748 0 0
20 0.1 574.0 0.0 1748 574 1748.0 1
30 0.1 345.0 0.0 1748 345 1161.0 2
40 0.1 685.0 0.0 1748 345 889.0 3
50 0.1 864.0 0.0 1748 345 838.0 4
60 0.1 990.0 0.0 1748 345 843.2 5
70 0.1 1169.0 0.0 1748 345 867.6666666666666 6
80 0.1 1380.0 0.0 1748 345 910.7142857142857 7
90 0.1 1426.0 0.0 1748 345 969.375 8
100 0.1 2019.0 0.0 2019 345 1020.1111111111111 9
110 0.1 1719.0 0.0 2019 345 1120.0 10
120 0.1 1648.0 0.0 2019 345 1174.4545454545455 11
130 0.1 1622.0 0.0 2019 345 1213.9166666666667 12
140 0.1 1518.0 0.0 2019 345 1245.3076923076924 13
150 0.1 1794.0 0.0 2019 345 1264.7857142857142 14
160 0.1 1779.0 0.0 2019 345 1300.0666666666666 15
170 0.1 2116.0 0.0 2116 345 1330.0 16
180 0.1 2126.0 0.0 2126 345 1376.235294117647 17
190 0.1 2638.0 0.0 2638 345 1417.888888888889 18
200 0.1 2810.0 0.0 2810 345 1482.1052631578948 19
210 0.1 3298.0 0.0 3298 345 1548.5 20
220 0.1 3697.0 0.0 3697 345 1631.8095238095239 21
230 0.1 3956.0 0.0 3956 345 1725.6818181818182 22
240 0.1 4275.0 0.0 4275 345 1822.6521739130435 23
250 0.1 4667.0 0.0 4667 345 1924.8333333333333 24
260 0.1 4994.0 0.0 4994 345 2034.52 25
270 0.1 5709.0 0.0 5709 345 2148.346153846154 26
280 0.1 5897.0 0.0 5897 345 2280.222222222222 27
290 0.1 6478.0 0.0 6478 345 2409.3928571428573 28
300 0.1 6747.0 0.0 6747 345 2549.689655172414 29
310 0.1 7712.0 0.0 7712 345 2689.6 30
320 0.1 8240.0 0.0 8240 345 2851.6129032258063 31
330 0.1 8595.0 0.0 8595 345 3020.0 32
340 0.1 8358.0 0.0 8595 345 3188.939393939394 33
350 0.1 8348.0 0.0 8595 345 3340.970588235294 34
360 0.1 8050.0 0.0 8595 345 3484.0285714285715 35
370 0.1 8940.0 0.0 8940 345 3610.8611111111113 36
380 0.1 8549.0 0.0 8940 345 3754.891891891892 37
390 0.1 8382.0 0.0 8940 345 3881.0526315789475 38
400 0.1 8504.0 0.0 8940 345 3996.4615384615386 39
410 0.1 7680.0 0.0 8940 345 4109.15 40
420 0.1 8066.0 0.0 8940 345 4196.243902439024 41
430 0.1 8208.0 0.0 8940 345 4288.380952380952 42
440 0.1 8216.0 0.0 8940 345 4379.53488372093 43
450 0.1 8945.0 0.0 8945 345 4466.727272727273 44
460 0.1 9695.0 0.0 9695 345 4566.2444444444445 45
470 0.1 10923.0 0.0 10923 345 4677.739130434783 46
480 0.1 13523.0 0.0 13523 345 4810.6170212765965 47
490 0.1 18945.0 0.0 18945 345 4992.125000000001 48
500 0.1 23296.0 0.0 23296 345 5276.87755102041 49
510 0.1 26837.0 0.0 26837 345 5637.260000000001 50
520 0.1 30517.0 0.0 30517 345 6052.941176470589 51
530 0.1 32043.0 0.0 32043 345 6523.403846153848 52
540 0.1 32808.0 0.0 32808 345 7004.90566037736 53
550 0.1 31613.0 0.0 32808 345 7482.740740740742 54
560 0.1 30767.0 0.0 32808 345 7921.472727272729 55
570 0.1 29420.0 0.0 32808 345 8329.428571428572 56
580 0.1 2.9e4 0.0 32808 345 8699.438596491229 57
590 0.1 28997.0 0.0 32808 345 9049.448275862069 58
600 0.1 30555.0 0.0 32808 345 9387.542372881357 59
610 0.1 32150.0 0.0 32808 345 9740.333333333334 60
620 0.1 35622.0 0.0 35622 345 10107.704918032787 61
630 0.1 38176.0 0.0 38176 345 10519.225806451614 62
640 0.1 39930.0 0.0 39930 345 10958.222222222223 63
650 0.1 39027.0 0.0 39930 345 11410.90625 64
660 0.1 36948.0 0.0 39930 345 11835.76923076923 65
670 0.1 37277.0 0.0 39930 345 12216.257575757576 66
680 0.1 37488.0 0.0 39930 345 12590.298507462687 67
690 0.1 37403.0 0.0 39930 345 12956.441176470587 68
700 0.1 38928.0 0.0 39930 345 13310.739130434782 69
710 0.1 40474.0 0.0 40474 345 13676.7 70
720 0.1 43313.0 0.0 43313 345 14054.12676056338 71
730 0.1 40128.0 0.0 43313 345 14460.5 72
740 0.1 37673.0 0.0 43313 345 14812.109589041096 73
750 0.1 32146.0 0.0 43313 345 15121.04054054054 74
760 0.1 23890.0 0.0 43313 345 15348.04 75
