40 0.4 41979.23125 2452.1612941906355 45132.218 39261.723 0 0
50 0.4 46448.42599999999 7073.733345451152 58480.015 39261.723 41979.23125 4
60 0.5 50954.859000000004 6456.563760779756 59065.449 39261.723 44213.828624999995 8
70 1.3 51127.18776923077 7391.590178637646 69864.171 39261.723 46806.53261538462 13
80 0.8 46147.028000000006 4287.4758042675285 69864.171 38876.264 48966.86019230769 26
90 0.6 50838.74916666667 8319.683636957663 69864.171 38876.264 48303.37026470589 34
100 1.7 50802.163823529416 10161.572205142877 76304.506 35229.185 48683.67710000001 40
110 1.7 44341.42694117647 4836.991004014285 76304.506 35229.185 49315.50647368422 57
120 1.4 48229.697571428565 8595.11769606458 76304.506 35229.185 48172.81252702703 74
130 1.3 46774.99669230769 4748.717878117976 76304.506 35229.185 48181.86242045455 88
140 1.4 50694.83749999999 11474.58703490522 83744.54 35229.185 48000.78069306931 101
150 1.4 46198.52292857144 7411.272172338272 83744.54 35229.185 48328.75282608696 115
160 1.3 43641.75384615384 4733.947206013064 83744.54 35229.185 48097.56508527132 129
170 1.7 47683.98652941176 7910.1925909656375 83744.54 35229.185 47689.638704225355 142
180 1.6 48176.130312500005 9934.321290913855 83744.54 35229.185 47689.0343836478 159
190 2 47378.585950000015 12456.56201184597 91111.565 35229.185 47733.56886857143 175
200 1.5 46032.47293333333 6294.659242046827 91111.565 35229.185 47697.160364102565 195
210 2.5 51164.511519999985 9600.870932930946 91111.565 35229.185 47578.25411904762 210
220 2.9 46675.992965517245 7380.80410206436 91111.565 35229.185 47959.77086382979 235
230 2.7 49022.38366666666 9974.089787404157 91111.565 35229.185 47818.74980681819 264
240 3.9 48589.072974358976 11427.913246921902 91111.565 35199.102 47930.42717525773 291
250 3.9 48193.36843589743 7538.450617212654 91111.565 35199.102 48008.267133333335 330
260 3.5 50489.20642857142 8778.834312122875 91111.565 35199.102 48027.83068563686 369
270 4.1 48862.24597560975 9376.380621980852 91111.565 35199.102 48241.06868316833 404
280 5.2 48900.898576923064 11158.865124615904 91111.565 35199.102 48298.300748314614 445
290 5 47502.64892 6500.23640697066 91111.565 35199.102 48361.34921327969 497
300 5.3 49164.22511320756 11317.250638818783 104734.104 35199.102 48282.85741316271 547
310 6.2 48641.846677419344 8849.098391239533 104734.104 35199.102 48360.71156000001 600
320 5 48591.895359999995 9050.087004126319 104734.104 35199.102 48387.04143504533 662
330 4.1 51710.75282926829 10743.964944550928 104734.104 35199.102 48401.42724438203 712
340 4.2 53625.58219047617 7500.570885753713 104734.104 35199.102 48581.61628685259 753
350 3.2 59057.83221875 9071.99046524215 104734.104 35199.102 48848.08995723271 795
360 5.2 63056.24903846153 11620.087384679773 111542.59 35199.102 49243.14648972188 827
370 3.6 69838.85413888888 11535.672612107774 113068.641 35199.102 50060.30386461889 879
380 3.3 74401.13572727273 5747.282796252698 113068.641 35199.102 50838.47633442623 915
390 3.2 84507.79259375001 7924.862331050007 113068.641 35199.102 51658.69549050633 948
400 2.9 89029.21910344827 9363.780513294818 113143.986 35199.102 52731.319069387755 980
410 2.8 98863.9152142857 11368.338775091628 125789.954 35199.102 53774.56892170466 1009
420 2.1 106544.83895238096 6589.0708213481785 125789.954 35199.102 54992.024752169724 1037
430 1.9 114860.56400000003 8134.755096053207 133138.574 35199.102 56015.28476937619 1058
440 2.1 122233.77985714286 8360.9278292287 143410.855 35199.102 57053.409472609106 1077
450 2 128866.65215000001 8542.349780666817 152381.327 35199.102 58300.02857832423 1098
460 2 136796.16795000003 9928.28858680711 162398.107 35199.102 59562.401093023254 1118
470 3.9 141244.99676923075 11151.355736734187 170494.903 35199.102 60919.7607917399 1138
480 4.5 147101.53953333333 12313.503748019868 175949.763 35199.102 63581.34465165676 1177
490 5.4 146193.1881296297 16804.097730688718 188194.335 35199.102 66656.96557610475 1222
500 8.4 145406.47189285714 26242.22771361605 194373.66 35199.102 70022.91856818182 1276
510 14.3 142716.6503566435 30460.566818682095 210607.569 35199.102 74678.96156764706 1360
520 19.1 136361.29294240827 33438.05180259815 210607.569 35199.102 81152.2746061211 1503
530 25.1 129046.13192828672 34930.47442723756 221655.88 35199.102 87377.14030991733 1694
540 30.4 126189.48325 36923.285006895225 221655.88 35199.102 92754.47547506423 1945
550 31.1 120542.52053054667 40111.68860011954 221655.88 35199.102 97273.92516985323 2249
560 32.9 121191.29811854102 38848.32116375903 221655.88 35199.102 100100.69593437498 2560
570 29.2 119195.0664109589 37661.99706211763 234697.207 35199.102 102502.49867532015 2889
580 30.1 114780.8390232558 40125.476723215776 234697.207 35199.102 104034.79348160954 3181
590 27.4 118189.99492700731 43194.176943559985 240778.652 35199.102 104963.73079006317 3482
600 23.3 110457.84387124467 37007.074227051395 240778.652 35199.102 105928.58605457933 3756
610 26.4 107741.47198484842 40665.22994984223 240778.652 35199.102 106193.14285359738 3989
620 29.2 104878.39456506848 38092.47768440863 250622.663 35199.102 106289.2535732424 4253
630 28.5 100148.6354561404 33755.57393107389 250622.663 35199.102 106198.6109262926 4545
640 30.5 98849.6654918033 32956.546621536545 250622.663 35199.102 105841.62479606624 4830
650 34.6 96234.05502312144 29667.05846408484 250622.663 35199.102 105426.32828432327 5135
660 34.1 95654.39017595306 29328.099509421765 250622.663 35199.102 104846.0461189564 5481
670 34.2 95983.9110263157 29080.888568132046 250622.663 35199.102 104307.68221023702 5822
680 35 91856.88991999999 26821.425732468724 250622.663 35199.102 103845.85064876702 6164
690 33.8 96285.91120414188 27858.77634827579 250622.663 35199.102 103201.67867224438 6514
700 32.8 99458.89586585364 31598.88550316524 250622.663 35199.102 102860.53310828954 6852
710 30.5 95454.99211475402 29643.236068398124 250622.663 35199.102 102705.13798077992 7180
720 33.2 93700.59335843372 28008.99774285066 250622.663 35199.102 102409.70785531061 7485
730 34.4 91117.56718895353 26895.98799839315 250622.663 35199.102 102039.81838198796 7817
740 32.8 92994.29004573163 27943.523215019995 250622.663 35199.102 101579.42695809336 8161
750 37 90633.25729729734 25917.11336630511 250622.663 35199.102 101247.71239721993 8489
760 28.1 97406.68928113871 28477.431430199653 250622.663 35199.102 100804.3950491026 8859
