0 110.60390625 110.60390625
10 232.48125 343.08515625
20 502.1921875 845.27734375
30 920.0765625 1765.35390625
40 1322.94921875 3088.303125
50 1464.6046875 4552.9078125
60 1501.63359375 6054.54140625
70 1962.0421875 8016.58359375
80 2078.4578125 10095.04140625
90 2510.978125 12606.01953125
100 2442.27734375 15048.296875
110 2410.634375 17458.93125
120 2322.6796875 19781.6109375
130 2223.66796875 22005.27890625
140 2509.99609375 24515.275
150 2691.16953125 27206.44453125
160 3119.88984375 30326.334375
170 3069.64609375 33395.98046875
180 3696.878125 37092.85859375
190 4139.33125 41232.18984375
200 4575.0875 45807.27734375
210 5197.64453125 51004.921875
220 5916.8203125 56921.7421875
230 6139.8484375 63061.590625
240 6829.0125 69890.603125
250 7021.4625 76912.065625
260 8118.71953125 85030.78515625
270 8755.3125 93786.09765625
280 9420.75234375 103206.85
290 9707.8328125 112914.6828125
300 10758.1125 123672.7953125
310 11350.85703125 135023.65234375
320 11996.153125 147019.80546875
330 11751.9671875 158771.77265625
340 11400.63515625 170172.4078125
350 11389.05546875 181561.46328125
360 11489.2859375 193050.74921875
370 11198.20234375 204248.9515625
380 11106.403125 215355.3546875
390 10918.11171875 226273.46640625
400 9901.87734375 236175.34375
410 10709.65 246884.99375
420 10016.95234375 256901.94609375
430 10276.21171875 267178.1578125
440 9985.7046875 277163.8625
450 10033.5640625 287197.4265625
460 10411.08515625 297608.51171875
470 10434.20234375 308042.7140625
480 10989.259375 319031.9734375
490 12112.3640625 331144.3375
500 11727.63515625 342871.97265625
510 12866.1828125 355738.15546875
520 13299.753125 369037.90859375
530 13131.11484375 382169.0234375
540 13842.0765625 396011.1
550 14104.4140625 410115.5140625
560 14013.08046875 424128.59453125
570 14173.61328125 438302.2078125
580 13918.7875 452220.9953125
590 14343.23984375 466564.23515625
600 13909.65234375 480473.8875
610 14644.12421875 495118.01171875
620 14680.14765625 509798.159375
630 15544.51640625 525342.67578125
640 15384.40078125 540727.0765625
650 14683.03515625 555410.11171875
660 15141.51328125 570551.625
670 13984.3046875 584535.9296875
680 15014.64765625 599550.57734375
690 15528.9921875 615079.56953125
700 15803.7 630883.26953125
710 15646.359375 646529.62890625
720 15612.24765625 662141.8765625
730 12931.15078125 675073.02734375
740 12366.26640625 687439.29375
750 11036.5421875 698475.8359375
760 9598.04375 708073.8796875
