0 2.9453125 2.9453125
10 17.3296875 20.275
20 43.4703125 63.7453125
30 89.13515625 152.88046875
40 135.234375 288.11484375
50 153.9015625 442.01640625
60 157.38984375 599.40625
70 206.465625 805.871875
80 218.24375 1024.115625
90 271.78671875 1295.90234375
100 267.678125 1563.58046875
110 264.63359375 1828.2140625
120 252.04140625 2080.25546875
130 242.13828125 2322.39375
140 268.88359375 2591.27734375
150 286.7078125 2877.98515625
160 325.0546875 3203.03984375
170 338.9015625 3541.94140625
180 390.1109375 3932.05234375
190 436.4703125 4368.52265625
200 476.025 4844.54765625
210 548.3984375 5392.94609375
220 645.05625 6038.00234375
230 656.90390625 6694.90625
240 725.525 7420.43125
250 748.5109375 8168.9421875
260 853.55625 9022.4984375
270 958.3890625 9980.8875
280 1014.43984375 10995.32734375
290 1060.659375 12055.98671875
300 1121.44453125 13177.43125
310 1233.840625 14411.271875
320 1303.72890625 15715.00078125
330 1293.0734375 17008.07421875
340 1232.06796875 18240.1421875
350 1211.85546875 19451.99765625
360 1218.02109375 20670.01875
370 1179.93984375 21849.95859375
380 1196.16171875 23046.1203125
390 1176.63359375 24222.75390625
400 1096.8125 25319.56640625
410 1084.21171875 26403.778125
420 1169.40234375 27573.18046875
430 1084.5609375 28657.74140625
440 1164.2578125 29821.99921875
450 1205.52734375 31027.5265625
460 1348.3609375 32375.8875
470 1730.93203125 34106.81953125
480 2196.634375 36303.45390625
490 2739.46796875 39042.921875
500 3185.24453125 42228.16640625
510 3552.921875 45781.08828125
520 3747.04453125 49528.1328125
530 3605.48125 53133.6140625
540 3706.6328125 56840.246875
550 3476.571875 60316.81875
560 3350.884375 63667.703125
570 3252.4140625 66920.1171875
580 3293.06171875 70213.17890625
590 3443.671875 73656.85078125
600 3392.70859375 77049.559375
610 3918.27265625 80967.83203125
620 4322.0828125 85289.91484375
630 4607.790625 89897.70546875
640 4160.88203125 94058.5875
650 4212.0015625 98270.5890625
660 4127.50703125 102398.09609375
670 3907.58671875 106305.6828125
680 4153.73515625 110459.41796875
690 4262.84609375 114722.2640625
700 4398.35078125 119120.61484375
710 4721.03828125 123841.653125
720 4552.14609375 128393.79921875
730 4104.39609375 132498.1953125
740 3916.75546875 136414.95078125
750 3041.99296875 139456.94375
760 2121.3703125 141578.3140625
