0 0.9 9
10 0.7 16
20 1 26
30 0.9 35
40 0.9 44
50 1.1 55
60 1.1 66
70 1.9 85
80 1.2 97
90 1.5 112
100 1.4 126
110 1 136
120 2 156
130 1.1 167
140 2.3 190
150 2.1 211
160 2.6 237
170 2 257
180 3.6 293
190 3.1 324
200 4.4 368
210 4.1 409
220 3.6 445
230 3.6 481
240 5.9 540
250 5.1 591
260 7 661
270 4.5 706
280 6.6 772
290 7.2 844
300 11.3 957
310 10 1057
320 10.2 1159
330 8.5 1244
340 11.3 1357
350 9 1447
360 14.2 1589
370 14 1729
380 14.4 1873
390 17.2 2045
400 13.5 2180
410 15.3 2333
420 15.9 2492
430 19.1 2683
440 18.9 2872
450 18.4 3056
460 20 3256
470 17.7 3433
480 23 3663
490 23 3893
500 22.1 4114
510 21.7 4331
520 22.9 4560
530 24.8 4808
540 24.5 5053
550 33.4 5387
560 32.8 5715
570 31.6 6031
580 28.7 6318
590 30.8 6626
600 36.2 6988
610 33.7 7325
620 33.6 7661
630 29.5 7956
640 28 8236
650 34 8576
660 39.9 8975
670 42.4 9399
680 41.5 9814
690 37.4 10188
700 31.5 10503
710 29.7 10800
720 6.4 10864
730 0 10864
740 0 10864
750 0 10864
760 0 10864
