0 9 9
10 16 16
20 26 26
30 35 35
40 40 41
50 47 48
60 53 53
70 59 60
80 63 64
90 72 72
100 69 72
110 62 72
120 68 72
130 66 73
140 75 75
150 82 83
160 95 96
170 98 100
180 118 120
190 129 129
200 158 158
210 174 174
220 181 181
230 190 192
240 210 211
250 222 224
260 257 260
270 261 263
280 275 282
290 297 300
300 357 357
310 395 397
320 447 447
330 491 491
340 562 564
350 620 620
360 710 710
370 814 814
380 925 926
390 1065 1066
400 1171 1172
410 1296 1296
420 1434 1434
430 1606 1606
440 1774 1774
450 1938 1938
460 2118 2118
470 2256 2256
480 2441 2442
490 2617 2617
500 2754 2754
510 2828 2835
520 2866 2881
530 2863 2892
540 2804 2892
550 2827 2892
560 2826 2892
570 2850 2892
580 2836 2892
590 2870 2892
600 2999 2999
610 3072 3072
620 3116 3124
630 3126 3142
640 3101 3142
650 3095 3142
660 3153 3158
670 3235 3238
680 3300 3301
690 3336 3343
700 3323 3343
710 3315 3349
720 3047 3349
730 2703 3349
740 2375 3349
750 2005 3349
760 1724 3349
