0 2.1 21
10 4.3 64
20 7.1 135
30 10.4 239
40 11.1 350
50 10.8 458
60 10.6 564
70 12.8 692
80 15.3 845
90 18.3 1028
100 19.1 1219
110 17.7 1396
120 18.5 1581
130 19.7 1778
140 25.7 2035
150 26.8 2303
160 29.2 2595
170 29 2885
180 26.6 3151
190 34.9 3500
200 36 3860
210 44.5 4305
220 50.7 4812
230 52.1 5333
240 59.9 5932
250 58.5 6517
260 62.7 7144
270 71.3 7857
280 74.7 8604
290 81 9414
300 82.4 10238
310 96.5 11203
320 104.2 12245
330 114.4 13389
340 126.3 14652
350 128.2 15934
360 138.9 17323
370 131.4 18637
380 130.1 19938
390 127.5 21213
400 120.7 22420
410 115.2 23572
420 118.5 24757
430 108.2 25839
440 109.4 26933
450 115 28083
460 105.7 29140
470 85.3 29993
480 66.3 30656
490 112.2 31778
500 100.7 32785
510 108 33865
520 16.9 34034
530 35.7 34391
540 73.1 35122
550 65.5 35777
560 99 36767
570 90.6 37673
581 99.8 38671
591 114.5 39816
601 122.6 41042
611 142.1 42463
621 143.4 43897
630 140.1 45298
640 123.7 46535
650 119.2 47727
660 119.7 48924
670 161.7 50541
680 175.6 52297
691 164 53937
701 152.8 55465
710 147.7 56942
720 103.5 57977
730 56.2 58539
740 41.1 58950
750 30.7 59257
760 14.3 59400
770 6.7 59467
780 1.7 59484
790 1 59494
