10 2.6 26
20 8.2 108
30 13.2 240
40 12.6 366
50 11.2 478
60 11.6 594
70 12.9 723
80 16.2 885
90 22.6 1111
100 22.6 1337
110 20 1537
120 18.8 1725
130 20.1 1926
140 28.5 2211
150 33 2541
160 34.4 2885
170 31.8 3203
180 28.7 3490
190 35.2 3842
200 39 4232
210 48 4712
220 56.6 5278
230 61 5888
240 66.2 6550
250 64.6 7196
260 70.4 7900
270 79.5 8695
280 84.9 9544
290 88.5 10429
300 93.2 11361
310 100.8 12369
320 116.7 13536
330 128.9 14825
340 143.2 16257
350 148.5 17742
360 145.5 19197
370 146.2 20659
380 137.8 22037
390 131 23347
400 124.2 24589
410 119.6 25785
420 114.3 26928
430 108 28008
440 103.8 29046
450 111.3 30159
460 99.5 31154
470 78.5 31939
480 50.7 32446
490 88.8 33334
500 88.3 34217
510 46.5 34682
520 0 34682
530 0 34682
540 0 34682
550 0 34682
560 0 34682
570 0 34682
581 0 34682
591 0 34682
601 0 34682
611 0 34682
621 0 34682
630 0 34682
640 0 34682
650 0 34682
660 0 34682
670 0 34682
680 0 34682
691 0 34682
701 0 34682
710 0 34682
720 0 34682
730 0 34682
740 0 34682
750 0 34682
760 0 34682
770 0 34682
780 0 34682
790 0 34682
