360 0.8 8
370 2 28
380 3.3 61
390 7.2 133
400 6.1 194
410 7.9 273
420 6.4 337
430 5.3 390
440 5.4 444
450 5.6 500
460 6 560
470 9.4 654
480 38.9 1043
490 40 1443
500 29.9 1742
510 188.7 3629
520 247.3 6102
530 214.9 8251
540 393.4 12185
550 354 15725
560 426.5 19990
570 465.3 24643
581 451.8 29161
591 468.5 33846
601 464.5 38491
611 469.1 43182
621 449 47672
630 472 52392
640 316.6 55558
650 180.7 57365
660 185.2 59217
670 306 62277
680 455.1 66828
691 511.1 71939
701 492.1 76860
710 452.9 81389
720 321.6 84605
730 205.5 86660
740 138.3 88043
750 104.6 89089
760 56.5 89654
770 22.8 89882
780 7.2 89954
790 3.5 89989
