360 0.5 5
370 1 15
380 2.1 36
390 2.8 64
400 2.1 85
410 3 115
420 2 135
430 2.5 160
440 2.6 186
450 2.4 210
460 2.4 234
470 2.9 263
480 10.5 368
490 19.4 562
500 7.1 633
510 93.9 1572
520 59.6 2168
530 22.8 2396
540 134.1 3737
550 77.7 4514
560 133.3 5847
570 128.4 7131
581 150.2 8633
591 156.6 10199
601 181.4 12013
611 206.9 14082
621 211.1 16193
630 213.8 18331
640 162.7 19958
650 114 21098
660 89.7 21995
670 114 23135
680 159.2 24727
691 182.5 26552
701 191.5 28467
710 182.1 30288
720 144.5 31733
730 110.3 32836
740 74.7 33583
750 46.6 34049
760 30.7 34356
770 15.8 34514
780 7.8 34592
790 3.4 34626
