350 0.2 2
360 0.8 10
370 1.5 25
380 2.8 53
390 2.7 80
400 3.3 113
410 3.2 145
420 3.6 181
430 3.1 212
440 2.5 237
450 2.5 262
460 3.3 295
470 6.3 358
480 37.9 737
490 4.5 782
500 5.7 839
510 190.7 2746
520 59.6 3342
530 87.5 4217
540 85.2 5069
550 89.3 5962
560 88.1 6843
570 93.4 7777
581 90.3 8680
591 104.5 9725
601 109.2 10817
611 120.1 12018
621 112.7 13145
630 116.5 14310
640 126.3 15573
650 81.9 16392
660 65.2 17044
670 55.8 17602
680 56.7 18169
691 78.8 18957
701 80.3 19760
710 77.7 20537
720 88.3 21420
730 83.2 22252
740 42.3 22675
750 21.7 22892
760 21.1 23103
770 12.4 23227
780 6.8 23295
790 0.9 23304
