0 1.4 1.800714285714286 1.2664141405994345 6.266 1.102 0 0
10 1.2 1.4821666666666669 0.21605586983206201 6.266 1.102 1.800714285714286 14
20 0.6 3.1306666666666665 3.8257033195072627 11.671 1.034 1.653692307692308 26
30 0.7 1.3504285714285715 0.26808999402804873 11.671 1.024 1.9306250000000003 32
40 0.9 1.371 0.21624728643127267 11.671 1.024 1.8264871794871795 39
50 0.8 1.409625 0.25172203792079867 11.671 1.024 1.7410833333333333 48
60 1.3 1.6819230769230769 1.0066943972564144 11.671 1.024 1.693732142857143 56
70 1.7 1.5569411764705878 0.4298554436344214 11.671 0.992 1.6915072463768115 69
80 1.4 2.212285714285714 2.337603333959544 11.671 0.992 1.664906976744186 86
90 0.8 1.392625 0.22103898835951993 11.671 0.992 1.7415399999999999 100
100 1.5 1.6016000000000004 0.9267121667486622 11.671 0.98 1.7156944444444444 108
110 1.1 1.4227272727272724 0.24368873249928372 11.671 0.98 1.701780487804878 123
120 2.6 1.5228076923076925 0.7739262049511304 11.671 0.942 1.6788731343283583 134
130 2.4 1.5583749999999998 0.7929008351458587 11.671 0.942 1.6535125000000002 160
140 1.8 2.7146666666666666 5.254995950944628 24.307 0.942 1.6411032608695653 184
150 2 1.62975 0.8803003961716706 24.307 0.942 1.7367673267326733 202
160 1.7 1.3583529411764703 0.21881067324663028 24.307 0.942 1.7271261261261261 222
170 1.8 1.602611111111111 1.1344932857589325 24.307 0.835 1.7008953974895398 239
180 3.2 1.41071875 0.3969915170988387 24.307 0.835 1.694011673151751 257
190 4.8 1.3559999999999999 0.6017781291029667 24.307 0.835 1.662643598615917 289
200 4 2.1568250000000004 3.4823325723392644 24.307 0.835 1.618967359050445 337
210 4.2 1.57202380952381 0.8865135426703127 24.307 0.835 1.6760344827586207 377
220 4.5 1.2827999999999997 0.35749316077374127 24.307 0.835 1.6656085918854415 419
230 3.3 1.5693636363636365 0.9550810791595628 24.307 0.835 1.6284827586206896 464
240 5.8 1.7698103448275861 1.1096979156648512 24.307 0.835 1.6245573440643863 497
250 5.3 1.50522641509434 0.43729324565841304 24.307 0.835 1.6397369369369368 555
260 5 1.9276399999999996 2.144735711084235 24.307 0.786 1.6280115131578945 608
270 6.4 1.8830937499999996 1.4192481693526815 24.307 0.786 1.6507796352583586 658
280 6.3 1.749 1.287493664647689 24.307 0.786 1.6713725761772853 722
290 6.7 1.5748208955223886 0.8266009148308499 24.307 0.757 1.6776025477707008 785
300 8.3 2.6342650602409647 4.102659258332823 29.178 0.757 1.6695199530516431 852
310 10.3 1.5250291262135922 0.7118722403144432 29.178 0.757 1.7551604278074866 935
320 8.8 1.4736931818181815 1.1191333432408812 29.178 0.757 1.7323246628131022 1038
330 9.1 1.4110329670329673 0.6779301959357811 29.178 0.749 1.7121119005328596 1126
340 10.7 1.4989439252336445 0.9615578076311211 29.178 0.744 1.6895990139687758 1217
350 10 1.62303 1.0644871483958838 29.178 0.744 1.6741910876132933 1324
360 16.5 1.9751454545454559 1.3357756854626746 29.178 0.744 1.6705983146067418 1424
370 14.5 1.8118137931034484 1.7398952603680284 29.178 0.744 1.7022221522970424 1589
380 18.8 1.6063829787234036 1.4450728031897861 29.178 0.744 1.711386389850058 1734
390 23.4 1.5223376068376069 0.8634861371779782 29.178 0.609 1.7011155046826227 1922
400 22.3 1.575641255605381 1.968535461284314 29.178 0.609 1.6817119666048241 2156
410 21.5 1.5692604651162796 1.2859453845937325 29.178 0.603 1.6717692307692311 2379
420 28.5 1.6105543859649114 1.3163022774570656 29.178 0.603 1.6632729375481887 2594
430 21.7 1.6672903225806452 1.1912628444473228 29.178 0.603 1.6580541854810702 2879
440 26.4 1.5337954545454529 1.566933708246761 29.178 0.603 1.6587015503875973 3096
450 26.6 1.4385789473684214 1.2071916126414948 29.178 0.603 1.6488875000000003 3360
460 26 1.3670769230769215 1.0843495080560053 29.178 0.603 1.6334594594594598 3626
470 26.6 4.630210526315789 10.513333390067887 74.291 0.57 1.615636644364385 3886
480 58.7 4.2932095400340735 5.5230157964294415 74.291 0.57 1.808766859344894 4152
490 69.9 2.4054992846924184 3.0648101320578705 74.291 0.544 2.1165043258071328 4739
500 51.3 1.7104795321637414 1.8150263156175424 74.291 0.544 2.153651710187569 5438
510 88.5 55.58718531073443 98.21459528566635 742.807 0.544 2.115448496051084 5951
520 366.5 41.98897544338346 62.96826905619511 742.807 0.475 9.037989028671733 6836
530 210.8 3.70359487666034 5.099399762926704 742.807 0.475 20.53835710884681 10501
540 421.8 33.24486581318171 49.51761467187066 742.807 0.475 17.723885002775823 12609
550 360.6 7.111635052689953 8.306566757023488 742.807 0.475 21.61450704225357 16827
560 438.4 66.960746350365 83.96294727532074 742.807 0.452 19.05505143640194 20433
570 465.5 56.91643866809874 61.87418579756285 742.807 0.452 27.51774098400294 24817
581 444 139.5713968468468 111.08578132287947 742.807 0.452 32.16116313789362 29472
591 470.4 186.4993539540817 134.45162754563285 742.807 0.452 46.22407413305026 33912
601 473.1 217.1928640879302 142.13186122164737 742.807 0.452 63.31167813859542 38616
611 489.3 206.25643735949302 132.71936810410077 742.807 0.452 80.10665566244488 43347
621 442.9 208.3619112666505 130.34569564261497 742.807 0.452 92.90207195273626 48240
630 498 141.96209839357437 85.6274048733238 742.807 0.452 102.6112296796976 52669
640 396 22.701343434343467 27.479295904035503 742.807 0.452 106.01054842234892 57649
650 240.3 4.741255930087395 4.722572803125104 742.807 0.452 100.65573903163488 61609
660 215.9 4.659257989810094 4.917388446664208 742.807 0.452 97.05512503905507 64012
670 322.5 7.745140465116268 6.46938918352162 742.807 0.452 94.04047093137468 66171
680 447.7 36.03168036631678 21.316748713393984 742.807 0.452 90.03011816243003 69396
691 508.8 94.19360790094338 26.835999979056805 742.807 0.452 86.75759632071251 73873
701 496.7 95.83511898530291 16.313882793572887 742.807 0.452 87.23674966122509 78961
710 486.9 52.254887040460055 21.96670607188916 742.807 0.452 87.74561559908486 83928
720 359.9 11.240385384829182 12.222726555739069 742.807 0.452 85.7995548385643 88797
730 223.4 3.9116159355416356 4.005820643732694 742.807 0.452 82.89533332611796 92396
740 147.2 3.0585597826086968 3.4847586639757817 742.807 0.449 81.03070662580572 94630
750 110.9 1.7134526600541018 2.0625506005793164 742.807 0.449 79.8364026555118 96102
760 65.8 1.5869194528875394 1.697709493378446 742.807 0.449 78.94516245075141 97211
770 27.1 1.673066420664205 1.934552801479907 742.807 0.449 78.4250618684159 97869
780 9.4 2.6182659574468072 7.049708586365174 742.807 0.449 78.21312187691048 98140
790 3.7 1.702108108108109 0.9238834542090718 742.807 0.449 78.14078524747026 98234
