0 14 14
10 26 12
20 32 6
30 39 7
40 43 4
50 36 -7
60 44 8
70 56 12
80 62 6
90 60 -2
100 66 6
110 64 -2
120 70 6
130 85 15
140 92 7
150 99 7
160 100 1
170 91 -9
180 101 10
190 134 33
200 155 21
210 182 27
220 195 13
230 201 6
240 223 22
250 231 8
260 240 9
270 264 24
280 284 20
290 298 14
300 330 32
310 377 47
320 409 32
330 430 21
340 473 43
350 478 5
360 557 79
370 587 30
380 673 86
390 762 89
400 887 125
410 974 87
420 1153 179
430 1283 130
440 1455 172
450 1631 176
460 1803 172
470 1955 152
480 2136 181
490 2414 278
500 2604 190
510 1541 -1063
520 2708 1167
530 2635 -73
540 2881 246
550 2852 -29
560 2886 34
570 2712 -174
581 2497 -215
591 2253 -244
601 2060 -193
611 1733 -327
621 1049 -684
630 758 -291
640 970 212
650 1025 55
660 1058 33
670 1075 17
680 942 -133
691 811 -131
701 562 -249
710 594 32
720 603 9
730 369 -234
740 168 -201
750 111 -57
760 96 -15
770 56 -40
780 23 -33
790 2 -21
