0 0.1 9.136913612713425 0 9.136913612713425 9.136913612713425 0 0
10 0.1 27.48015873015873 0.0 27.48015873015873 9.136913612713425 9.136913612713425 1
20 0.1 3.1 0.0 27.48015873015873 3.1 18.308536171436078 2
30 0.1 1.1066398390342052 0.0 27.48015873015873 1.1066398390342052 13.23902411429072 3
40 0.1 1.9057171514543632 0.0 27.48015873015873 1.1066398390342052 10.20592804547659 4
50 0.1 1.998001998001998 0.0 27.48015873015873 1.1066398390342052 8.545885866672144 5
60 0.1 1.6016016016016015 0.0 27.48015873015873 1.1066398390342052 7.454571888560452 6
70 0.1 1.3091641490433032 0.0 27.48015873015873 1.1066398390342052 6.618433276137759 7
80 0.1 2.0100502512562812 0.0 27.48015873015873 1.1066398390342052 5.954774635250953 8
90 0.1 2.0181634712411705 0.0 27.48015873015873 1.1066398390342052 5.516471925918212 9
100 0.1 2.721774193548387 0.0 27.48015873015873 1.1066398390342052 5.166641080450508 10
110 0.1 2.6183282980866065 0.0 27.48015873015873 1.1066398390342052 4.944380454368496 11
120 0.1 2.3162134944612287 0.0 27.48015873015873 1.1066398390342052 4.7505427746783395 12
130 0.1 3.006012024048096 0.0 27.48015873015873 1.1066398390342052 4.5632866762001 13
140 0.1 3.003003003003003 0.0 27.48015873015873 1.1066398390342052 4.452052772474957 14
150 0.1 3.2193158953722336 0.0 27.48015873015873 1.1066398390342052 4.35544945451016 15
160 0.1 3.819095477386935 0.0 27.48015873015873 1.1066398390342052 4.28444110706404 16
170 0.1 4.128902316213495 0.0 27.48015873015873 1.1066398390342052 4.257067834730092 17
180 0.1 3.4343434343434343 0.0 27.48015873015873 1.1066398390342052 4.249947528145837 18
190 0.1 4.522613065326634 0.0 27.48015873015873 1.1066398390342052 4.207020996893079 19
200 0.1 4.8902195608782435 0.0 27.48015873015873 1.1066398390342052 4.222800600314757 20
210 0.1 5.782652043868395 0.0 27.48015873015873 1.1066398390342052 4.254582455579685 21
220 0.1 6.554121151936444 0.0 27.48015873015873 1.1066398390342052 4.324040164138263 22
230 0.1 6.402439024390244 0.0 27.48015873015873 1.1066398390342052 4.42100020708601 23
240 0.1 7.862903225806452 0.0 27.48015873015873 1.1066398390342052 4.50356015780702 24
250 0.1 7.730923694779117 0.0 27.48015873015873 1.1066398390342052 4.637933880526997 25
260 0.1 8.748728382502543 0.0 27.48015873015873 1.1066398390342052 4.756895027229002 26
270 0.1 9.021113243761997 0.0 27.48015873015873 1.1066398390342052 4.904740707053948 27
280 0.1 10.402999062792876 0.0 27.48015873015873 1.1066398390342052 5.051754011936379 28
290 0.1 10.667996011964108 0.0 27.48015873015873 1.1066398390342052 5.2362797033452235 29
300 0.1 11.80061037639878 0.0 27.48015873015873 1.1066398390342052 5.41733691363252 30
310 0.1 12.386706948640484 0.0 27.48015873015873 1.1066398390342052 5.623248960818528 31
320 0.1 13.594232749742533 0.0 27.48015873015873 1.1066398390342052 5.8346070229379645 32
330 0.1 15.329218106995885 0.0 27.48015873015873 1.1066398390342052 6.069747196477497 33
340 0.1 16.51376146788991 0.0 27.48015873015873 1.1066398390342052 6.3420845761986255 34
350 0.1 19.411764705882355 0.0 27.48015873015873 1.1066398390342052 6.632703915961234 35
360 0.1 19.41649899396378 0.0 27.48015873015873 1.1066398390342052 6.987677826792376 36
370 0.1 20.693069306930692 0.0 27.48015873015873 1.1066398390342052 7.323591912391603 37
380 0.1 21.406727828746178 0.0 27.48015873015873 1.1066398390342052 7.675420264879473 38
390 0.1 22.267206477732792 0.0 27.48015873015873 1.1066398390342052 8.027505074209389 39
400 0.1 24.020100502512562 0.0 27.48015873015873 1.1066398390342052 8.383497609297473 40
410 0.1 21.370143149284253 0.0 27.48015873015873 1.1066398390342052 8.764878167668572 41
420 0.1 22.008113590263694 0.0 27.48015873015873 1.1066398390342052 9.065003524373708 42
430 0.1 21.62977867203219 0.0 27.48015873015873 1.1066398390342052 9.366006084045567 43
440 0.1 20.44790652385589 0.0 27.48015873015873 1.1066398390342052 9.644728188317991 44
450 0.1 20.12012012012012 0.0 27.48015873015873 1.1066398390342052 9.884798817996609 45
460 0.1 19.686581782566112 0.0 27.48015873015873 1.1066398390342052 10.107305802825381 46
470 0.1 20.14098690835851 0.0 27.48015873015873 1.1066398390342052 10.311120185373056 47
480 0.1 19.54137587238285 0.0 27.48015873015873 1.1066398390342052 10.515909075435253 48
490 0.1 29.20353982300885 0.0 29.20353982300885 1.1066398390342052 10.700102275372961 49
500 0.1 28.362573099415204 0.0 29.20353982300885 1.1066398390342052 11.07017102632568 50
510 0.1 28.391472868217054 0.0 29.20353982300885 1.1066398390342052 11.40923773364116 51
520 0.1 38.4395813510942 0.0 38.4395813510942 1.1066398390342052 11.73581917853685 52
530 0.1 40.61895551257253 0.0 40.61895551257253 1.1066398390342052 12.239663747830384 53
540 0.1 43.486590038314176 0.0 43.486590038314176 1.1066398390342052 12.765206187918201 54
550 0.1 47.651663405088065 0.0 47.651663405088065 1.1066398390342052 13.323776803379944 55
560 0.1 47.76264591439689 0.0 47.76264591439689 1.1066398390342052 13.936774778410447 56
570 0.1 49.25521350546177 0.0 49.25521350546177 1.1066398390342052 14.530211114129507 57
581 0.1 49.11764705882353 0.0 49.25521350546177 1.1066398390342052 15.128918051911098 58
591 0.1 49.36831875607386 0.0 49.36831875607386 1.1066398390342052 15.70499820457063 59
601 0.1 49.26253687315634 0.0 49.36831875607386 1.1066398390342052 16.266053547095687 60
611 0.1 49.3570722057369 0.0 49.36831875607386 1.1066398390342052 16.806979503260614 61
621 0.1 49.36211972522081 0.0 49.36831875607386 1.1066398390342052 17.331980998461844 62
630 0.1 49.33586337760911 0.0 49.36831875607386 1.1066398390342052 17.840395898886587 63
640 0.1 49.26062846580407 0.0 49.36831875607386 1.1066398390342052 18.332512578241626 64
650 0.1 49.20477137176938 0.0 49.36831875607386 1.1066398390342052 18.808329745742586 65
660 0.1 49.25224327018943 0.0 49.36831875607386 1.1066398390342052 19.268881891591477 66
670 0.1 49.35194416749751 0.0 49.36831875607386 1.1066398390342052 19.71639474798846 67
680 0.1 49.36708860759494 0.0 49.36831875607386 1.1066398390342052 20.152211651216536 68
691 0.1 49.306197964847364 0.0 49.36831875607386 1.1066398390342052 20.57561566507709 69
701 0.1 49.07488986784141 0.0 49.36831875607386 1.1066398390342052 20.98605255507381 70
710 0.1 49.34944237918216 0.0 49.36831875607386 1.1066398390342052 21.3816699820142 71
720 0.1 49.45382323733863 0.0 49.45382323733863 1.1066398390342052 21.7701112653082 72
730 0.1 49.25224327018943 0.0 49.45382323733863 1.1066398390342052 22.149340196431904 73
740 0.1 49.049049049049046 0.0 49.45382323733863 1.1066398390342052 22.51559564337457 74
750 0.1 28.502415458937197 0.0 49.45382323733863 1.1066398390342052 22.8693750221169 75
760 0.1 18.234723569350145 0.0 49.45382323733863 1.1066398390342052 22.943493975232954 76
770 0.1 9.960552268244575 0.0 49.45382323733863 1.1066398390342052 22.88234111281889 77
780 0.1 5.467196819085487 0.0 49.45382323733863 1.1066398390342052 22.716677153273064 78
790 0.1 2.3928215353938187 0.0 49.45382323733863 1.1066398390342052 22.498329300941577 79
