0 0 0
10 0 0
20 0 0
30 0 0
40 0.6 6
50 1.5 21
60 0.4 25
70 0.5 30
80 0.8 38
90 1 48
100 0.9 57
110 1.3 70
120 2.1 91
130 0.9 100
140 1 110
150 1.3 123
160 1.6 139
170 2.8 167
180 2.1 188
190 1.5 203
200 1.9 222
210 1.8 240
220 2.9 269
230 2.9 298
240 3.7 335
250 4.3 378
260 4.2 420
270 4.1 461
280 4 501
290 5.6 557
300 4.8 605
310 5.6 661
320 5.8 719
330 6.8 787
340 6.5 852
350 9.3 945
360 7.9 1024
370 9.3 1117
380 7.2 1189
390 6.9 1258
400 3.7 1295
410 4.9 1344
420 4.2 1386
430 3.5 1421
440 4 1461
450 3.1 1492
460 2.6 1518
470 2 1538
480 1.9 1557
490 1.9 1576
500 2.5 1601
510 7.1 1672
520 1.3 1685
530 3.1 1716
540 3.7 1753
550 9.5 1848
560 8.6 1934
570 17.8 2112
581 16.8 2280
591 24.4 2524
601 33.1 2855
611 46.9 3324
621 61 3934
630 55.4 4488
640 59.9 5087
650 52.7 5614
660 27.2 5886
670 14.4 6030
680 7 6100
691 10.5 6205
701 28.4 6489
710 31.1 6800
720 39.1 7191
730 40.4 7595
740 28.1 7876
750 11.6 7992
760 10.6 8098
770 8.3 8181
780 5.4 8235
790 2.1 8256
