0 0.1 3511.25 0 3511.25 3511.25 0 0
10 0.1 3496.63671875 0.0 3511.25 3496.63671875 3511.25 1
20 0.1 3497.46875 0.0 3511.25 3496.63671875 3503.943359375 2
30 0.1 3489.5234375 0.0 3511.25 3489.5234375 3501.78515625 3
40 0.1 3487.85546875 0.0 3511.25 3487.85546875 3498.7197265625 4
50 0.1 3482.89453125 0.0 3511.25 3482.89453125 3496.546875 5
60 0.1 3483.5234375 0.0 3511.25 3482.89453125 3494.271484375 6
70 0.1 3483.734375 0.0 3511.25 3482.89453125 3492.7360491071427 7
80 0.1 3479.4609375 0.0 3511.25 3479.4609375 3491.61083984375 8
90 0.1 3469.48046875 0.0 3511.25 3469.48046875 3490.2608506944443 9
100 0.1 3461.859375 0.0 3511.25 3461.859375 3488.1828125 10
110 0.1 3461.74609375 0.0 3511.25 3461.74609375 3485.7897727272725 11
120 0.1 3463.796875 0.0 3511.25 3461.74609375 3483.7861328125 12
130 0.1 3466.125 0.0 3511.25 3461.74609375 3482.248497596154 13
140 0.1 3464.55859375 0.0 3511.25 3461.74609375 3481.0968191964284 14
150 0.1 3460.55078125 0.0 3511.25 3460.55078125 3479.9942708333333 15
160 0.1 3458.73828125 0.0 3511.25 3458.73828125 3478.779052734375 16
170 0.1 3456.22265625 0.0 3511.25 3456.22265625 3477.6001838235293 17
180 0.1 3458.7734375 0.0 3511.25 3456.22265625 3476.412543402778 18
190 0.1 3458.6484375 0.0 3511.25 3456.22265625 3475.4841694078946 19
200 0.1 3445.1640625 0.0 3511.25 3445.1640625 3474.6423828125 20
210 0.1 3431.44921875 0.0 3511.25 3431.44921875 3473.2386532738096 21
220 0.1 3409.09765625 0.0 3511.25 3409.09765625 3471.3391335227275 22
230 0.1 3392.2109375 0.0 3511.25 3392.2109375 3468.6329823369565 23
240 0.1 3387.35546875 0.0 3511.25 3387.35546875 3465.44873046875 24
250 0.1 3389.03125 0.0 3511.25 3387.35546875 3462.325 25
260 0.1 3392.03515625 0.0 3511.25 3387.35546875 3459.5060096153848 26
270 0.1 3388.36328125 0.0 3511.25 3387.35546875 3457.0070891203704 27
280 0.1 3367.25390625 0.0 3511.25 3367.25390625 3454.5555245535716 28
290 0.1 3359.80078125 0.0 3511.25 3359.80078125 3451.545123922414 29
300 0.1 3353.48828125 0.0 3511.25 3353.48828125 3448.4869791666665 30
310 0.1 3324.82421875 0.0 3511.25 3324.82421875 3445.4225050403224 31
320 0.1 3312.484375 0.0 3511.25 3312.484375 3441.65380859375 32
330 0.1 3287.09375 0.0 3511.25 3287.09375 3437.7395833333335 33
340 0.1 3275.9296875 0.0 3511.25 3275.9296875 3433.3088235294117 34
350 0.1 3244.24609375 0.0 3511.25 3244.24609375 3428.8122767857144 35
360 0.1 3234.39453125 0.0 3511.25 3234.39453125 3423.6854383680557 36
370 0.1 3224.73828125 0.0 3511.25 3224.73828125 3418.5694679054054 37
380 0.1 3194.05859375 0.0 3511.25 3194.05859375 3413.4686472039475 38
390 0.1 3172.296875 0.0 3511.25 3172.296875 3407.842748397436 39
400 0.1 3123.18359375 0.0 3511.25 3123.18359375 3401.9541015625 40
410 0.1 3063.546875 0.0 3511.25 3063.546875 3395.1548208841464 41
420 0.1 3008.3515625 0.0 3511.25 3008.3515625 3387.2593936011904 42
430 0.1 2971.0 0.0 3511.25 2971.0 3378.4475835755816 43
440 0.1 2916.6484375 0.0 3511.25 2916.6484375 3369.187411221591 44
450 0.1 2836.421875 0.0 3511.25 2836.421875 3359.1309895833333 45
460 0.1 2766.5859375 0.0 3511.25 2766.5859375 3347.7677479619565 46
470 0.1 2694.01171875 0.0 3511.25 2694.01171875 3335.4021775265956 47
480 0.1 2641.60546875 0.0 3511.25 2641.60546875 3322.0398763020835 48
490 0.1 2584.80078125 0.0 3511.25 2584.80078125 3308.1534598214284 49
500 0.1 2471.50390625 0.0 3511.25 2471.50390625 3293.68640625 50
510 0.1 2402.7734375 0.0 3511.25 2402.7734375 3277.5651807598038 51
520 0.1 2330.71875 0.0 3511.25 2330.71875 3260.7422626201924 52
530 0.1 2364.51171875 0.0 3511.25 2330.71875 3243.1946491745284 53
540 0.1 2317.4453125 0.0 3511.25 2317.4453125 3226.9227430555557 54
550 0.1 2263.8203125 0.0 3511.25 2263.8203125 3210.3867897727273 55
560 0.1 2248.65234375 0.0 3511.25 2248.65234375 3193.483816964286 56
570 0.1 2237.01953125 0.0 3511.25 2237.01953125 3176.9078262061403 57
581 0.1 2256.0390625 0.0 3511.25 2237.01953125 3160.7028556034484 58
591 0.1 2268.71484375 0.0 3511.25 2237.01953125 3145.369570974576 59
601 0.1 2283.44921875 0.0 3511.25 2237.01953125 3130.7586588541667 60
611 0.1 2306.890625 0.0 3511.25 2237.01953125 3116.8683401639346 61
621 0.1 2328.7578125 0.0 3511.25 2237.01953125 3103.804183467742 62
630 0.1 2358.71875 0.0 3511.25 2237.01953125 3091.5018601190477 63
640 0.1 2448.83203125 0.0 3511.25 2237.01953125 3080.0521240234375 64
650 0.1 2451.97265625 0.0 3511.25 2237.01953125 3070.341045673077 65
660 0.1 2565.70703125 0.0 3511.25 2237.01953125 3060.971827651515 66
670 0.1 2696.19921875 0.0 3511.25 2237.01953125 3053.5798157649256 67
680 0.1 2743.54296875 0.0 3511.25 2237.01953125 3048.32421875 68
691 0.1 2791.99609375 0.0 3511.25 2237.01953125 3043.9070991847825 69
701 0.1 2858.171875 0.0 3511.25 2237.01953125 3040.3083705357144 70
710 0.1 2964.13671875 0.0 3511.25 2237.01953125 3037.74306778169 71
720 0.1 2981.3515625 0.0 3511.25 2237.01953125 3036.720757378472 72
730 0.1 3042.10546875 0.0 3511.25 2237.01953125 3035.9622752568494 73
740 0.1 3061.3515625 0.0 3511.25 2237.01953125 3036.045291385135 74
750 0.1 3082.22265625 0.0 3511.25 2237.01953125 3036.3827083333335 75
760 0.1 3087.83203125 0.0 3511.25 2237.01953125 3036.9858655427633 76
770 0.1 3117.05859375 0.0 3511.25 2237.01953125 3037.6462053571427 77
780 0.1 3169.421875 0.0 3511.25 2237.01953125 3038.6643129006407 78
790 0.1 3203.78125 0.0 3511.25 2237.01953125 3040.3194719145567 79
