0 0.1 0.12109375 0 0.12109375 0.12109375 0 0
10 0.1 0.1796875 0.0 0.1796875 0.12109375 0.12109375 1
20 0.1 0.1484375 0.0 0.1796875 0.12109375 0.150390625 2
30 0.1 0.12109375 0.0 0.1796875 0.12109375 0.14973958333333334 3
40 0.1 0.1015625 0.0 0.1796875 0.1015625 0.142578125 4
50 0.1 0.08984375 0.0 0.1796875 0.08984375 0.134375 5
60 0.1 0.0703125 0.0 0.1796875 0.0703125 0.126953125 6
70 0.1 0.05859375 0.0 0.1796875 0.05859375 0.11886160714285714 7
80 0.1 0.05078125 0.0 0.1796875 0.05078125 0.111328125 8
90 0.1 0.0390625 0.0 0.1796875 0.0390625 0.10460069444444445 9
100 0.1 0.0390625 0.0 0.1796875 0.0390625 0.098046875 10
110 0.1 0.03125 0.0 0.1796875 0.03125 0.09268465909090909 11
120 0.1 0.03125 0.0 0.1796875 0.03125 0.08756510416666667 12
130 0.1 0.01953125 0.0 0.1796875 0.01953125 0.08323317307692307 13
140 0.1 0.01953125 0.0 0.1796875 0.01953125 0.07868303571428571 14
150 0.1 0.01171875 0.0 0.1796875 0.01171875 0.07473958333333333 15
160 0.1 0.01171875 0.0 0.1796875 0.01171875 0.07080078125 16
170 0.1 0.01171875 0.0 0.1796875 0.01171875 0.06732536764705882 17
180 0.1 0.01171875 0.0 0.1796875 0.01171875 0.0642361111111111 18
190 0.1 0.01171875 0.0 0.1796875 0.01171875 0.06147203947368421 19
200 0.1 0.0 0.0 0.1796875 0.0 0.058984375 20
210 0.1 0.0 0.0 0.1796875 0.0 0.05617559523809524 21
220 0.1 0.0 0.0 0.1796875 0.0 0.05362215909090909 22
230 0.1 0.078125 0.0 0.1796875 0.0 0.051290760869565216 23
240 0.1 0.05859375 0.0 0.1796875 0.0 0.052408854166666664 24
250 0.1 0.05078125 0.0 0.1796875 0.0 0.05265625 25
260 0.1 0.0390625 0.0 0.1796875 0.0 0.052584134615384616 26
270 0.1 0.0390625 0.0 0.1796875 0.0 0.052083333333333336 27
280 0.1 0.03125 0.0 0.1796875 0.0 0.05161830357142857 28
290 0.1 0.03125 0.0 0.1796875 0.0 0.05091594827586207 29
300 0.1 0.01953125 0.0 0.1796875 0.0 0.05026041666666667 30
310 0.1 0.01953125 0.0 0.1796875 0.0 0.04926915322580645 31
320 0.1 0.01171875 0.0 0.1796875 0.0 0.04833984375 32
330 0.1 0.01171875 0.0 0.1796875 0.0 0.04723011363636364 33
340 0.1 0.08984375 0.0 0.1796875 0.0 0.046185661764705885 34
350 0.1 0.078125 0.0 0.1796875 0.0 0.04743303571428571 35
360 0.1 0.140625 0.0 0.1796875 0.0 0.048285590277777776 36
370 0.1 0.12109375 0.0 0.1796875 0.0 0.05078125 37
380 0.1 0.1015625 0.0 0.1796875 0.0 0.05263157894736842 38
390 0.1 0.23828125 0.0 0.23828125 0.0 0.05388621794871795 39
400 0.1 0.2890625 0.0 0.2890625 0.0 0.05849609375 40
410 0.1 0.23828125 0.0 0.2890625 0.0 0.06411966463414634 41
420 0.1 0.19921875 0.0 0.2890625 0.0 0.06826636904761904 42
430 0.1 0.328125 0.0 0.328125 0.0 0.07131177325581395 43
440 0.1 0.28125 0.0 0.328125 0.0 0.0771484375 44
450 0.1 0.23046875 0.0 0.328125 0.0 0.08168402777777778 45
460 0.1 0.28125 0.0 0.328125 0.0 0.08491847826086957 46
470 0.1 0.23046875 0.0 0.328125 0.0 0.08909574468085106 47
480 0.1 0.359375 0.0 0.359375 0.0 0.092041015625 48
490 0.1 0.30078125 0.0 0.359375 0.0 0.09749681122448979 49
500 0.1 0.26171875 0.0 0.359375 0.0 0.1015625 50
510 0.1 0.359375 0.0 0.359375 0.0 0.10470281862745098 51
520 0.1 0.5390625 0.0 0.5390625 0.0 0.10960036057692307 52
530 0.1 0.53125 0.0 0.5390625 0.0 0.11770341981132075 53
540 0.1 0.75 0.0 0.75 0.0 0.12536168981481483 54
550 0.1 0.87109375 0.0 0.87109375 0.0 0.13671875000000003 55
560 0.1 0.96875 0.0 0.96875 0.0 0.14983258928571433 56
570 0.1 0.96875 0.0 0.96875 0.0 0.1641995614035088 57
581 0.1 0.98046875 0.0 0.98046875 0.0 0.1780711206896552 58
591 0.1 0.98046875 0.0 0.98046875 0.0 0.19167108050847462 59
601 0.1 1.0703125 0.0 1.0703125 0.0 0.20481770833333338 60
611 0.1 1.140625 0.0 1.140625 0.0 0.21900614754098363 61
621 0.1 1.109375 0.0 1.140625 0.0 0.23387096774193553 62
630 0.1 1.1015625 0.0 1.140625 0.0 0.24776785714285718 63
640 0.1 1.078125 0.0 1.140625 0.0 0.2611083984375 64
650 0.1 1.0703125 0.0 1.140625 0.0 0.2736778846153846 65
660 0.1 1.2109375 0.0 1.2109375 0.0 0.2857481060606061 66
670 0.1 1.1796875 0.0 1.2109375 0.0 0.29955690298507465 67
680 0.1 1.1484375 0.0 1.2109375 0.0 0.3125 68
691 0.1 1.12890625 0.0 1.2109375 0.0 0.32461503623188404 69
701 0.1 1.109375 0.0 1.2109375 0.0 0.3361049107142857 70
710 0.1 1.1484375 0.0 1.2109375 0.0 0.3469960387323944 71
720 0.1 1.12890625 0.0 1.2109375 0.0 0.3581271701388889 72
730 0.1 1.19140625 0.0 1.2109375 0.0 0.3686857876712329 73
740 0.1 1.23046875 0.0 1.23046875 0.0 0.37980363175675674 74
750 0.1 1.19140625 0.0 1.23046875 0.0 0.39114583333333336 75
760 0.1 1.01171875 0.0 1.23046875 0.0 0.4016755756578948 76
770 0.1 0.8515625 0.0 1.23046875 0.0 0.40959821428571436 77
780 0.1 0.71875 0.0 1.23046875 0.0 0.4152644230769232 78
790 0.1 0.609375 0.0 1.23046875 0.0 0.41910601265822794 79
