0 2.1 15.194809523809525 11.078561801189107 60.931 7.479 0 0
10 4.8 57.87595833333332 58.12065499313989 200.26 7.479 15.194809523809525 21
20 9.6 43.789697916666654 36.39463728814768 200.26 7.36 44.88604347826086 69
30 14.7 42.4978979591837 31.858553816871744 200.26 6.993 44.24816969696969 165
40 15.7 38.13949044585988 29.08391483400343 200.26 6.993 43.423522435897446 312
50 15.4 37.464974025974016 33.378338463496654 200.26 6.993 41.65466737739873 469
60 14.9 33.62317449664431 27.193728670716173 200.26 6.597 40.6190128410915 623
70 17.4 40.321327586206905 61.471925267505945 701.806 6.597 39.26877979274612 772
80 20.8 37.809274038461545 37.346997819396655 701.806 6.597 39.46237737843553 946
90 26 43.02497307692306 56.60503879157249 762.996 6.597 39.164417677642994 1154
100 27.6 36.22474275362315 27.525119766666442 762.996 6.319 39.87427934936351 1414
110 25.4 37.90833858267718 30.92938248139845 762.996 6.319 39.27826035502958 1690
120 26.4 33.490435606060636 30.21323922647916 762.996 6.319 39.09926851851852 1944
130 26.3 37.59321292775664 37.861473342209955 762.996 6.161 38.42864719202899 2208
140 35.8 38.04930726256984 32.9919466985726 762.996 6.161 38.339728045325785 2471
150 38.5 37.74999999999994 30.948035866174536 762.996 5.872 38.30297631671969 2829
160 42 37.17260238095233 30.51956859625351 762.996 5.665 38.23673615432483 3214
170 41.5 37.843057831325304 32.37643108227915 762.996 5.665 38.1137487616951 3634
180 37.3 40.09581233243968 41.98165442327059 762.996 5.665 38.08600444554211 4049
190 47.2 42.11406355932201 65.38254311485177 785.186 5.665 38.25553369516056 4422
200 49.9 39.61390380761524 44.27939489065462 785.186 5.665 38.62766816510012 4894
210 61.3 59.890601957585666 246.93320962495474 3404.635 5.665 38.71892193584276 5393
220 71.4 45.28603921568633 48.984243788494645 3404.635 5.665 40.87980103230103 6006
230 73.7 42.23962279511529 34.0440233764991 3404.635 5.665 41.34796383928572 6720
240 84.5 40.277111242603574 38.90224886901672 3404.635 5.665 41.43608944615797 7457
250 82.3 51.588475091130036 85.0005326563629 3404.635 5.665 41.31812551192484 8302
260 89.1 51.35089674523011 129.97925449102715 3404.635 5.665 42.24442663013699 9125
270 100.4 44.316473107569735 38.45106894540253 3404.635 5.665 43.05451697284346 10016
280 105.3 43.538408357075056 36.56187552468594 3404.635 5.665 43.16949010889293 11020
290 113.6 46.62519278169017 40.45560886165086 3404.635 5.665 43.20166694276485 12073
300 117.3 48.226846547314544 58.39810342441738 3404.635 5.665 43.49609690362632 13209
310 132.6 46.61067948717947 41.32651975986033 3404.635 5.665 43.88193818662216 14382
320 145.9 57.66629814941745 79.98773860204125 3404.635 5.665 44.112286478227645 15708
330 160.6 58.85801369863005 51.1749604317054 3404.635 5.665 45.2642235102231 17167
340 178.5 79.7468582633054 84.2451794895828 3404.635 5.665 46.427150428807316 18773
350 183.1 109.95174003276898 123.37592577250626 3404.635 5.665 49.32021777410253 20558
360 194 119.04353969072153 139.32463112473425 3404.635 1.397 54.278738353655804 22389
370 187.6 260.453418443497 319.03809283820385 3404.635 1.37 59.44309835998189 24329
380 183.5 558.0201100817453 617.2283024990498 3499.56 1.185 73.83330482732302 26205
390 179.9 990.0843929961103 955.0696815047572 4271.558 1.065 105.51956686875901 28040
400 168.1 1688.654644854254 1514.7060820144784 6846.371 1.065 158.85017855826283 29839
410 162.2 2309.3085659679446 1903.405924217284 8881.41 1.065 240.43651446700528 31520
420 162.6 3149.6611728167277 2642.7754601476654 12608.929 1.065 341.68901786253133 33142
430 147.4 3921.2245556309454 3113.33146516426 13032.14 1.065 473.00985092613934 34768
440 149.3 4967.415393837918 3715.378719965747 16160.469 1.065 613.252345124442 36242
450 154.9 5905.7869541639775 4149.897689132205 18363.642 1.065 785.5265052338686 37735
460 142.3 7240.612451862261 4631.732945504245 19204.191 1.065 987.4225299613082 39284
470 119.4 8213.922782244552 5180.341031459411 20988.384 1.058 1206.0161197337077 40707
480 145.2 10074.524920110185 6941.039929712548 27143.474 1.058 1405.711605641871 41901
490 180.9 9608.97570702044 7705.145196003716 28309.931 0.883 1696.0517650912286 43353
500 158.9 10212.086923222167 7821.279749761772 29048.383 0.883 2013.0102569859619 45162
510 443.3 7848.644934355939 7459.421115358502 29048.383 0.827 2291.685212016856 46751
520 275.1 1937.1471715739765 2653.1833111374017 29048.383 0.827 2772.9684733705826 51184
530 257.3 6331.9178962300775 5826.614442431212 29048.383 0.791 2730.3367054788155 53935
540 466.4 6354.87624163807 6200.961211988337 29048.383 0.791 2894.328855330217 56508
550 440.2 4486.415447069529 4685.070421039592 34669.182 0.791 3158.1749452036856 61172
560 516.8 4832.852587654789 4593.542120502935 34669.182 0.791 3247.340082136211 65574
570 570.5 4620.963689570556 7560.0388305054885 61021.979 0.791 3363.1684249667787 70742
581 534.7 4103.311290443243 3978.4811861785324 61021.979 0.791 3457.033743220792 76447
591 585.1 3665.743452059475 3576.6733188119774 61021.979 0.791 3499.2819037826725 81794
601 597 3342.98069396984 3149.207193917416 61021.979 0.791 3510.394534497118 87645
611 640.7 2840.735405962231 2795.3953810223948 61021.979 0.791 3499.7182472787467 93615
621 630.2 1998.7184712789517 2311.6068470495306 61021.979 0.791 3457.50650321929 100022
630 645 939.034278294574 1579.95704998513 61021.979 0.791 3371.0417146740133 106324
640 535.9 778.8662155252819 1672.0904192323399 61021.979 0.791 3231.9453984606366 112774
650 380.9 826.4204754528753 2804.8607954311624 61021.979 0.791 3120.663611480279 118133
660 334.3 1223.0621286269761 5415.583141835735 61021.979 0.791 3049.000262469041 121942
670 423.9 587.1584031611226 1582.8192982768746 61021.979 0.791 3000.2784587300935 125285
680 531.8 503.4117015795421 1396.7268140099013 61021.979 0.791 2921.3030108165267 129524
691 590.2 629.7968605557445 1408.6725669539915 61021.979 0.791 2825.944398644338 134842
701 596.5 1028.9507777032725 5101.127953253048 61021.979 0.791 2733.8505064016927 140744
710 569.9 560.4958906825764 2692.5480236182066 61021.979 0.791 2664.5314674764318 146709
720 455 547.5811863736262 1522.4352942945334 61021.979 0.791 2585.8551594601327 152408
730 322.6 814.4243806571598 1829.7791183935879 61021.979 0.791 2526.768355490003 156958
740 207.1 655.7778923225502 1675.6395423158663 61021.979 0.791 2492.2828783960936 160184
750 135.7 416.6062837140753 1370.5696516779333 61021.979 0.791 2468.8419870450825 162255
760 88.2 523.1023684807252 1521.5492881868138 61021.979 0.791 2451.820718131921 163612
770 43.4 825.9635875576035 1849.985713705887 61021.979 0.791 2441.479127652071 164494
780 19.7 1987.8094822335029 9471.829231198286 61021.979 0.791 2437.227977183982 164928
790 8.1 11302.31182716049 23235.11807239567 61021.979 0.791 2436.6918049295978 165125
