10 0.1 3008 0 3008 3008 0 0
20 0.1 1171.0 0.0 3008 1171 3008.0 1
30 0.1 1353.0 0.0 3008 1171 2089.5 2
40 0.1 1743.0 0.0 3008 1171 1844.0 3
50 0.1 1914.0 0.0 3008 1171 1818.75 4
60 0.1 1485.0 0.0 3008 1171 1837.8 5
70 0.1 1757.0 0.0 3008 1171 1779.0 6
80 0.1 2052.0 0.0 3008 1171 1775.857142857143 7
90 0.1 2324.0 0.0 3008 1171 1810.375 8
100 0.1 3012.0 0.0 3012 1171 1867.4444444444443 9
110 0.1 3.1e3 0.0 3100 1171 1981.9 10
120 0.1 2769.0 0.0 3100 1171 2083.5454545454545 11
130 0.1 2862.0 0.0 3100 1171 2140.6666666666665 12
140 0.1 3.2e3 0.0 3200 1171 2196.153846153846 13
150 0.1 4059.0 0.0 4059 1171 2267.8571428571427 14
160 0.1 4647.0 0.0 4647 1171 2387.266666666667 15
170 0.1 4578.0 0.0 4647 1171 2528.5 16
180 0.1 4107.0 0.0 4647 1171 2649.0588235294117 17
190 0.1 4508.0 0.0 4647 1171 2730.0555555555557 18
200 0.1 5360.0 0.0 5360 1171 2823.6315789473683 19
210 0.1 6150.0 0.0 6150 1171 2950.45 20
220 0.1 7485.0 0.0 7485 1171 3102.809523809524 21
230 0.1 7952.0 0.0 7952 1171 3302.0 22
240 0.1 8956.0 0.0 8956 1171 3504.1739130434785 23
250 0.1 9344.0 0.0 9344 1171 3731.3333333333335 24
260 0.1 9592.0 0.0 9592 1171 3955.84 25
270 0.1 10579.0 0.0 10579 1171 4172.615384615385 26
280 0.1 11601.0 0.0 11601 1171 4409.888888888889 27
290 0.1 12291.0 0.0 12291 1171 4666.714285714285 28
300 0.1 12978.0 0.0 12978 1171 4929.620689655172 29
310 0.1 14135.0 0.0 14135 1171 5197.9 30
320 0.1 15362.0 0.0 15362 1171 5486.193548387097 31
330 0.1 17348.0 0.0 17348 1171 5794.8125 32
340 0.1 19294.0 0.0 19294 1171 6144.909090909091 33
350 0.1 21264.0 0.0 21264 1171 6531.64705882353 34
360 0.1 22178.0 0.0 22178 1171 6952.571428571428 35
370 0.1 22733.0 0.0 22733 1171 7375.5 36
380 0.1 22527.0 0.0 22733 1171 7790.5675675675675 37
390 0.1 22534.0 0.0 22733 1171 8178.368421052632 38
400 0.1 21750.0 0.0 22733 1171 8546.461538461539 39
410 0.1 20963.0 0.0 22733 1171 8876.55 40
420 0.1 20478.0 0.0 22733 1171 9171.341463414634 41
430 0.1 20831.0 0.0 22733 1171 9440.547619047618 42
440 0.1 19399.0 0.0 22733 1171 9705.441860465116 43
450 0.1 19519.0 0.0 22733 1171 9925.75 44
460 0.1 19572.0 0.0 22733 1171 10138.933333333332 45
470 0.1 18616.0 0.0 22733 1171 10343.999999999998 46
480 0.1 14054.0 0.0 22733 1171 10519.999999999998 47
490 0.1 16416.0 0.0 22733 1171 10593.624999999998 48
500 0.1 20643.0 0.0 22733 1171 10712.448979591834 49
510 0.1 20034.0 0.0 22733 1171 10911.059999999998 50
520 0.1 31681.0 0.0 31681 1171 11089.941176470586 51
530 0.1 21347.0 0.0 31681 1171 11485.923076923074 52
540 0.1 26359.0 0.0 31681 1171 11671.981132075469 53
550 0.1 33795.0 0.0 33795 1171 11943.962962962962 54
560 0.1 36566.0 0.0 36566 1171 12341.254545454543 55
570 0.1 41732.0 0.0 41732 1171 12773.839285714284 56
581 0.1 43593.0 0.0 43593 1171 13281.877192982454 57
591 0.1 45998.0 0.0 45998 1171 13804.482758620688 58
601 0.1 47117.0 0.0 47117 1171 14350.135593220337 59
611 0.1 48047.0 0.0 48047 1171 14896.249999999998 60
621 0.1 48324.0 0.0 48324 1171 15439.704918032785 61
630 0.1 50617.0 0.0 50617 1171 15970.096774193547 62
640 0.1 52522.0 0.0 52522 1171 16520.04761904762 63
650 0.1 35323.0 0.0 52522 1171 17082.578125 64
660 0.1 26103.0 0.0 52522 1171 17363.2 65
670 0.1 32024.0 0.0 52522 1171 17495.621212121212 66
680 0.1 44463.0 0.0 52522 1171 17712.462686567163 67
691 0.1 51695.0 0.0 52522 1171 18105.852941176472 68
701 0.1 56881.0 0.0 56881 1171 18592.652173913044 69
710 0.1 54495.0 0.0 56881 1171 19139.628571428573 70
720 0.1 39870.0 0.0 56881 1171 19637.59154929578 71
730 0.1 24263.0 0.0 56881 1171 19918.597222222226 72
740 0.1 16230.0 0.0 56881 1171 19978.109589041098 73
750 0.1 11760.0 0.0 56881 1171 19927.459459459464 74
760 0.1 7196.0 0.0 56881 1171 19818.56 75
770 0.1 3310.0 0.0 56881 1171 19652.473684210527 76
780 0.1 1273.0 0.0 56881 1171 19440.233766233767 77
790 0.1 506.0 0.0 56881 506 19207.32051282051 78
