0 2.1 15.194809523809525 11.078561801189107 60.931 7.479 0 0
10 6.9 40.19908695652173 30.471510736623294 115.634 7.13 15.194809523809525 21
20 15.3 27.42174509803921 21.734958572555676 115.634 5.65 34.36475555555555 90
30 23.6 26.417529661016946 22.814170218661673 150.815 4.973 29.993230452674887 243
40 23.7 25.278569620253176 20.41066740330969 150.815 4.973 28.231507306889345 479
50 22 26.215759090909078 20.85734470769468 150.815 4.973 27.254068435754192 716
60 22.2 22.407378378378382 17.137594352217413 150.815 4.973 27.010021367521365 936
70 25.7 27.245206225680935 47.915002121666845 695.708 4.973 26.127649395509497 1158
80 31.5 24.93134285714285 24.30100543749014 695.708 4.973 26.33062614840989 1415
90 40.9 27.29777506112466 39.65348394025133 695.708 4.973 26.075843352601154 1730
100 41.7 23.911515587529976 18.50232665077457 695.708 4.973 26.309489948574093 2139
110 37.7 25.489610079575613 20.007437577252208 695.708 4.973 25.918271126760562 2556
120 37.3 23.64345308310994 18.34231258895861 695.708 4.973 25.86317217865667 2933
130 39.8 24.832570351758793 25.87009503023117 695.708 4.949 25.612732002419847 3306
140 54.2 25.051160516605172 20.003555717825602 695.708 4.56 25.528902537796977 3704
150 59.8 24.273374581939766 19.215969674342226 695.708 4.56 25.467918982571835 4246
160 63.6 24.62926572327042 19.625235835545386 695.708 4.56 25.320450454170103 4844
170 60.8 25.615779605263157 21.70136067899538 695.708 4.431 25.240232664233574 5480
180 55.3 27.042406871609387 30.16550823231762 695.708 4.431 25.27773800919842 6088
190 70.1 28.27922967189729 49.17061720948601 706.048 4.431 25.424683029664205 6641
200 74.8 26.84976470588236 33.480857373919875 706.048 4.431 25.697229637700893 7342
210 92.7 39.18099892125137 197.8539871458417 3398.078 4.431 25.803792830655127 8090
220 107.3 30.065888164026084 36.76347383022691 3398.078 4.431 27.17904735499612 9017
230 113.1 27.4886958443855 22.751737126892543 3398.078 4.431 27.48604241823588 10090
240 126.1 26.934567010309234 28.16880664116429 3398.078 4.431 27.48630986543089 11221
250 123.1 34.53500081234765 67.36447637038056 3398.078 4.431 27.430569780483896 12482
260 133.1 34.21828549962433 104.25321473461376 3398.078 4.093 28.068326259753512 13713
270 150.8 29.444641246684373 25.853189142389596 3398.078 4.093 28.612436586014354 15044
280 159.6 28.736766917293213 24.526298708997363 3398.078 4.093 28.68825610198163 16552
290 169.5 31.125514454277315 27.72608774521027 3398.078 4.093 28.6925223165087 18148
300 175.6 32.15776252847375 44.626991660397174 3398.078 4.093 28.900349846293402 19843
310 197.3 31.276905220476394 29.21665562124556 3398.078 4.093 29.16517769341173 21599
320 220.9 38.089332729741955 61.512385727059126 3398.078 4.093 29.341931401662983 23572
330 243.3 38.76189601315249 35.83368374177897 3398.078 4.041 30.091437221209414 25781
340 269.5 52.76975473098321 63.12583039250396 3398.078 4.041 30.839123697455157 28214
350 276.9 72.85983279162146 98.57222363879679 3398.078 4.041 32.75128684202011 30909
360 286.5 80.49591937172765 113.15358361619943 3398.078 1.397 36.04900534473541 33678
370 282 175.5230021276599 261.630849602373 3398.078 0.402 39.53367843362611 36543
380 276.2 384.0346553222297 482.77756278676515 3398.078 0.362 49.2760733937962 39363
390 271.2 673.7323569321544 675.3193254824708 3616.91 0.362 71.22511086053409 42125
400 256.4 1153.6981532761315 1028.6626328033776 4634.073 0.362 107.66821926087833 44837
410 248.9 1582.123917235835 1284.348411900679 6068.886 0.348 164.2497418197929 47401
420 244.8 2213.1193014705805 1847.9000570907658 7722.4 0.348 234.9871405492082 49890
430 227.1 2692.006009687367 2044.373870208182 8204.752 0.338 327.510116779395 52338
440 223.7 3418.8346499776508 2556.0233098229223 10122.258 0.338 425.84134739694895 54609
450 236.8 4182.539434543917 2714.403401313312 10683.021 0.335 543.6214201878759 56846
460 216.9 5028.511397879209 2850.953293079754 11960.436 0.332 689.1437267031444 59214
470 182.8 5742.086515864331 3193.196244541441 14711.227 0.332 842.4775239887264 61383
480 207.5 7431.45545734939 5422.794324433853 18705.523 0.332 984.1694009903337 63211
490 270.1 6770.582496482783 4834.459115700358 21770.916 0.332 1189.0849811598193 65286
500 250.2 7125.630639088741 4540.332630128868 21770.916 0.313 1410.827737699854 67987
510 636.9 4379.705173025594 4744.539893215901 21770.916 0.313 1613.6740947098128 70489
520 399.1 1296.1909822099722 2283.3963318566953 21770.916 0.313 1842.8870840901402 76858
530 427.3 3852.906014275681 5500.957353509428 21770.916 0.313 1815.900180818563 80849
540 712.6 4121.516408925065 5823.870344268867 21770.916 0.313 1918.1548967129531 85122
550 690.2 2868.5333546798042 4317.4936486205615 34667.275 0.313 2088.3607996704536 92248
560 798.3 3093.308105348848 4305.692255155345 34667.275 0.313 2142.669937085225 99150
570 897.4 2955.222105638516 6416.665303997127 61019.56 0.313 2213.5066026994473 107133
581 829.1 2611.610409238947 3625.284880802618 61019.56 0.313 2270.8343686685553 116107
591 905.3 2286.9213552413603 3206.28898901337 61019.56 0.313 2293.5467446904295 124398
601 895 2102.8376328491345 2864.900301505733 61019.56 0.313 2293.097293950589 133451
611 948.8 1827.396309970489 2544.8106159902736 61019.56 0.313 2281.139344449827 142401
621 924.7 1263.1308779063445 2046.454374293309 61019.56 0.313 2252.795528168596 151889
630 947.1 587.9498518635854 1348.4388928179465 61019.56 0.313 2196.002328505113 161136
640 731.6 566.0195795516693 1472.024163924349 61019.56 0.313 2106.733629059768 170607
650 496.3 633.7558589562764 2481.8379923020757 61019.56 0.313 2043.381145197641 177923
660 462.1 884.2774851763663 4638.356421181554 61019.56 0.313 2005.1279694727857 182886
670 637 389.41886734693963 1319.2674439007765 61019.56 0.313 1977.5052669180343 187507
680 844.2 311.27225799573364 1133.2475900006693 61019.56 0.313 1925.3272862123918 193877
691 935 369.8846789304811 1137.7495494209134 61019.56 0.313 1857.978927688452 202319
701 923.1 639.1265945184725 4127.321966147423 61019.56 0.313 1792.2457252549968 211669
710 862.4 357.39195535714265 2203.0642179547367 61019.56 0.313 1744.0590222408327 220900
720 659 375.01608103186624 1288.616572840915 61019.56 0.313 1691.9572081176693 229524
730 455.2 576.7287306678387 1584.065099281639 61019.56 0.313 1655.2010563117813 236114
740 296.4 457.95108164642386 1432.555210359139 61019.56 0.313 1634.8026368161682 240666
750 203.6 277.57726866404744 1135.9382972083713 61019.56 0.313 1620.4850732586294 243630
760 122.6 376.2570391517128 1311.7834278209073 61019.56 0.313 1609.355489636335 245666
770 57.7 621.2027868284232 1643.6103399939793 61019.56 0.313 1603.2322507290633 246892
780 24 1631.6094833333332 8615.240508858986 61019.56 0.313 1600.942545753205 247469
790 10.3 8888.164728155334 21119.047516206814 61019.56 0.313 1600.972258299052 247709
