10 0.1 2447 0 2447 2447 0 0
20 0.1 833.0 0.0 2447 833 2447.0 1
30 0.1 648.0 0.0 2447 648 1640.0 2
40 0.1 851.0 0.0 2447 648 1309.3333333333333 3
50 0.1 983.0 0.0 2447 648 1194.75 4
60 0.1 835.0 0.0 2447 648 1152.4 5
70 0.1 953.0 0.0 2447 648 1099.5 6
80 0.1 1081.0 0.0 2447 648 1078.5714285714287 7
90 0.1 1255.0 0.0 2447 648 1078.875 8
100 0.1 1535.0 0.0 2447 648 1098.4444444444443 9
110 0.1 1698.0 0.0 2447 648 1142.1 10
120 0.1 1451.0 0.0 2447 648 1192.6363636363637 11
130 0.1 1566.0 0.0 2447 648 1214.1666666666667 12
140 0.1 1630.0 0.0 2447 648 1241.2307692307693 13
150 0.1 2143.0 0.0 2447 648 1269.0 14
160 0.1 2420.0 0.0 2447 648 1327.2666666666667 15
170 0.1 2418.0 0.0 2447 648 1395.5625 16
180 0.1 2214.0 0.0 2447 648 1455.7058823529412 17
190 0.1 2402.0 0.0 2447 648 1497.8333333333333 18
200 0.1 2870.0 0.0 2870 648 1545.421052631579 19
210 0.1 3162.0 0.0 3162 648 1611.65 20
220 0.1 3859.0 0.0 3859 648 1685.4761904761904 21
230 0.1 4209.0 0.0 4209 648 1784.2727272727273 22
240 0.1 4593.0 0.0 4593 648 1889.695652173913 23
250 0.1 4806.0 0.0 4806 648 2002.3333333333333 24
260 0.1 5065.0 0.0 5065 648 2114.48 25
270 0.1 5305.0 0.0 5305 648 2227.9615384615386 26
280 0.1 5705.0 0.0 5705 648 2341.925925925926 27
290 0.1 6292.0 0.0 6292 648 2462.035714285714 28
300 0.1 6477.0 0.0 6477 648 2594.103448275862 29
310 0.1 6929.0 0.0 6929 648 2723.5333333333333 30
320 0.1 7929.0 0.0 7929 648 2859.1935483870966 31
330 0.1 9045.0 0.0 9045 648 3017.625 32
340 0.1 9830.0 0.0 9830 648 3200.2727272727275 33
350 0.1 10395.0 0.0 10395 648 3395.264705882353 34
360 0.1 10965.0 0.0 10965 648 3595.2571428571428 35
370 0.1 11375.0 0.0 11375 648 3799.972222222222 36
380 0.1 11248.0 0.0 11375 648 4004.7027027027025 37
390 0.1 11403.0 0.0 11403 648 4195.315789473684 38
400 0.1 11160.0 0.0 11403 648 4380.128205128205 39
410 0.1 10832.0 0.0 11403 648 4549.625 40
420 0.1 10521.0 0.0 11403 648 4702.8536585365855 41
430 0.1 10680.0 0.0 11403 648 4841.380952380952 42
440 0.1 9868.0 0.0 11403 648 4977.162790697675 43
450 0.1 10173.0 0.0 11403 648 5088.318181818182 44
460 0.1 10228.0 0.0 11403 648 5201.311111111111 45
470 0.1 9812.0 0.0 11403 648 5310.586956521739 46
480 0.1 7769.0 0.0 11403 648 5406.36170212766 47
490 0.1 10064.0 0.0 11403 648 5455.583333333333 48
500 0.1 11463.0 0.0 11463 648 5549.632653061224 49
510 0.1 11311.0 0.0 11463 648 5667.9 50
520 0.1 22581.0 0.0 22581 648 5778.549019607844 51
530 0.1 19501.0 0.0 22581 648 6101.673076923077 52
540 0.1 20603.0 0.0 22581 648 6354.490566037736 53
550 0.1 28331.0 0.0 28331 648 6618.351851851852 54
560 0.1 29037.0 0.0 29037 648 7013.127272727273 55
570 0.1 35043.0 0.0 35043 648 7406.410714285715 56
581 0.1 37251.0 0.0 37251 648 7891.263157894737 57
591 0.1 40586.0 0.0 40586 648 8397.465517241379 58
601 0.1 41049.0 0.0 41049 648 8943.033898305084 59
611 0.1 40937.0 0.0 41049 648 9478.133333333333 60
621 0.1 40596.0 0.0 41049 648 9993.852459016394 61
630 0.1 42407.0 0.0 42407 648 10487.435483870968 62
640 0.1 43510.0 0.0 43510 648 10994.095238095239 63
650 0.1 25650.0 0.0 43510 648 11502.15625 64
660 0.1 18349.0 0.0 43510 648 11719.815384615385 65
670 0.1 21729.0 0.0 43510 648 11820.257575757576 66
680 0.1 30584.0 0.0 43510 648 11968.149253731342 67
691 0.1 39526.0 0.0 43510 648 12241.911764705883 68
701 0.1 47419.0 0.0 47419 648 12637.333333333334 69
710 0.1 42597.0 0.0 47419 648 13134.214285714286 70
720 0.1 29880.0 0.0 47419 648 13549.18309859155 71
730 0.1 19056.0 0.0 47419 648 13776.0 72
740 0.1 12596.0 0.0 47419 648 13848.328767123288 73
750 0.1 9815.0 0.0 47419 648 13831.405405405405 74
760 0.1 6126.0 0.0 47419 648 13777.853333333333 75
770 0.1 2883.0 0.0 47419 648 13677.171052631578 76
780 0.1 1177.0 0.0 47419 648 13536.987012987012 77
790 0.1 442.0 0.0 47419 442 13378.52564102564 78
