40 0.6 41359.731999999996 2223.0435788962104 45679.406 38874.656 0 0
50 1.5 46049.13879999999 4855.692886521487 56358.748 38874.656 41359.731999999996 6
60 0.4 43578.84775 6251.477060678234 56358.748 37167.0 44709.30828571428 21
70 0.5 52305.0788 9326.441662125968 64105.783 37167.0 44528.4346 25
80 0.8 50311.405875 8237.174691054428 64635.519 37167.0 45824.54196666667 30
90 1 46019.654299999995 5697.7148221708 64635.519 37167.0 46769.14489473684 38
100 0.9 53733.888777777785 13929.232675618936 85857.433 37167.0 46613.00102083333 48
110 1.3 50477.29307692307 14038.766288324226 96779.204 37167.0 47737.351719298254 57
120 2.1 45281.35138095239 5562.968015130955 96779.204 37167.0 48246.19797142858 70
130 0.9 55071.326888888885 10350.278129622126 96779.204 37167.0 47562.00260439561 91
140 1 45560.5359 5627.73366664032 96779.204 37167.0 48237.841790000006 100
150 1.3 51455.193846153845 12492.483469590985 96779.204 37167.0 47994.45034545455 110
160 1.6 49796.656624999996 11237.176195196187 96779.204 35000.37 48360.21998373984 123
170 2.8 46267.04832142857 8128.520866349592 96779.204 35000.37 48525.565208633096 139
180 2.1 47049.57100000001 6472.203437718977 96779.204 35000.37 48146.891718562874 167
190 1.5 51864.22906666667 11383.24410729426 96779.204 35000.37 48024.31865957447 188
200 1.9 51191.123526315794 9851.69358513883 96779.204 35000.37 48308.0558817734 203
210 1.8 47781.56227777778 8270.910721291739 96779.204 35000.37 48554.80491441441 222
220 2.9 46238.75086206897 10289.584805149269 96779.204 35000.37 48496.81171666666 240
230 2.9 46990.763551724136 8592.490351336855 96779.204 34823.438 48253.37764684015 269
240 3.7 47540.579675675675 6355.865823412154 96779.204 34823.438 48130.505805369125 298
250 4.3 48567.582999999984 7862.201966118297 96779.204 34823.438 48065.34978507463 335
260 4.2 50162.35869047619 9331.5866625133 96779.204 34823.438 48122.48213492064 378
270 4.1 49637.05658536583 8335.246181789054 96779.204 34823.438 48326.4697904762 420
280 4 49042.26185000002 10893.206195654193 96779.204 34823.438 48443.02957049892 461
290 5.6 50965.25464285714 9446.676437520695 96779.204 34823.438 48490.87246706587 501
300 4.8 48766.25599999999 8056.949834127799 96779.204 34823.438 48739.643385996416 557
310 5.6 48958.95955357142 11641.390742812146 101039.802 34488.882 48741.7548 605
320 5.8 51928.982034482746 13769.613444731585 105511.116 34488.882 48760.15641301059 661
330 6.8 49775.303955882366 8748.984269365803 105511.116 34488.882 49015.77795132128 719
340 6.5 49737.86244615386 10622.83141427049 105511.116 34488.882 49081.40408640407 787
350 9.3 48136.71452688173 9371.372044149211 105511.116 33552.255 49131.48600352113 852
360 7.9 50642.5016835443 9622.41408701281 105511.116 33552.255 49033.58785820107 945
370 9.3 51545.452096774236 9758.300772886016 105511.116 33552.255 49157.71304589845 1024
380 7.2 50164.80218055554 9185.226453732868 105511.116 33552.255 49356.5131638317 1117
390 6.9 55768.25427536233 11014.54254336555 105511.116 33552.255 49405.45917661901 1189
400 3.7 59172.73348648648 8926.267450720046 105511.116 33552.255 49754.45191255963 1258
410 4.9 65068.13991836736 10816.1237865712 105511.116 33552.255 50023.54567181468 1295
420 4.2 67005.10595238095 8103.112650529265 105511.116 33552.255 50572.04650372025 1344
430 3.5 74862.87442857143 8602.614969344957 105511.116 33552.255 51070.018002164514 1386
440 4 83316.32234999999 9811.928639830567 105511.116 33552.255 51656.048948627744 1421
450 3.1 90199.58300000001 8254.763543905954 106028.784 33552.255 52522.85999315538 1461
460 2.6 99816.76515384614 8326.320688611579 127952.237 33552.255 53305.68734785524 1492
470 2 104790.35785 5631.733380441843 127952.237 33552.255 54102.3197740448 1518
480 1.9 115097.33436842104 9770.46266517087 146950.513 33552.255 54761.46201170352 1538
490 1.9 124222.29721052633 19937.59285396934 170637.136 33552.255 55497.737910725766 1557
500 2.5 128895.27724 15607.266410453385 170637.136 33552.255 56326.27003426397 1576
510 7.1 141529.84746478868 13518.659113104059 185962.751 33552.255 57459.45253279201 1601
520 1.3 143351.05230769233 15177.08123143277 185962.751 33552.255 61029.42743720097 1672
530 3.1 151041.79216129033 11571.573856782918 190492.413 33552.255 61664.549765578646 1685
540 3.7 159595.04900000003 16001.126768471511 217136.323 33552.255 63279.17360839162 1716
550 9.5 167123.82196842114 18104.746748938356 217136.323 33552.255 65312.08141756989 1753
560 8.6 164474.0099651163 19344.054526989665 217136.323 33552.255 70545.91007142859 1848
570 17.8 171002.06447752815 20647.879094635806 226357.57 33552.255 74722.65081127199 1934
581 16.8 169219.38103571424 22244.273945313253 265063.833 33552.255 82837.10897064395 2112
591 24.4 164332.756922131 27656.01454982743 265063.833 33552.255 89202.11849122809 2280
601 33.1 153723.14698187314 28083.964985221548 265063.833 33552.255 96465.1437595087 2524
611 46.9 152112.63017057575 28343.98443878981 265063.833 33552.255 103103.46217162872 2855
621 61 145561.7736491803 25509.14755227222 265063.833 33552.255 110018.41397412756 3324
630 55.4 133790.4120703969 28719.640037654506 265063.833 33552.255 115529.7127544484 3934
640 59.9 110664.00579799672 23358.436717130815 265063.833 33552.255 117783.81868605167 4488
650 52.7 99778.58992220115 23394.865603428065 265063.833 33552.255 116945.4526707293 5087
660 27.2 89329.02393382348 34616.47896471083 265063.833 33552.255 115333.9570048094 5614
670 14.4 79818.63001388888 42107.31085230195 265063.833 33552.255 114132.2339678899 5886
680 7 60741.903757142834 11691.472619057868 265063.833 33552.255 113312.80461973466 6030
691 10.5 54400.14582857142 7665.033118283656 265063.833 33552.255 112709.53198688525 6100
701 28.4 63595.20214084507 24042.78126911033 265063.833 33552.255 111722.83004544723 6205
710 31.1 66966.19888424431 27053.84264519234 265063.833 33552.255 109616.45828941285 6489
720 39.1 62689.60742966756 9099.74903219739 265063.833 33552.255 107665.83613132352 6800
730 40.4 62923.84780940593 8942.676407925423 265063.833 33552.255 105220.3201499096 7191
740 28.1 69738.48909608535 13598.660720339043 265063.833 33552.255 102970.4485468071 7595
750 11.6 71215.0573362069 18550.002913920962 265063.833 33552.255 101784.79839372777 7876
760 10.6 61482.42411320754 15960.943397463783 265063.833 33552.255 101341.09344344343 7992
770 8.3 62213.78451807228 14516.532108391059 265063.833 33552.255 100819.35734205975 8098
780 5.4 72983.03603703705 17684.77093541252 265063.833 33552.255 100427.68608617528 8181
790 2.1 105618.88995238094 24263.619882133127 265063.833 33552.255 100247.72116782027 8235
