0 185.81640625 185.81640625
10 511.97109375 697.7875
20 922.65625 1620.44375
30 1391.99609375 3012.43984375
40 1410.6390625 4423.07890625
50 1196.52734375 5619.60625
60 1333.68125 6953.2875
70 1476.246875 8429.534375
80 1851.2015625 10280.7359375
90 2361.65546875 12642.39140625
100 2347.7421875 14990.13359375
110 2112.12109375 17102.2546875
120 2080.67890625 19182.93359375
130 2393.1859375 21576.11953125
140 3065.82265625 24641.9421875
150 3428.65234375 28070.59453125
160 3589.31875 31659.91328125
170 3359.63671875 35019.55
180 3214.196875 38233.746875
190 4116.32578125 42350.07265625
200 4362.63359375 46712.70625
210 5427.20234375 52139.90859375
220 6135.76484375 58275.6734375
230 6520.153125 64795.8265625
240 7157.15703125 71952.98359375
250 7053.33125 79006.31484375
260 7568.97734375 86575.2921875
270 8607.64375 95182.9359375
280 9054.81640625 104237.75234375
290 9740.03046875 113977.7828125
300 9990.31015625 123968.09296875
310 11466.64375 135434.73671875
320 12681.05859375 148115.7953125
330 14003.6078125 162119.403125
340 15403.9359375 177523.3390625
350 15449.35625 192972.6953125
360 16625.184375 209597.8796875
370 15646.1484375 225244.028125
380 15667.16328125 240911.19140625
390 15407.659375 256318.85078125
400 14538.49921875 270857.35
410 14027.06640625 284884.41640625
420 14276.21484375 299160.63125
430 12890.88046875 312051.51171875
440 13310.54609375 325362.0578125
450 13581.6765625 338943.734375
460 12820.02734375 351763.76171875
470 10278.57265625 362042.334375
480 7964.42109375 370006.75546875
490 13737.68515625 383744.440625
500 12494.971875 396239.4125
510 15372.26328125 411611.67578125
520 3788.9609375 415400.63671875
530 5621.025 421021.66171875
540 10920.2265625 431941.88828125
550 9481.7328125 441423.62109375
560 13561.80234375 454985.4234375
570 12861.21640625 467846.63984375
581 14208.646875 482055.28671875
591 16341.48359375 498396.7703125
601 17509.03046875 515905.80078125
611 20290.584375 536196.38515625
621 20590.959375 556787.34453125
630 20319.20546875 577106.55
640 17455.6203125 594562.1703125
650 14327.89296875 608890.06328125
660 13435.50390625 622325.5671875
670 18134.78828125 640460.35546875
680 20819.0859375 661279.44140625
691 21048.88046875 682328.321875
701 20598.53828125 702926.86015625
710 19875.20859375 722802.06875
720 14572.32109375 737374.38984375
730 8979.703125 746354.09296875
740 6226.015625 752580.10859375
750 4421.5203125 757001.62890625
760 2376.475 759378.10390625
770 1163.7140625 760541.81796875
780 408.3875 760950.20546875
790 175.72578125 761125.93125
