0 5.7 5.7
10 38.14375 43.84375
20 95.08984375 138.93359375
30 145.25234375 284.1859375
40 144.6078125 428.79375
50 137.94375 566.7375
60 132.09375 698.83125
70 155.93984375 854.77109375
80 192.40703125 1047.178125
90 256.18671875 1303.36484375
100 255.740625 1559.10546875
110 233.0796875 1792.18515625
120 228.12890625 2020.3140625
130 239.1359375 2259.45
140 337.18203125 2596.63203125
150 371.27734375 2967.909375
160 396.34296875 3364.25234375
170 375.41953125 3739.671875
180 338.05703125 4077.72890625
190 424.2140625 4501.94296875
200 457.6203125 4959.56328125
210 567.4296875 5526.99296875
220 660.56328125 6187.55625
230 701.4734375 6889.0296875
240 772.721875 7661.7515625
250 759.95625 8421.7078125
260 824.75390625 9246.46171875
270 926.12890625 10172.590625
280 989.5796875 11162.1703125
290 1041.51328125 12203.68359375
300 1085.83515625 13289.51875
310 1200.1109375 14489.6296875
320 1365.77734375 15855.40703125
330 1505.2234375 17360.63046875
340 1659.31875 19019.94921875
350 1735.9640625 20755.91328125
360 1730.69453125 22486.6078125
370 1765.24453125 24251.85234375
380 1734.42109375 25986.2734375
390 1667.7015625 27653.975
400 1594.19140625 29248.16640625
410 1576.1875 30824.35390625
420 1510.240625 32334.59453125
430 1458.02265625 33792.6171875
440 1430.77890625 35223.39609375
450 1477.44296875 36700.8390625
460 1382.63046875 38083.46953125
470 1268.64453125 39352.1140625
480 1044.6859375 40396.8
490 1595.9 41992.7
500 1411.91328125 43404.61328125
510 2153.68359375 45558.296875
520 2813.684375 48371.98125
530 1657.5203125 50029.5015625
540 2829.74609375 52859.24765625
550 2732.53828125 55591.7859375
560 3259.94921875 58851.73515625
570 3548.9703125 62400.70546875
581 3289.59140625 65690.296875
591 3557.76015625 69248.05703125
601 3591.15625 72839.21328125
611 3800.52578125 76639.7390625
621 3552.521875 80192.2609375
630 3847.71171875 84039.97265625
640 3126.1015625 87166.07421875
650 2150.9953125 89317.06953125
660 1964.0125 91281.08203125
670 2593.82109375 93874.903125
680 3455.43125 97330.334375
691 3833.91875 101164.253125
701 3698.77265625 104863.02578125
710 3492.19296875 108355.21875
720 2806.990625 111162.209375
730 1947.26328125 113109.47265625
740 1255.59375 114365.06640625
750 841.5890625 115206.65546875
760 530.46015625 115737.115625
770 251.725 115988.840625
780 110.75703125 116099.59765625
790 42.6140625 116142.21171875
