0 14 14
10 26 26
20 33 33
30 39 39
40 42 43
50 35 43
60 45 45
70 56 57
80 62 64
90 60 64
100 66 69
110 65 69
120 69 70
130 84 85
140 92 99
150 100 100
160 100 105
170 90 105
180 102 105
190 134 134
200 155 155
210 179 183
220 197 197
230 199 204
240 220 223
250 234 234
260 241 242
270 262 265
280 287 288
290 295 306
300 330 331
310 377 378
320 407 410
330 431 432
340 472 474
350 479 483
360 558 560
370 593 605
380 685 686
390 776 776
400 899 899
410 992 992
420 1163 1163
430 1297 1297
440 1474 1474
450 1648 1648
460 1830 1830
470 1988 1988
480 2226 2226
490 2468 2468
500 2670 2671
510 2787 2820
520 2985 2985
530 3177 3178
540 3369 3369
550 3570 3571
560 3673 3673
570 3665 3690
581 3589 3690
591 3422 3690
601 3169 3690
611 2776 3690
621 2220 3690
630 1718 3690
640 1427 3690
650 1311 3690
660 1474 3690
670 1757 3690
680 1883 3690
691 1832 3690
701 1598 3690
710 1400 3690
720 1074 3690
730 670 3690
740 389 3690
750 273 3690
760 167 3690
770 84 3690
780 30 3690
790 9 3690
