0 1.4 14
10 1.2 26
20 0.7 33
30 0.6 39
40 0.9 48
50 0.8 56
60 1.4 70
70 1.6 86
80 1.4 100
90 0.8 108
100 1.5 123
110 1.2 135
120 2.5 160
130 2.4 184
140 1.8 202
150 2.1 223
160 1.6 239
170 1.8 257
180 3.3 290
190 4.7 337
200 4 377
210 4.2 419
220 4.7 466
230 3.1 497
240 5.8 555
250 5.7 612
260 4.9 661
270 6.2 723
280 6.5 788
290 6.4 852
300 8.3 935
310 10.3 1038
320 8.8 1126
330 9.2 1218
340 10.6 1324
350 10 1424
360 15.8 1582
370 12.8 1710
380 16.4 1874
390 16 2034
400 16 2194
410 14.2 2336
420 21.3 2549
430 16.9 2718
440 21.7 2935
450 20.5 3140
460 20.8 3348
470 17.8 3526
480 25.7 3783
490 26.1 4044
500 22.7 4271
510 18.8 4459
520 21.1 4670
530 22.3 4893
540 22.9 5122
550 29.6 5418
560 18.9 5607
570 17 5777
581 9.2 5869
591 7.7 5946
601 7.8 6024
611 7.6 6100
621 5.4 6154
630 5.2 6206
640 30.8 6514
650 41.1 6925
660 43.5 7360
670 42.7 7787
680 19.6 7983
691 5.4 8037
701 5 8087
710 11.3 8200
720 6.5 8265
730 0 8265
740 0 8265
750 0 8265
760 0 8265
770 0 8265
780 0 8265
790 0 8265
