0 1.5 1.9388666666666667 2.725417909646559 12.11 0.962 0 0
10 0.8 1.4516250000000002 0.45858285442763785 12.11 0.962 1.9388666666666667 15
20 1.5 1.2565333333333335 0.3604920464525613 12.11 0.933 1.7693913043478262 23
30 2.3 1.2340434782608696 0.2198108827983668 12.11 0.909 1.5669473684210529 38
40 6.4 1.2285156250000004 0.25150273309818993 12.11 0.865 1.4414262295081968 61
50 6.7 1.4023134328358204 0.8972824678622625 12.11 0.771 1.3324160000000003 125
60 10.3 1.5408349514563107 1.6483291869894519 12.11 0.754 1.3568072916666667 192
70 11.5 1.232 0.9358001180110874 12.11 0.726 1.4210610169491524 295
80 11.8 1.491194915254237 1.1640280098737985 12.11 0.726 1.3680317073170731 410
90 9.9 1.9532626262626256 1.6950557726640112 12.11 0.714 1.3955568181818183 528
100 7.9 2.2062784810126583 2.064559504534752 12.11 0.714 1.483615629984051 627
110 7.8 1.3846666666666663 1.1253726752145967 12.11 0.714 1.5644801699716713 706
120 10 1.3094499999999996 0.9918885055791302 12.11 0.714 1.5465905612244895 784
130 13.4 1.1879253731343282 0.8014453978744369 12.11 0.663 1.5197647058823527 884
140 9.2 1.496695652173913 2.347472186894227 18.299 0.663 1.4760844793713161 1018
150 21.7 1.1370230414746538 0.716395910688761 18.299 0.553 1.4777927927927925 1110
160 31.1 1.0615627009646296 0.741384371471044 18.299 0.553 1.422067822155237 1327
170 45.3 2.1074105960264875 2.191150406782151 18.299 0.553 1.353620268620268 1638
180 54.1 1.6446709796672836 1.596202213778826 18.299 0.553 1.5169234815877561 2091
190 65.9 1.1734871016691961 0.750102087781813 18.299 0.47 1.5431816109422485 2632
200 63.2 1.1230237341772138 1.0429495514365743 18.299 0.47 1.4691528410817376 3291
210 59.8 1.0804531772575234 0.8110912198212827 18.299 0.47 1.413391027275044 3923
220 43.6 1.5286903669724772 1.484187757972818 18.299 0.47 1.3693527980535272 4521
230 28 1.782307142857144 1.6732176504158882 18.299 0.47 1.3833675610248126 4957
240 13.9 1.8557841726618702 1.7443075134906683 18.299 0.47 1.4046971548596519 5237
250 12.4 1.9370161290322567 1.7037486514981566 18.299 0.47 1.416360305059523 5376
260 8 1.051625 0.24644159424699397 18.299 0.47 1.4280987272727264 5500
270 6 1.1082333333333338 0.2528919641972745 18.299 0.47 1.422701254480286 5580
280 2.7 1.2294814814814812 0.2886791593871506 18.299 0.47 1.4193558510638289 5640
290 1.8 1.4624444444444444 0.9141080790841494 18.299 0.47 1.4184512087524255 5667
300 0.3 1.7616666666666667 0.5235560035840378 18.299 0.47 1.4185905013192603 5685
310 0.4 3.83825 4.537652001586284 18.299 0.47 1.418771448663853 5688
318 0 0 0 18.299 0.47 1.4204717146872796 5692
