0 2.2 10.288909090909087 2.8648606329594783 20.046 7.981 0 0
10 1.9 918.2482105263158 2053.284907340394 5961.178 7.981 10.288909090909087 22
20 3.9 1765.7495128205128 3246.4160096588553 10348.386 7.981 431.0505365853659 41
30 5.2 3318.6746923076917 4103.003627864196 13331.8 1.44 1081.7162875 80
40 10.8 2205.6154907407404 3985.0923781052675 14993.2 1.364 1962.9423257575754 132
50 9 2150.2806777777773 3924.159541494066 14993.2 1.274 2072.1452499999996 240
60 14.6 2484.442801369863 3875.863528660731 16526.642 1.199 2093.4549121212117 330
70 17.5 1800.5633599999992 3442.2135266895198 17286.472 1.168 2213.3797689075627 476
80 15.5 2231.537038709678 3719.8053817399373 17286.472 1.168 2102.407615975422 651
90 12.2 3507.6054754098377 3787.9760220832313 17307.158 1.168 2127.240197270471 806
100 20.4 4977.632303921569 4760.267223226332 19585.282 1.168 2308.710632543103 928
110 13.4 6706.653582089552 5327.6382077375165 22285.98 1.168 2789.6823825088336 1132
120 9.1 7237.120076923076 6689.314897723632 22784.318 1.149 3204.2749107424956 1266
130 21.3 5948.5938967136135 5577.883520924301 24775.491 1.046 3474.7162593957255 1357
140 17.6 7851.803079545446 8222.539322813522 26296.308 0.96 3810.344244585987 1570
150 32.7 3926.2107522935785 5872.565841893331 29142.164 0.896 4217.730702176402 1746
160 43 2894.553867441861 6679.187741405117 29142.164 0.896 4171.745644958995 2073
170 57 3297.00881403509 6326.566139274201 31330.425 0.838 3952.331955653215 2503
180 68.7 1837.4751703056752 5170.569333193986 34176.377 0.838 3830.778362837618 3073
190 77.4 3013.3984638242855 6494.010002338947 34818.698 0.838 3466.5764231382977 3760
200 70.3 1750.03752347084 4381.67930957907 34818.698 0.838 3389.214327745919 4534
210 66.9 2681.1711240657696 4830.790885934848 35898.336 0.838 3169.175890968111 5237
220 64.3 2469.814278382581 4159.390973389295 35898.336 0.838 3113.8973286488317 5906
230 26.3 3063.9410342205297 4218.589995820246 35898.336 0.838 3050.659368453199 6549
240 23.9 5613.084610878667 5185.888898610975 35898.336 0.838 3051.1721514973574 6812
250 18.3 3841.2255409836043 4952.192176480014 35898.336 0.838 3138.0104833356972 7051
260 18.4 3154.1450652173903 4515.387321932378 35898.336 0.838 3155.799860658004 7234
270 10.3 3249.0554466019416 4232.663570833257 35898.336 0.838 3155.7588142356435 7418
280 8.1 4024.6595185185197 3638.235838607414 35898.336 0.838 3157.0365104374423 7521
290 5.6 2704.5191964285723 3720.58614458549 35898.336 0.838 3166.2811123388587 7602
300 2.2 4215.758363636364 3605.7086132115746 35898.336 0.838 3162.9044255680337 7658
310 4.6 1429.0979565217392 2911.484363762252 35898.336 0.838 3165.9204134114584 7680
318 0.7 24.607857142857142 18.736266051458077 35898.336 0.838 3155.5795082837176 7726
