0 2.2 10.288909090909087 2.8648606329594783 20.046 7.981 0 0
10 2.8 740.259392857143 1690.8656294906707 5866.76 7.981 10.288909090909087 22
20 4.9 1682.7166530612249 2621.687280893439 9415.432 7.981 419.07238000000007 50
30 7.8 2357.7079999999983 3026.588745404677 12439.581 0.352 1044.5124747474752 99
40 17.2 1503.2921395348837 2557.0440639502117 12441.137 0.352 1623.208807909604 177
50 14.7 1438.7764557823118 2458.3548097010607 12441.137 0.321 1564.109475644699 349
60 21.5 1489.7225581395332 2480.2326865404348 12747.938 0.321 1526.964407258064 496
70 28.8 1340.1237708333335 2196.427218296335 12747.938 0.321 1515.702807313642 711
80 22.8 1546.9223991228062 2275.563342608811 12747.938 0.321 1465.0854274274272 999
90 20.1 2730.2911442786076 2616.9942179971204 12747.938 0.321 1480.2922974735122 1227
100 30.1 3418.8076212624583 3471.7314672959637 15328.72 0.311 1656.237513305322 1428
110 21.1 4563.37855450237 3585.7743029611447 17207.613 0.311 1963.0817021399653 1729
120 12.1 4098.633520661158 3840.9765712025805 17409.107 0.311 2245.8974938144333 1940
130 32.2 5162.64053416149 4877.159598746481 17831.526 0.311 2354.6704483260555 2061
140 23.8 4209.276907563024 4937.984952163968 22463.514 0.311 2734.094018464121 2383
150 49.7 2948.993382293764 4046.591526124349 22463.514 0.311 2868.0480541777947 2621
160 64.6 1648.7496950464383 4411.698702924885 22463.514 0.311 2880.950500641437 3118
170 87 2485.8033091954026 5376.840614150721 27084.608 0.311 2669.4728916046756 3764
180 109.4 1127.9487102376597 3086.178131355032 27084.608 0.3 2634.990255287009 4634
190 124.5 1779.1922369477923 4361.120767970817 27084.608 0.3 2347.1579490223467 5728
200 110.5 1104.6487285067858 2946.988114596659 27084.608 0.3 2245.7500454610645 6973
210 105.3 1689.4890066476717 3057.4044689259804 27084.608 0.3 2089.657330032186 8078
220 96.8 1440.6429369834705 2650.322865091528 27084.608 0.3 2043.5093457452633 9131
230 40.4 2269.707034653463 2945.956312797021 27084.608 0.3 1985.7239527676004 10099
240 33.3 3552.530345345344 3998.60988224949 27084.608 0.3 1996.6474189279247 10503
250 26.8 2690.195884328358 3517.24165896109 27084.608 0.3 2044.4610968992242 10836
260 27 2296.3357703703714 2803.808042060751 27084.608 0.3 2060.046194434438 11104
270 13.6 1960.2757794117647 2646.234861900741 27084.608 0.3 2065.655319236856 11374
280 12.2 2715.844491803277 2576.142853388593 27084.608 0.3 2064.410174370113 11510
290 7.5 1839.9805466666658 2675.08881368161 27084.608 0.3 2071.242618208391 11632
300 3.1 2884.408516129032 2709.4852808196815 27084.608 0.3 2069.7610554369185 11707
310 5.7 1037.5638771929819 2334.6100315871386 27084.608 0.3 2071.9125353552568 11738
318 0.8 21.509999999999998 7.902864006168902 27084.608 0.3 2066.913987367529 11795
