60 0.3 46350.69533333334 948.1437054456583 47691.032 45647.543 0 0
70 0.2 49152.388 3530.576000000001 52682.964 45621.812 46350.69533333334 3
80 0.2 61267.9405 2288.8274999999994 63556.768 45621.812 47471.37240000001 5
90 0.1 63774.42 0.0 63774.42 45621.812 51413.249 7
100 0.6 81572.92716666666 12217.542637882929 100557.528 45621.812 52958.395375 8
110 0.4 115051.1665 1856.267092207034 117354.494 45621.812 65221.766142857145 14
120 0.5 107754.9404 16331.566987118385 126300.424 45621.812 76294.96622222223 18
130 0.5 109855.89100000002 23452.40638924122 131590.872 45621.812 83134.09104347826 23
140 0.2 130050.8995 10795.69149999999 140846.591 45621.812 87905.84103571427 28
150 0.4 109609.7415 25318.50001710799 140846.591 45621.812 90715.5116 30
160 0.8 138252.56499999994 11402.316539308516 159620.88 45621.812 92938.36217647057 34
170 1.3 135547.37046153846 27768.655072308327 170693.091 45621.812 101569.63890476187 42
180 1.9 110639.67263157896 25211.220142900558 170693.091 45621.812 109600.73909090906 55
190 1.9 111039.52436842107 33463.44726628022 170693.091 45621.812 109867.49229729729 74
200 3.5 106859.99017142858 29690.941044659347 170693.091 45621.812 110106.9397096774 93
210 3.9 100906.98069230771 34915.58418300906 179926.136 45621.812 109219.10194531249 128
220 5.7 83074.80545614036 25182.765426201964 179926.136 45621.812 107277.94788023952 167
230 2.7 87678.03803703704 24683.067624350435 179926.136 45621.812 101119.11253125001 224
240 4.1 104092.68914634146 28883.5900224604 180399.375 45621.812 99673.25989641434 251
250 3 97476.53226666668 22868.48267078711 180399.375 45621.812 100293.79619520548 292
260 2.6 108394.12307692306 32892.319980780245 202673.704 45621.812 100031.318189441 322
270 1.8 136504.91183333332 27989.337230158297 202673.704 45621.812 100656.12545114942 348
280 1.3 135607.89038461543 22196.09000739529 202673.704 45621.812 102419.18051912569 366
290 1 138295.7992 13303.738003694652 202673.704 45621.812 103557.57953825858 379
300 0.7 162302.03285714283 15977.355290840671 202673.704 45621.812 104450.59289717225 389
310 0.7 158050.8347142857 14629.666866441125 202673.704 45621.812 105473.21936111111 396
318 0.4 150588.16650000002 11720.803791426815 202673.704 45621.812 106386.4781885856 403
