0 5.5390625 5.5390625
10 18.7421875 24.28125
20 32.37109375 56.65234375
30 36.384375 93.03671875
40 73.9578125 166.99453125
50 79.7515625 246.74609375
60 85.80390625 332.55
70 118.20546875 450.75546875
80 122.709375 573.46484375
90 107.71328125 681.178125
100 112.940625 794.11875
110 110.084375 904.203125
120 94.74609375 998.94921875
130 128.4703125 1127.41953125
140 115.515625 1242.93515625
150 209.96875 1452.90390625
160 250.39609375 1703.3
170 327.11328125 2030.41328125
180 422.75 2453.16328125
190 468.7390625 2921.90234375
200 425.65078125 3347.553125
210 408.49609375 3756.04921875
220 326.64765625 4082.696875
230 220.1171875 4302.8140625
240 121.65546875 4424.46953125
250 122.16015625 4546.6296875
260 109.0046875 4655.634375
270 70.63125 4726.265625
280 46.303125 4772.56875
290 45.18671875 4817.75546875
300 18.51875 4836.27421875
310 29.99296875 4866.2671875
318 5.98515625 4872.25234375
