0 198.9828125 198.9828125
10 190.29921875 389.28203125
20 391.99609375 781.278125
30 328.64921875 1109.92734375
40 553.83515625 1663.7625
50 349.7109375 2013.4734375
60 583.725 2597.1984375
70 738.440625 3335.6390625
80 581.89375 3917.5328125
90 454.74375 4372.2765625
100 796.4515625 5168.728125
110 617.54453125 5786.27265625
120 249.0125 6035.28515625
130 892.34453125 6927.6296875
140 567.065625 7494.6953125
150 888.56875 8383.2640625
160 516.98984375 8900.25390625
170 918.44140625 9818.6953125
180 784.47109375 10603.16640625
190 1144.6296875 11747.79609375
200 978.41640625 12726.2125
210 1547.6625 14273.875
220 1202.60625 15476.48125
230 1067.109375 16543.590625
240 570.6140625 17114.2046875
250 500.9140625 17615.11875
260 551.12265625 18166.24140625
270 290.9609375 18457.20234375
280 360.665625 18817.86796875
290 230.28984375 19048.1578125
300 149.30546875 19197.46328125
310 277.28203125 19474.7453125
318 15.8296875 19490.575
