0 0.7 7
10 2.7 34
20 4.3 77
30 7.1 148
40 11.1 259
50 12.2 381
60 14.4 525
70 16.5 690
80 18.7 877
90 20.4 1081
100 22.2 1303
110 18.7 1490
120 19 1680
130 20.9 1889
140 24.2 2131
150 25.5 2386
160 26.4 2650
170 20.9 2859
180 25.3 3112
190 30.2 3414
200 35.7 3771
210 45.8 4229
220 49.6 4725
230 48.5 5210
240 46.7 5677
250 50.3 6180
260 61.2 6792
270 69 7482
280 77.7 8259
290 84.5 9104
300 85.8 9962
310 90.2 10864
320 101.8 11882
330 111.3 12995
340 112.5 14120
350 111 15230
360 110.3 16333
370 110.9 17442
380 107.4 18516
390 105.9 19575
400 110.4 20679
410 100.7 21686
420 104.2 22728
430 111.2 23840
440 102 24860
450 105.7 25917
460 104.3 26960
470 102.8 27988
480 93.1 28919
490 100.7 29926
500 103.9 30965
510 100.6 31971
520 100.2 32973
530 102 33993
540 97.2 34965
550 99.1 35956
560 88.9 36845
570 108.4 37929
580 100.6 38935
590 104.5 39980
600 93.2 40912
610 101.4 41926
620 99.8 42924
630 104.3 43967
640 109.9 45066
650 99.4 46060
660 100.8 47068
670 101.9 48087
680 101.5 49102
690 103 50132
700 97.7 51109
710 98.3 52092
720 81.1 52903
730 77.4 53677
740 78.7 54464
750 72 55184
760 66.1 55845
770 51.5 56360
780 18.7 56547
790 6.3 56610
800 3.1 56641
810 0.8 56649
814 0 56649
