10 0.3 3
20 4.2 45
30 8.1 126
40 12.1 247
50 13.6 383
60 14.9 532
70 16.6 698
80 22.3 921
90 24.2 1163
100 25.9 1422
110 22.6 1648
120 19 1838
130 21.9 2057
140 29 2347
150 30.4 2651
160 28.6 2937
170 24 3177
180 26.1 3438
190 29.4 3732
200 38 4112
210 55.1 4663
220 59.6 5259
230 53.5 5794
240 50.4 6298
250 50.6 6804
260 64.4 7448
270 78.6 8234
280 90.3 9137
290 96.2 10099
300 96.6 11065
310 98 12045
320 105.9 13104
330 123.7 14341
340 131.3 15654
350 122.8 16882
360 115.3 18035
370 107.2 19107
380 93.2 20039
390 92.5 20964
400 87.7 21841
410 80.8 22649
420 77.2 23421
430 79.4 24215
440 76.3 24978
450 73.2 25710
460 72.5 26435
470 72.4 27159
480 60.7 27766
490 59.3 28359
500 66.9 29028
510 64.1 29669
520 66.9 30338
530 63.2 30970
540 58.2 31552
550 58.5 32137
560 48.6 32623
570 61.5 33238
580 59.7 33835
590 61.8 34453
600 55.1 35004
610 52.2 35526
620 52.2 36048
630 53 36578
640 59.4 37172
650 53.1 37703
660 55.2 38255
670 52.1 38776
680 53.2 39308
690 57.7 39885
700 50.3 40388
710 53.3 40921
720 46.1 41382
730 49.1 41873
740 47.8 42351
750 48.5 42836
760 54.6 43382
770 53.3 43915
780 21.6 44131
790 8.9 44220
800 3.4 44254
810 0.8 44262
814 0 44262
