350 0.3 3
360 10.8 111
370 30.8 419
380 64.2 1061
390 93.3 1994
400 124.6 3240
410 142.5 4665
420 164.3 6308
430 170.1 8009
440 185.5 9864
450 200.1 11865
460 201.8 13883
470 205 15933
480 217.8 18111
490 209 20201
500 233.2 22533
510 239.8 24931
520 260.2 27533
530 288.5 30418
540 282.8 33246
550 279.8 36044
560 287.6 38920
570 325.4 42174
580 371.5 45889
590 364 49529
600 350.7 53036
610 361.2 56648
620 368.2 60330
630 364.5 63975
640 441.8 68393
650 411.2 72505
660 427.9 76784
670 420.1 80985
680 429.2 85277
690 439.3 89670
700 424.1 93911
710 434.9 98260
720 399.8 102258
730 413.1 106389
740 331.4 109703
750 212 111823
760 73.8 112561
770 19.7 112758
780 4 112798
790 0 112798
800 0 112798
810 0 112798
814 0 112798
