360 2.9 29
370 6.3 92
380 13 222
390 19.1 413
400 24.8 661
410 30.2 963
420 33.8 1301
430 35.4 1655
440 35.1 2006
450 43.4 2440
460 39.2 2832
470 40 3232
480 39.9 3631
490 41.7 4048
500 46.3 4511
510 40.4 4915
520 46.2 5377
530 44.1 5818
540 49.8 6316
550 46.5 6781
560 44.7 7228
570 57.6 7804
580 54.8 8352
590 66.1 9013
600 63.9 9652
610 56.6 10218
620 54.2 10760
630 56.5 11325
640 65.6 11981
650 63.6 12617
660 71.6 13333
670 66.6 13999
680 66.1 14660
690 71.4 15374
700 66.2 16036
710 68.1 16717
720 57.1 17288
730 62 17908
740 64.3 18551
750 54.5 19096
760 36.7 19463
770 19.1 19654
780 4.3 19697
790 0.7 19704
800 0 19704
810 0 19704
814 0 19704
