390 0.9 9
400 1.5 24
410 2.1 45
420 5 95
430 5.9 154
440 7.4 228
450 6.9 297
460 8.3 380
470 8.9 469
480 7.6 545
490 9.4 639
500 10.2 741
510 11.6 857
520 9.6 953
530 8.3 1036
540 13.2 1168
550 11.2 1280
560 10.5 1385
570 8.6 1471
580 10.7 1578
590 15.2 1730
600 14.6 1876
610 15.9 2035
620 13.2 2167
630 12.9 2296
640 14.8 2444
650 14.5 2589
660 18.6 2775
670 14.3 2918
680 16.1 3079
690 17 3249
700 17.2 3421
710 15.6 3577
720 15.9 3736
730 16 3896
740 17.8 4074
750 21.7 4291
760 28.6 4577
770 15.7 4734
780 3.2 4766
790 0.6 4772
800 0 4772
810 0 4772
814 0 4772
