350 0.8 8
360 10.1 109
370 25.4 363
380 50.3 866
390 66 1526
400 78.9 2315
410 93.5 3250
420 110.9 4359
430 108.2 5441
440 124.2 6683
450 124.9 7932
460 131.2 9244
470 134.3 10587
480 151.3 12100
490 128.7 13387
500 149.2 14879
510 168.8 16567
520 177.4 18341
530 199 20331
540 198.2 22313
550 206.6 24379
560 214.9 26528
570 213.1 28659
580 255.2 31211
590 247.4 33685
600 235.5 36040
610 269.3 38733
620 269.4 41427
630 268 44107
640 304.9 47156
650 287.8 50034
660 305.7 53091
670 314.9 56240
680 312.7 59367
690 302.6 62393
700 288.6 65279
710 324.6 68525
720 284.9 71374
730 265.2 74026
740 190 75926
750 107.5 77001
760 17.4 77175
770 0 77175
780 0 77175
790 0 77175
800 0 77175
810 0 77175
814 0 77175
