0 0.6 2.4868333333333332 2.9536001995681285 9.088 0.967 0 0
10 1.5 1.2183333333333333 0.10934024368405665 9.088 0.967 2.4868333333333332 6
20 0.4 1.27125 0.06308476440472771 9.088 0.967 1.5807619047619046 21
30 1.2 1.1465000000000003 0.06148780366869514 9.088 0.967 1.53124 25
40 1.1 1.1349090909090906 0.044473596958715576 9.088 0.967 1.4064594594594595 37
50 0.5 1.1058000000000001 0.09794978305233766 9.088 0.961 1.3442291666666666 48
60 2 3.5323000000000007 5.991714705324346 24.526 0.955 1.3217358490566036 53
70 1.6 1.1573125 0.2724916784853255 24.526 0.909 1.9273698630136988 73
80 1.7 1.2627058823529411 0.29983382941141845 24.526 0.83 1.788932584269663 89
90 1.5 1.1736666666666666 0.23984374543069129 24.526 0.83 1.7045377358490568 106
100 0.8 1.1552499999999999 0.16752593082863312 24.526 0.83 1.6387272727272728 121
110 1.3 1.1683076923076923 0.10615546264098093 24.526 0.83 1.6087441860465115 129
120 2.6 1.407384615384615 1.3772942559437404 24.526 0.83 1.5684225352112675 142
130 1.5 2.2020666666666666 3.8601342544297887 24.526 0.83 1.5434999999999999 168
140 1.8 1.2395555555555557 0.17034677775454993 24.526 0.83 1.59748087431694 183
150 2.1 1.109761904761905 0.1466323243652396 24.526 0.83 1.5654278606965175 201
160 1.7 1.0773529411764706 0.07660666625613526 24.526 0.83 1.5223243243243243 222
170 1.6 1.0626874999999998 0.12169363107307633 24.526 0.822 1.4906736401673641 239
180 3.8 1.6724473684210528 3.502944338225145 24.526 0.804 1.4638196078431374 255
190 4.6 1.146652173913043 0.19183657190786405 24.526 0.804 1.490877133105802 293
200 2.8 1.0421071428571431 0.09430927059631077 24.526 0.804 1.4441681415929202 339
210 3.3 1.2104242424242424 0.6596447175197411 24.526 0.804 1.413493188010899 367
220 3.2 1.2691875000000001 0.5404464842551481 24.526 0.804 1.3967399999999999 400
230 3.1 1.1733225806451615 0.16474797704896818 24.526 0.804 1.3872916666666666 432
240 5.6 1.4002142857142854 1.4674847980994765 24.526 0.804 1.3729654427645788 463
250 6.6 1.1982878787878788 0.7044013526468074 24.526 0.804 1.3759055876685935 519
260 6.8 1.300588235294118 0.9994685387052421 24.526 0.779 1.3558666666666668 585
270 5.2 1.32726923076923 1.1456410384816242 24.526 0.779 1.3501102603369066 653
280 5.6 1.0711607142857142 0.1707267843228006 24.526 0.779 1.3484255319148937 705
290 5.9 1.1079661016949154 0.19100545436365846 24.526 0.779 1.3280223390275954 761
300 8.1 1.2246913580246914 0.892822292217702 24.526 0.779 1.312189024390244 820
310 9.3 1.9353118279569903 5.358863019312264 43.84 0.779 1.3043229744728082 901
320 11.2 1.2081428571428579 0.5944825159201014 43.84 0.779 1.3633591549295778 994
330 10 1.1274800000000003 0.23745835340118068 43.84 0.779 1.3476410488245936 1106
340 10.2 1.0866764705882352 0.24759126508099183 43.84 0.779 1.329385572139304 1206
350 9.5 1.2332526315789478 0.39443118186816434 43.84 0.779 1.3104587155963305 1308
360 22.8 1.14359649122807 0.8353283283404432 43.84 0.645 1.3052309337134715 1403
370 40.4 1.346277227722773 1.6952009993199293 43.84 0.506 1.2826358062538321 1631
380 75.7 1.5870066050198146 1.9447486860105425 43.84 0.506 1.2952702702702705 2035
390 103.8 1.8644287090558782 2.5591659441497763 43.84 0.492 1.3743692693409741 2792
400 137.3 2.1058390386015966 2.689654316702391 43.84 0.49 1.5071843342036557 3830
410 153.6 2.618238932291663 3.4206144269919885 43.84 0.49 1.6651610609263874 5203
420 179.3 2.7597813720022293 3.397742531320685 43.84 0.479 1.8823932334174192 6739
430 189.8 2.7322560590094733 3.329085267361472 43.84 0.477 2.066776371308015 8532
440 198.4 3.264417338709685 4.033601309426733 43.84 0.477 2.187877085330773 10430
450 220.5 3.627747845804988 8.02702835744072 95.517 0.477 2.3599292734009967 12414
460 221.4 3.1767642276422743 3.878157941288897 95.517 0.477 2.551155756207673 14619
470 220.6 3.13670716228468 3.5801087737307387 95.517 0.477 2.633440384958116 16833
480 237.2 3.155967116357506 3.6111463630557936 95.517 0.477 2.6917526130574063 19039
490 229.7 3.4774862864606013 4.0378693840076725 95.517 0.477 2.7431802344589213 21411
500 254.4 3.564134433962271 3.9686275488970524 95.517 0.477 2.814325037961868 23708
510 261.4 3.81801262433053 4.329810725730583 95.517 0.477 2.886986743867133 26252
520 277.9 9.48055595537961 20.34487383348654 153.311 0.477 2.971297062287812 28866
530 311 4.545052733118953 4.73511062700253 153.311 0.477 3.5429270342866146 31645
540 310 4.489228064516111 4.811569148844854 153.311 0.477 3.6326007768666337 34755
550 308.8 4.92266062176166 4.87340916378853 153.311 0.477 3.70275120855897 37855
560 316.4 5.088124209860933 5.11419587151246 153.311 0.477 3.7947591285445577 40943
570 343.8 27.128268760907524 48.423665893680614 354.659 0.477 3.8875382138889476 44107
580 389.1 7.06286712927269 6.003162603278767 354.659 0.477 5.5680857293090735 47545
590 393.7 20.434977393954814 41.866965657050805 354.659 0.477 5.6811620654794295 51436
600 376.7 27.773491372445076 40.88386746111528 354.659 0.477 6.730152926516534 55373
610 401.5 7.579514819427138 6.393801396789401 354.659 0.477 8.07053601623268 59140
620 399.6 7.096883383383413 5.706896399789649 354.659 0.477 8.039319958831458 63155
630 391.7 9.427986469236643 7.4456467985825565 354.659 0.477 7.9832377477625185 67151
640 470.2 11.878505104210976 7.611581491633709 354.659 0.477 8.062866845837801 71068
650 437.1 14.418790436970978 9.585956533664403 354.659 0.477 8.299650943645254 75770
660 465.3 12.486887599398262 7.186470263136368 354.659 0.477 8.633397199935128 80141
670 456.8 12.2008441330998 7.588017383650662 354.659 0.477 8.844854270349332 84794
680 455.1 14.649663810151544 8.528185908648416 354.659 0.477 9.016405507934033 89362
690 472 15.347844703389857 9.680172838787879 354.659 0.477 9.289391766848047 93913
700 449.1 34.66643130705846 48.931077789060545 354.659 0.477 9.579313982135803 98633
710 475.5 12.49465089379599 7.75107233573746 354.659 0.477 10.671845729413135 103124
720 413.8 8.509315853069163 6.526690142157806 354.659 0.477 10.752189805244766 107879
730 417.4 6.935498562529957 5.693824147822584 354.659 0.477 10.669336198969802 112017
740 352.6 6.252889960294948 5.780279271538526 354.659 0.477 10.535203277362276 116191
750 235.6 3.5278213073004943 3.708448043258257 354.659 0.477 10.409077190373967 119717
760 94.8 2.6025084388185644 3.1731009711535387 354.659 0.477 10.276269453523712 122073
770 25.2 1.1279523809523808 1.109715910715139 354.659 0.477 10.217135440290685 123021
780 5.3 1.4922452830188673 3.176813562602369 354.659 0.477 10.198554939037747 123273
790 0.2 1.0710000000000002 0.024999999999999967 354.659 0.477 10.194813356469846 123326
800 0 0 0 354.659 0.477 10.194665396341465 123328
810 0 0 0 354.659 0.477 10.194665396341465 123328
814 0 0 0 354.659 0.477 10.194665396341465 123328
