0 6 6
10 21 15
20 25 4
30 37 12
40 47 10
50 44 -3
60 55 11
70 67 12
80 68 1
90 77 9
100 68 -9
110 63 -5
120 79 16
130 76 -3
140 81 5
150 96 15
160 92 -4
170 82 -10
180 108 26
190 136 28
200 150 14
210 163 13
220 173 10
230 175 2
240 176 1
250 211 35
260 258 47
270 273 15
280 287 14
290 296 9
300 318 22
310 349 31
320 398 49
330 436 38
340 482 46
350 524 42
360 567 43
370 598 31
380 629 31
390 642 13
400 652 10
410 655 3
420 656 1
430 686 30
440 653 -33
450 687 34
460 703 16
470 666 -37
480 680 14
490 705 25
500 731 26
510 756 25
520 736 -20
530 760 24
540 800 40
550 852 52
560 910 58
570 865 -45
580 819 -46
590 850 31
600 831 -19
610 935 104
620 962 27
630 952 -10
640 950 -2
650 938 -12
660 987 49
670 1004 17
680 943 -61
690 950 7
700 911 -39
710 952 41
720 784 -168
730 499 -285
740 399 -100
750 356 -43
760 283 -73
770 113 -170
780 40 -73
790 12 -28
800 5 -7
810 0 -5
814 0 0
