0 0.1 10.367869931921925 0 10.367869931921925 10.367869931921925 0 0
10 0.1 0.7984031936127743 0.0 10.367869931921925 0.7984031936127743 10.367869931921925 1
20 0.1 0.7984031936127743 0.0 10.367869931921925 0.7984031936127743 5.58313656276735 2
30 0.1 1.4925373134328357 0.0 10.367869931921925 0.7984031936127743 3.9882254397158245 3
40 0.1 1.6983016983016983 0.0 10.367869931921925 0.7984031936127743 3.3643034081450773 4
50 0.1 2.3880597014925375 0.0 10.367869931921925 0.7984031936127743 3.0311030661764016 5
60 0.1 11.354581673306772 0.0 11.354581673306772 0.7984031936127743 2.923929172062424 6
70 0.1 9.980039920159681 0.0 11.354581673306772 0.7984031936127743 4.1283081008116165 7
80 0.1 2.9940119760479043 0.0 11.354581673306772 0.7984031936127743 4.859774578230125 8
90 0.1 4.265873015873016 0.0 11.354581673306772 0.7984031936127743 4.6524676224321 9
100 0.1 3.988035892323031 0.0 11.354581673306772 0.7984031936127743 4.613808161776191 10
110 0.1 3.6926147704590817 0.0 11.354581673306772 0.7984031936127743 4.556919773644086 11
120 0.1 3.290129611166501 0.0 11.354581673306772 0.7984031936127743 4.484894356712003 12
130 0.1 3.582089552238806 0.0 11.354581673306772 0.7984031936127743 4.392989376285426 13
140 0.1 3.7037037037037033 0.0 11.354581673306772 0.7984031936127743 4.335067960282096 14
150 0.1 4.39121756487026 0.0 11.354581673306772 0.7984031936127743 4.292977009843537 15
160 0.1 4.208416833667335 0.0 11.354581673306772 0.7984031936127743 4.299117044532707 16
170 0.1 3.7148594377510036 0.0 11.354581673306772 0.7984031936127743 4.293781738011214 17
180 0.1 2.9175050301810868 0.0 11.354581673306772 0.7984031936127743 4.261619387996758 18
190 0.1 4.48654037886341 0.0 11.354581673306772 0.7984031936127743 4.190876527059092 19
200 0.1 5.189620758483033 0.0 11.354581673306772 0.7984031936127743 4.205659719649308 20
210 0.1 5.522088353413655 0.0 11.354581673306772 0.7984031936127743 4.252515007212819 21
220 0.1 8.93574297188755 0.0 11.354581673306772 0.7984031936127743 4.310222886585584 22
230 0.1 8.514851485148515 0.0 11.354581673306772 0.7984031936127743 4.511332455511757 23
240 0.1 7.358870967741936 0.0 11.354581673306772 0.7984031936127743 4.6781457484132885 24
250 0.1 8.159203980099502 0.0 11.354581673306772 0.7984031936127743 4.7853747571864345 25
260 0.1 8.955223880597014 0.0 11.354581673306772 0.7984031936127743 4.915137419606168 26
270 0.1 10.876132930513595 0.0 11.354581673306772 0.7984031936127743 5.064770251494718 27
280 0.1 10.732196589769307 0.0 11.354581673306772 0.7984031936127743 5.272318918602535 28
290 0.1 11.05476673427992 0.0 11.354581673306772 0.7984031936127743 5.460590562435871 29
300 0.1 12.763819095477386 0.0 12.763819095477386 0.7984031936127743 5.64706310149734 30
310 0.1 14.543630892678033 0.0 14.543630892678033 0.7984031936127743 5.876635875496696 31
320 0.1 19.377510040160644 0.0 19.377510040160644 0.7984031936127743 6.147479469783613 32
330 0.1 14.488348530901723 0.0 19.377510040160644 0.7984031936127743 6.548389487067765 33
340 0.1 17.846460618145564 0.0 19.377510040160644 0.7984031936127743 6.781917694239352 34
350 0.1 17.00404858299595 0.0 19.377510040160644 0.7984031936127743 7.098047492065244 35
360 0.1 17.587939698492463 0.0 19.377510040160644 0.7984031936127743 7.373214189035541 36
370 0.1 23.007968127490038 0.0 23.007968127490038 0.7984031936127743 7.649287851453296 37
380 0.1 29.64426877470356 0.0 29.64426877470356 0.7984031936127743 8.053463648191103 38
390 0.1 38.07251908396946 0.0 38.07251908396946 0.7984031936127743 8.607074036050397 39
400 0.1 41.642788920725884 0.0 41.642788920725884 0.7984031936127743 9.343710162248374 40
410 0.1 43.881453154875715 0.0 43.881453154875715 0.7984031936127743 10.131492570991728 41
420 0.1 44.45497630331754 0.0 44.45497630331754 0.7984031936127743 10.935063061084204 42
430 0.1 44.759206798866856 0.0 44.759206798866856 0.7984031936127743 11.714595927182653 43
440 0.1 45.920303605313094 0.0 45.920303605313094 0.7984031936127743 12.46560981063002 44
450 0.1 46.27006610009443 0.0 46.27006610009443 0.7984031936127743 13.209047450511866 45
460 0.1 46.31379962192816 0.0 46.31379962192816 0.7984031936127743 13.927765247241924 46
470 0.1 46.27709707822809 0.0 46.31379962192816 0.7984031936127743 14.61682980840546 47
480 0.1 46.07379375591296 0.0 46.31379962192816 0.7984031936127743 15.276418709860097 48
490 0.1 45.7578646329838 0.0 46.31379962192816 0.7984031936127743 15.90493656794281 49
500 0.1 47.39336492890995 0.0 47.39336492890995 0.7984031936127743 16.50199512924363 50
510 0.1 46.63507109004739 0.0 47.39336492890995 0.7984031936127743 17.107708262570423 51
520 0.1 47.03632887189293 0.0 47.39336492890995 0.7984031936127743 17.675542163098825 52
530 0.1 48.05825242718447 0.0 48.05825242718447 0.7984031936127743 18.229519270811924 53
540 0.1 47.91868344627299 0.0 48.05825242718447 0.7984031936127743 18.781903218152156 54
550 0.1 47.72065955383123 0.0 48.05825242718447 0.7984031936127743 19.311662858663443 55
560 0.1 47.784200385356456 0.0 48.05825242718447 0.7984031936127743 19.818966371077153 56
570 0.1 48.01136363636363 0.0 48.05825242718447 0.7984031936127743 20.309584511678544 57
580 0.1 49.224806201550386 0.0 49.224806201550386 0.7984031936127743 20.78720139313863 58
590 0.1 49.306930693069305 0.0 49.306930693069305 0.7984031936127743 21.269194694976118 59
600 0.1 49.238095238095234 0.0 49.306930693069305 0.7984031936127743 21.73649029494434 60
610 0.1 49.333333333333336 0.0 49.333333333333336 0.7984031936127743 22.187336277618943 61
620 0.1 49.35194416749751 0.0 49.35194416749751 0.7984031936127743 22.62517493980788 62
630 0.1 49.306930693069305 0.0 49.35194416749751 0.7984031936127743 23.049409371993434 63
640 0.1 49.404761904761905 0.0 49.404761904761905 0.7984031936127743 23.459683142635242 64
650 0.1 49.26253687315634 0.0 49.404761904761905 0.7984031936127743 23.858838200514114 65
660 0.1 49.312377210216106 0.0 49.404761904761905 0.7984031936127743 24.243742725857178 66
670 0.1 49.50980392156863 0.0 49.50980392156863 0.7984031936127743 24.617901449504323 67
680 0.1 49.30417495029821 0.0 49.50980392156863 0.7984031936127743 24.98395883879939 68
690 0.1 49.30555555555556 0.0 49.50980392156863 0.7984031936127743 25.336425738966035 69
700 0.1 49.45812807881773 0.0 49.50980392156863 0.7984031936127743 25.67884187920303 70
710 0.1 49.22027290448343 0.0 49.50980392156863 0.7984031936127743 26.013761403141267 71
720 0.1 49.45812807881773 0.0 49.50980392156863 0.7984031936127743 26.33607406288213 72
730 0.1 49.2 0.0 49.50980392156863 0.7984031936127743 26.65281452885385 73
740 0.1 49.25224327018943 0.0 49.50980392156863 0.7984031936127743 26.95750622440988 74
750 0.1 49.3 0.0 49.50980392156863 0.7984031936127743 27.25476938502027 75
760 0.1 49.14914914914915 0.0 49.50980392156863 0.7984031936127743 27.544838208901584 76
770 0.1 29.795520934761445 0.0 49.50980392156863 0.7984031936127743 27.825413675658048 77
780 0.1 10.609037328094303 0.0 49.50980392156863 0.7984031936127743 27.85067146103117 78
790 0.1 2.991026919242273 0.0 49.50980392156863 0.7984031936127743 27.632422927702855 79
800 0.1 1.296111665004985 0.0 49.50980392156863 0.7984031936127743 27.3244054775971 80
810 0.1 0.30060120240480964 0.0 49.50980392156863 0.30060120240480964 27.003068516947813 81
