0 0 0
10 0 0
20 0 0
30 0 0
40 0.1 1
50 0.8 9
60 0.9 18
70 0.4 22
80 1.6 38
90 0.7 45
100 1.6 61
110 1.8 79
120 1 89
130 1.8 107
140 1.4 121
150 0.6 127
160 2.1 148
170 2.5 173
180 1.2 185
190 1.8 203
200 1.4 217
210 2 237
220 2.2 259
230 3.2 291
240 5.2 343
250 3.1 374
260 2.1 395
270 3.8 433
280 4.1 474
290 5 524
300 6 584
310 6.1 645
320 6.4 709
330 6 769
340 5.8 827
350 4.9 876
360 7.7 953
370 6.8 1021
380 8 1101
390 9.1 1192
400 11.6 1308
410 11.5 1423
420 14.7 1570
430 16.6 1736
440 16.1 1897
450 16.7 2064
460 17.7 2241
470 19.4 2435
480 17.8 2613
490 18.7 2800
500 18.9 2989
510 18.8 3177
520 20.1 3378
530 19.7 3575
540 22.9 3804
550 23.7 4041
560 24 4281
570 22.1 4502
580 22.2 4724
590 26.2 4986
600 28.7 5273
610 30.3 5576
620 27.5 5851
630 28.9 6140
640 27.2 6412
650 28.3 6695
660 32.7 7022
670 34.4 7366
680 32.2 7688
690 31.1 7999
700 29.1 8290
710 36 8650
720 31.9 8969
730 33.1 9300
740 30.4 9604
750 27.8 9882
760 28 10162
770 22.5 10387
780 8.5 10472
790 2.8 10500
800 0.7 10507
810 0.5 10512
814 0 10512
