0 0.1 3501.08984375 0 3501.08984375 3501.08984375 0 0
10 0.1 3504.12109375 0.0 3504.12109375 3501.08984375 3501.08984375 1
20 0.1 3501.1015625 0.0 3504.12109375 3501.08984375 3502.60546875 2
30 0.1 3497.234375 0.0 3504.12109375 3497.234375 3502.1041666666665 3
40 0.1 3488.64453125 0.0 3504.12109375 3488.64453125 3500.88671875 4
50 0.1 3481.02734375 0.0 3504.12109375 3481.02734375 3498.43828125 5
60 0.1 3474.97265625 0.0 3504.12109375 3474.97265625 3495.5364583333335 6
70 0.1 3471.67578125 0.0 3504.12109375 3471.67578125 3492.5987723214284 7
80 0.1 3460.421875 0.0 3504.12109375 3460.421875 3489.9833984375 8
90 0.1 3460.5546875 0.0 3504.12109375 3460.421875 3486.698784722222 9
100 0.1 3455.59765625 0.0 3504.12109375 3455.59765625 3484.084375 10
110 0.1 3457.421875 0.0 3504.12109375 3455.59765625 3481.4946732954545 11
120 0.1 3457.68359375 0.0 3504.12109375 3455.59765625 3479.4886067708335 12
130 0.1 3456.484375 0.0 3504.12109375 3455.59765625 3477.811298076923 13
140 0.1 3455.87890625 0.0 3504.12109375 3455.59765625 3476.2879464285716 14
150 0.1 3456.13671875 0.0 3504.12109375 3455.59765625 3474.92734375 15
160 0.1 3445.734375 0.0 3504.12109375 3445.734375 3473.7529296875 16
170 0.1 3445.86328125 0.0 3504.12109375 3445.734375 3472.104779411765 17
180 0.1 3451.0703125 0.0 3504.12109375 3445.734375 3470.646918402778 18
190 0.1 3449.9765625 0.0 3504.12109375 3445.734375 3469.616570723684 19
200 0.1 3436.28515625 0.0 3504.12109375 3436.28515625 3468.6345703125 20
210 0.1 3425.38671875 0.0 3504.12109375 3425.38671875 3467.0941220238096 21
220 0.1 3409.05078125 0.0 3504.12109375 3409.05078125 3465.198330965909 22
230 0.1 3406.00390625 0.0 3504.12109375 3406.00390625 3462.757133152174 23
240 0.1 3407.68359375 0.0 3504.12109375 3406.00390625 3460.3924153645835 24
250 0.1 3409.140625 0.0 3504.12109375 3406.00390625 3458.2840625 25
260 0.1 3393.78515625 0.0 3504.12109375 3393.78515625 3456.3939302884614 26
270 0.1 3378.5390625 0.0 3504.12109375 3378.5390625 3454.0750868055557 27
280 0.1 3354.6171875 0.0 3504.12109375 3354.6171875 3451.377371651786 28
290 0.1 3341.3984375 0.0 3504.12109375 3341.3984375 3448.040813577586 29
300 0.1 3341.51953125 0.0 3504.12109375 3341.3984375 3444.4860677083334 30
310 0.1 3327.55859375 0.0 3504.12109375 3327.55859375 3441.164566532258 31
320 0.1 3328.5859375 0.0 3504.12109375 3327.55859375 3437.6143798828125 32
330 0.1 3320.74609375 0.0 3504.12109375 3320.74609375 3434.310487689394 33
340 0.1 3281.6484375 0.0 3504.12109375 3281.6484375 3430.9703584558824 34
350 0.1 3260.203125 0.0 3504.12109375 3260.203125 3426.704017857143 35
360 0.1 3244.6171875 0.0 3504.12109375 3244.6171875 3422.0789930555557 36
370 0.1 3222.15625 0.0 3504.12109375 3222.15625 3417.2827280405404 37
380 0.1 3183.7734375 0.0 3504.12109375 3183.7734375 3412.147820723684 38
390 0.1 3176.71484375 0.0 3504.12109375 3176.71484375 3406.2920673076924 39
400 0.1 3173.25 0.0 3504.12109375 3173.25 3400.55263671875 40
410 0.1 3167.890625 0.0 3504.12109375 3167.890625 3395.008669969512 41
420 0.1 3165.90234375 0.0 3504.12109375 3165.90234375 3389.601097470238 42
430 0.1 3174.54296875 0.0 3504.12109375 3165.90234375 3384.398800872093 43
440 0.1 3170.44921875 0.0 3504.12109375 3165.90234375 3379.6293501420455 44
450 0.1 3175.234375 0.0 3504.12109375 3165.90234375 3374.980902777778 45
460 0.1 3170.37890625 0.0 3504.12109375 3165.90234375 3370.6385869565215 46
470 0.1 3174.44921875 0.0 3504.12109375 3165.90234375 3366.37774268617 47
480 0.1 3171.80859375 0.0 3504.12109375 3165.90234375 3362.3792317708335 48
490 0.1 3175.72265625 0.0 3504.12109375 3165.90234375 3358.4900350765306 49
500 0.1 3160.9453125 0.0 3504.12109375 3160.9453125 3354.8346875 50
510 0.1 3154.3125 0.0 3504.12109375 3154.3125 3351.0329350490197 51
520 0.1 3157.92578125 0.0 3504.12109375 3154.3125 3347.2498497596152 52
530 0.1 3153.3515625 0.0 3504.12109375 3153.3515625 3343.677697523585 53
540 0.1 3160.94921875 0.0 3504.12109375 3153.3515625 3340.1531394675926 54
550 0.1 3159.1171875 0.0 3504.12109375 3153.3515625 3336.8948863636365 55
560 0.1 3160.55078125 0.0 3504.12109375 3153.3515625 3333.720284598214 56
570 0.1 3146.796875 0.0 3504.12109375 3146.796875 3330.6822231359647 57
580 0.1 3141.25390625 0.0 3504.12109375 3141.25390625 3327.511786099138 58
590 0.1 3140.56640625 0.0 3504.12109375 3140.56640625 3324.3548728813557 59
600 0.1 3122.77734375 0.0 3504.12109375 3122.77734375 3321.2917317708334 60
610 0.1 3130.71484375 0.0 3504.12109375 3122.77734375 3318.0373975409834 61
620 0.1 3134.65625 0.0 3504.12109375 3122.77734375 3315.016066028226 62
630 0.1 3137.359375 0.0 3504.12109375 3122.77734375 3312.1532118055557 63
640 0.1 3133.7421875 0.0 3504.12109375 3122.77734375 3309.4220581054688 64
650 0.1 3128.87109375 0.0 3504.12109375 3122.77734375 3306.7192908653847 65
660 0.1 3130.9453125 0.0 3504.12109375 3122.77734375 3304.024621212121 66
670 0.1 3128.9296875 0.0 3504.12109375 3122.77734375 3301.441347947761 67
680 0.1 3126.69140625 0.0 3504.12109375 3122.77734375 3298.904411764706 68
690 0.1 3127.73046875 0.0 3504.12109375 3122.77734375 3296.4085711050725 69
700 0.1 3101.4921875 0.0 3504.12109375 3101.4921875 3293.9988839285716 70
710 0.1 3111.4921875 0.0 3504.12109375 3101.4921875 3291.2875220070423 71
720 0.1 3116.28515625 0.0 3504.12109375 3101.4921875 3288.7903645833335 72
730 0.1 3124.83203125 0.0 3504.12109375 3101.4921875 3286.4272795376714 73
740 0.1 3161.19140625 0.0 3504.12109375 3101.4921875 3284.2435599662167 74
750 0.1 3165.2109375 0.0 3504.12109375 3101.4921875 3282.602864583334 75
760 0.1 3169.39453125 0.0 3504.12109375 3101.4921875 3281.0582339638167 76
770 0.1 3197.5234375 0.0 3504.12109375 3101.4921875 3279.6080560064943 77
780 0.1 3221.79296875 0.0 3504.12109375 3101.4921875 3278.555689102565 78
790 0.1 3224.9921875 0.0 3504.12109375 3101.4921875 3277.837173655064 79
800 0.1 3232.4296875 0.0 3504.12109375 3101.4921875 3277.1766113281255 80
810 0.1 3233.9375 0.0 3504.12109375 3101.4921875 3276.624180169754 81
