0 0.1 0.16015625 0 0.16015625 0.16015625 0 0
10 0.1 0.140625 0.0 0.16015625 0.140625 0.16015625 1
20 0.1 0.12109375 0.0 0.16015625 0.12109375 0.150390625 2
30 0.1 0.1015625 0.0 0.16015625 0.1015625 0.140625 3
40 0.1 0.078125 0.0 0.16015625 0.078125 0.130859375 4
50 0.1 0.0703125 0.0 0.16015625 0.0703125 0.1203125 5
60 0.1 0.05859375 0.0 0.16015625 0.05859375 0.11197916666666667 6
70 0.1 0.05078125 0.0 0.16015625 0.05078125 0.10435267857142858 7
80 0.1 0.0390625 0.0 0.16015625 0.0390625 0.09765625 8
90 0.1 0.03125 0.0 0.16015625 0.03125 0.09114583333333333 9
100 0.1 0.109375 0.0 0.16015625 0.03125 0.08515625 10
110 0.1 0.08984375 0.0 0.16015625 0.03125 0.08735795454545454 11
120 0.1 0.1484375 0.0 0.16015625 0.03125 0.08756510416666667 12
130 0.1 0.12890625 0.0 0.16015625 0.03125 0.09224759615384616 13
140 0.1 0.109375 0.0 0.16015625 0.03125 0.09486607142857142 14
150 0.1 0.08984375 0.0 0.16015625 0.03125 0.09583333333333334 15
160 0.1 0.078125 0.0 0.16015625 0.03125 0.095458984375 16
170 0.1 0.05859375 0.0 0.16015625 0.03125 0.09443933823529412 17
180 0.1 0.05078125 0.0 0.16015625 0.03125 0.09244791666666667 18
190 0.1 0.05078125 0.0 0.16015625 0.03125 0.09025493421052631 19
200 0.1 0.0390625 0.0 0.16015625 0.03125 0.08828125 20
210 0.1 0.03125 0.0 0.16015625 0.03125 0.0859375 21
220 0.1 0.03125 0.0 0.16015625 0.03125 0.08345170454545454 22
230 0.1 0.01953125 0.0 0.16015625 0.01953125 0.08118206521739131 23
240 0.1 0.01953125 0.0 0.16015625 0.01953125 0.07861328125000001 24
250 0.1 0.01953125 0.0 0.16015625 0.01953125 0.07625000000000001 25
260 0.1 0.01171875 0.0 0.16015625 0.01171875 0.07406850961538462 26
270 0.1 0.078125 0.0 0.16015625 0.01171875 0.07175925925925927 27
280 0.1 0.0703125 0.0 0.16015625 0.01171875 0.07198660714285716 28
290 0.1 0.05859375 0.0 0.16015625 0.01171875 0.07192887931034485 29
300 0.1 0.05078125 0.0 0.16015625 0.01171875 0.07148437500000002 30
310 0.1 0.12109375 0.0 0.16015625 0.01171875 0.07081653225806453 31
320 0.1 0.1015625 0.0 0.16015625 0.01171875 0.07238769531250001 32
330 0.1 0.08984375 0.0 0.16015625 0.01171875 0.07327178030303032 33
340 0.1 0.1484375 0.0 0.16015625 0.01171875 0.0737591911764706 34
350 0.1 0.12890625 0.0 0.16015625 0.01171875 0.07589285714285715 35
360 0.1 0.109375 0.0 0.16015625 0.01171875 0.0773654513888889 36
370 0.1 0.08984375 0.0 0.16015625 0.01171875 0.07823057432432433 37
380 0.1 0.21875 0.0 0.21875 0.01171875 0.07853618421052631 38
390 0.1 0.26171875 0.0 0.26171875 0.01171875 0.08213141025641026 39
400 0.1 0.37890625 0.0 0.37890625 0.01171875 0.08662109375 40
410 0.1 0.48046875 0.0 0.48046875 0.01171875 0.09375 41
420 0.1 0.55859375 0.0 0.55859375 0.01171875 0.10295758928571429 42
430 0.1 0.62109375 0.0 0.62109375 0.01171875 0.11355377906976744 43
440 0.1 0.6796875 0.0 0.6796875 0.01171875 0.1250887784090909 44
450 0.1 0.87890625 0.0 0.87890625 0.01171875 0.13741319444444444 45
460 0.1 0.98046875 0.0 0.98046875 0.01171875 0.15353260869565216 46
470 0.1 0.98046875 0.0 0.98046875 0.01171875 0.17112699468085107 47
480 0.1 1.05859375 0.0 1.05859375 0.01171875 0.18798828125 48
490 0.1 1.26953125 0.0 1.26953125 0.01171875 0.20575573979591838 49
500 0.1 1.23046875 0.0 1.26953125 0.01171875 0.22703125 50
510 0.1 1.19140625 0.0 1.26953125 0.01171875 0.2467064950980392 51
520 0.1 1.3203125 0.0 1.3203125 0.01171875 0.2648737980769231 52
530 0.1 1.26953125 0.0 1.3203125 0.01171875 0.2847877358490566 53
540 0.1 1.23046875 0.0 1.3203125 0.01171875 0.30302372685185186 54
550 0.1 1.19140625 0.0 1.3203125 0.01171875 0.31988636363636364 55
560 0.1 1.16015625 0.0 1.3203125 0.01171875 0.33544921875 56
570 0.1 1.05859375 0.0 1.3203125 0.01171875 0.34991776315789475 57
580 0.1 1.05078125 0.0 1.3203125 0.01171875 0.36213631465517243 58
590 0.1 1.0390625 0.0 1.3203125 0.01171875 0.3738082627118644 59
600 0.1 1.109375 0.0 1.3203125 0.01171875 0.3848958333333333 60
610 0.1 1.16015625 0.0 1.3203125 0.01171875 0.39677254098360654 61
620 0.1 1.140625 0.0 1.3203125 0.01171875 0.4090851814516129 62
630 0.1 1.19921875 0.0 1.3203125 0.01171875 0.4206969246031746 63
640 0.1 1.30859375 0.0 1.3203125 0.01171875 0.432861328125 64
650 0.1 1.26953125 0.0 1.3203125 0.01171875 0.4463341346153846 65
660 0.1 1.21875 0.0 1.3203125 0.01171875 0.4588068181818182 66
670 0.1 1.171875 0.0 1.3203125 0.01171875 0.4701492537313433 67
680 0.1 1.1484375 0.0 1.3203125 0.01171875 0.48046875 68
690 0.1 1.12109375 0.0 1.3203125 0.01171875 0.49014945652173914 69
700 0.1 1.1015625 0.0 1.3203125 0.01171875 0.49916294642857145 70
710 0.1 1.16015625 0.0 1.3203125 0.01171875 0.5076474471830986 71
720 0.1 1.140625 0.0 1.3203125 0.01171875 0.5167100694444444 72
730 0.1 1.109375 0.0 1.3203125 0.01171875 0.5252568493150684 73
740 0.1 1.328125 0.0 1.328125 0.01171875 0.5331503378378377 74
750 0.1 1.3515625 0.0 1.3515625 0.01171875 0.54375 75
760 0.1 1.37890625 0.0 1.37890625 0.01171875 0.5543791118421053 76
770 0.1 1.25 0.0 1.37890625 0.01171875 0.5650872564935064 77
780 0.1 1.05078125 0.0 1.37890625 0.01171875 0.573868189102564 78
790 0.1 0.890625 0.0 1.37890625 0.01171875 0.5799050632911391 79
800 0.1 0.75 0.0 1.37890625 0.01171875 0.5837890625 80
810 0.1 0.640625 0.0 1.37890625 0.01171875 0.5858410493827161 81
