0 0.7 7.862 3.0919715855282837 14.929 5.613 0 0
10 2.7 15.992370370370368 30.72080898836915 125.469 4.774 7.862 7
20 5.3 42.53605660377359 40.23016448004079 128.526 4.774 14.318470588235291 34
30 9.8 29.716469387755097 26.942750843679143 128.526 4.774 31.508494252873565 87
40 15.1 29.51637086092715 24.013096157191292 128.526 4.774 30.559205405405404 185
50 17 33.54825882352942 29.941886676047083 133.382 4.774 30.090550595238092 336
60 19.9 29.01481909547738 25.64990847432292 135.786 4.774 31.252231225296445 506
70 21.9 31.124351598173515 30.13042653873422 149.424 4.596 30.6206780141844 705
80 27.2 27.75036029411765 24.23855441269646 149.424 4.596 30.740055194805198 924
90 28.9 29.394114186851215 25.135294907368543 149.828 4.596 30.0601245819398 1196
100 32 28.682490624999996 24.65037285595112 149.828 4.596 29.930510437710442 1485
110 27.7 27.812129963898904 24.14278727992605 149.828 4.596 29.70925484764543 1805
120 26.1 27.254950191570877 25.050108363448395 151.229 4.596 29.45685158501441 2082
130 28.9 32.079619377162615 30.932434416782517 151.229 4.596 29.2115693555271 2343
140 34.3 30.809425655976685 26.126700869199176 151.229 4.596 29.526488221884495 2632
150 36.3 29.663980716253473 24.238725003112023 151.229 4.596 29.674403361344535 2975
160 37.8 28.557634920634882 24.406779454655595 151.229 4.596 29.673269922109046 3338
170 30.5 28.90540655737706 25.456554175505538 151.229 4.596 29.559784983853604 3716
180 34.8 76.10961781609186 176.80181265460624 1113.459 4.596 29.51014921661278 4021
190 41 28.603402439024386 26.529032569427596 1113.459 4.596 33.22189448386358 4369
200 48.2 33.00389419087134 31.389548309755344 1113.459 4.596 32.825664783427484 4779
210 65.3 31.79043950995405 27.56329747966149 1113.459 4.596 32.84199372742823 5261
220 70.5 33.89588794326238 28.64517363311195 1113.459 4.596 32.72588535678051 5914
230 69.2 28.608949421965328 22.606070086571936 1113.459 4.596 32.85050415470614 6619
240 67.2 31.663752976190484 29.94287522762824 1113.459 4.596 32.4490329640268 7311
250 68.8 31.594193313953458 30.06024455382216 1113.459 4.57 32.38292897406989 7983
260 82.2 34.60721289537718 31.28738070153372 1113.459 4.57 32.32034678814438 8671
270 97.3 35.144849948612546 30.939526971647165 1113.459 4.57 32.518366796586946 9493
280 110.4 37.8238342391304 33.4209991888272 1113.459 4.57 32.762544907318926 10466
290 118.9 39.511746846089096 34.300478777646504 1113.459 4.513 33.2454890233362 11570
300 122.6 41.47171207177805 37.639825369885784 1113.459 4.513 33.829436084332606 12759
310 127.1 46.03545397324938 41.550455716469685 1113.459 4.513 34.49939892742221 13985
320 140.3 51.046105488239405 46.23332293791958 1113.459 4.513 35.46048479286836 15256
330 155.5 77.6592437299035 60.76981546141597 1113.459 4.513 36.7730861396242 16659
340 159.7 271.5655535378839 181.90044302098735 1113.459 4.513 40.26369638739428 18214
350 153.2 618.8607056135779 255.87313818849935 1238.63 0.465 58.90935111806572 19811
360 168 743.9995874999996 367.19780593084073 1484.119 0.437 99.10264517640451 21343
370 187.3 696.174175120129 445.2481055153318 1677.451 0.437 146.1611025061895 23023
380 219.1 609.2064048379739 500.5240910223022 1677.451 0.437 187.54021903116976 24896
390 250.5 543.1583041916147 511.9077704833633 1696.799 0.437 221.64774711116047 27087
400 283 487.43956466431035 492.81979416206855 1696.799 0.437 248.86401993782096 29592
410 296.5 437.7949332209102 472.6719498663556 1696.799 0.437 269.6884228610202 32422
420 328.3 414.47078464818736 470.8044749529568 1696.799 0.437 283.77370285698123 35387
430 342.8 401.25125029171403 445.4205959526786 1696.799 0.437 294.86960457719147 38670
440 350 392.57809257142856 467.9819172035317 1696.799 0.433 303.5321605539453 42098
450 369.7 373.3378049770079 443.8416509271147 1696.799 0.433 310.36712616781415 45598
460 372 371.90282607526933 448.1165958698981 1696.799 0.427 315.0897674003446 49295
470 376.3 362.994104437949 436.3481200231391 1696.799 0.423 319.0762726964065 53015
480 380.1 366.5783207050777 506.93924083833343 2432.835 0.423 321.98695642678484 56778
490 368.7 355.0117198264169 429.3223013995561 2432.835 0.423 324.7848199706167 60579
500 404.2 340.0730024740229 426.8411569043342 2432.835 0.423 326.5189652382284 64266
510 417.9 331.4676125867439 444.1289399188194 2432.835 0.423 327.3210004099079 68308
520 436.7 322.69549576368235 424.9672134922104 2432.835 0.423 327.56005972105334 72487
530 467.3 305.0273541622092 435.09608287507405 2432.835 0.423 327.28364534051565 76854
540 469.2 294.4714151747645 410.92207672053183 2432.835 0.423 326.0079495749873 81527
550 471.2 288.6409938455002 410.8077094137944 2432.835 0.423 324.2917452649647 86219
560 468 290.4980641025641 455.4286623504011 2432.835 0.423 322.44434074188104 90931
570 511.9 311.2414758741942 403.03893960840236 2432.835 0.423 320.88062344290915 95611
580 559.5 252.747235746202 382.1629843053349 2432.835 0.423 320.39077139878873 100730
590 568.2 267.3902266807478 355.00210570263886 2432.835 0.423 316.83125499177044 106325
600 544.7 287.7579526344791 383.10344953052453 2432.835 0.423 314.3231624362763 112007
610 575.9 249.15487515193607 371.83583597528917 2432.835 0.423 313.0911848298058 117454
620 576.2 244.90145522388062 381.55218732636035 2432.835 0.423 310.1027890644657 123213
630 573.4 240.08861998604786 350.59806418824155 2432.835 0.423 307.1898983058733 128975
640 657.9 240.4394795561632 357.25020467663126 2432.835 0.423 304.3336768961243 134709
650 612.3 233.20470439327207 343.7557940025584 2432.835 0.423 301.3584778395901 141288
660 655.4 228.75098214830655 334.76258497087105 2432.835 0.423 298.5275795022082 147411
670 651.6 226.28727148557476 343.0522806036905 2432.835 0.423 295.55732120287087 153965
680 651.9 232.1635195582136 344.3504661446502 2432.835 0.423 292.74475370916196 160481
690 656.3 231.21926862715293 330.2019453323424 2432.835 0.423 290.37990900598817 167000
700 624.6 275.4594948767219 360.82288892682766 2432.835 0.423 288.1428464822573 173563
710 669.3 224.3579043777081 340.0019589477717 2432.835 0.423 287.70226667741895 179809
720 586.1 233.1125686742869 378.8084235443748 2432.835 0.423 285.4290266216986 186502
730 573.4 251.57174346006138 408.75565971002106 2432.835 0.423 283.8350259041501 192363
740 481 288.45769958419925 410.34438653788783 2432.835 0.423 282.90115178422695 198097
750 349.1 394.8211595531361 469.99729411759427 2432.835 0.423 283.0328722025361 202907
760 203.8 623.4131629048081 434.76192944779154 2432.835 0.423 284.92365075242975 206398
770 121.4 172.92904036243823 244.0225967901404 2432.835 0.423 288.23325958087855 208436
780 40.2 88.47240547263691 180.06875211334972 2432.835 0.423 287.56557857858337 209650
790 12.4 44.876096774193535 51.683036109137156 2432.835 0.423 287.1845517110049 210052
800 4.9 54.178122448979614 61.98083595119943 2432.835 0.423 287.041594149665 210176
810 1.5 65.50573333333334 86.3887638368684 2432.835 0.423 286.98731749316204 210225
814 0 0 0 2432.835 0.423 286.9715154394977 210240
