10 0.1 151 0 151 151 0 0
20 0.1 301.0 0.0 301 151 151.0 1
30 0.1 735.0 0.0 735 151 226.0 2
40 0.1 1223.0 0.0 1223 151 395.6666666666667 3
50 0.1 1531.0 0.0 1531 151 602.5 4
60 0.1 3078.0 0.0 3078 151 788.2 5
70 0.1 3171.0 0.0 3171 151 1169.8333333333333 6
80 0.1 2330.0 0.0 3171 151 1455.7142857142858 7
90 0.1 2769.0 0.0 3171 151 1565.0 8
100 0.1 3102.0 0.0 3171 151 1698.7777777777778 9
110 0.1 3096.0 0.0 3171 151 1839.1 10
120 0.1 2535.0 0.0 3171 151 1953.3636363636363 11
130 0.1 2701.0 0.0 3171 151 2001.8333333333333 12
140 0.1 3048.0 0.0 3171 151 2055.6153846153848 13
150 0.1 3468.0 0.0 3468 151 2126.5 14
160 0.1 3814.0 0.0 3814 151 2215.9333333333334 15
170 0.1 3619.0 0.0 3814 151 2315.8125 16
180 0.1 2865.0 0.0 3814 151 2392.470588235294 17
190 0.1 3769.0 0.0 3814 151 2418.722222222222 18
200 0.1 4214.0 0.0 4214 151 2489.7894736842104 19
210 0.1 5546.0 0.0 5546 151 2576.0 20
220 0.1 7210.0 0.0 7210 151 2717.4285714285716 21
230 0.1 7110.0 0.0 7210 151 2921.6363636363635 22
240 0.1 7121.0 0.0 7210 151 3103.7391304347825 23
250 0.1 6616.0 0.0 7210 151 3271.125 24
260 0.1 7231.0 0.0 7231 151 3404.92 25
270 0.1 9432.0 0.0 9432 151 3552.076923076923 26
280 0.1 10545.0 0.0 10545 151 3769.8518518518517 27
290 0.1 11574.0 0.0 11574 151 4011.8214285714284 28
300 0.1 12763.0 0.0 12763 151 4272.586206896552 29
310 0.1 13097.0 0.0 13097 151 4555.6 30
320 0.1 14138.0 0.0 14138 151 4831.129032258064 31
330 0.1 15094.0 0.0 15094 151 5121.96875 32
340 0.1 17681.0 0.0 17681 151 5424.151515151515 33
350 0.1 18058.0 0.0 18058 151 5784.64705882353 34
360 0.1 17617.0 0.0 18058 151 6135.314285714286 35
370 0.1 18762.0 0.0 18762 151 6454.25 36
380 0.1 19784.0 0.0 19784 151 6786.891891891892 37
390 0.1 21737.0 0.0 21737 151 7128.921052631579 38
400 0.1 23616.0 0.0 23616 151 7503.48717948718 39
410 0.1 25948.0 0.0 25948 151 7906.3 40
420 0.1 27001.0 0.0 27001 151 8346.341463414634 41
430 0.1 27902.0 0.0 27902 151 8790.5 42
440 0.1 29156.0 0.0 29156 151 9234.953488372093 43
450 0.1 29097.0 0.0 29156 151 9687.704545454546 44
460 0.1 30345.0 0.0 30345 151 10119.022222222222 45
470 0.1 30207.0 0.0 30345 151 10558.717391304348 46
480 0.1 29855.0 0.0 30345 151 10976.765957446809 47
490 0.1 29426.0 0.0 30345 151 11370.0625 48
500 0.1 31023.0 0.0 31023 151 11738.551020408164 49
510 0.1 32461.0 0.0 32461 151 12124.24 50
520 0.1 32553.0 0.0 32553 151 12523.0 51
530 0.1 33380.0 0.0 33380 151 12908.192307692309 52
540 0.1 35029.0 0.0 35029 151 13294.452830188678 53
550 0.1 34292.0 0.0 35029 151 13696.944444444445 54
560 0.1 33677.0 0.0 35029 151 14071.4 55
570 0.1 35369.0 0.0 35369 151 14421.5 56
580 0.1 41486.0 0.0 41486 151 14789.0 57
590 0.1 41130.0 0.0 41486 151 15249.293103448275 58
600 0.1 39545.0 0.0 41486 151 15687.949152542373 59
610 0.1 43446.0 0.0 43446 151 16085.566666666668 60
620 0.1 39647.0 0.0 43446 151 16534.09836065574 61
630 0.1 41021.0 0.0 43446 151 16906.887096774193 62
640 0.1 42684.0 0.0 43446 151 17289.650793650795 63
650 0.1 45345.0 0.0 45345 151 17686.4375 64
660 0.1 44914.0 0.0 45345 151 18111.953846153847 65
670 0.1 45171.0 0.0 45345 151 18518.045454545456 66
680 0.1 43951.0 0.0 45345 151 18915.850746268658 67
690 0.1 44691.0 0.0 45345 151 19284.014705882353 68
700 0.1 43790.0 0.0 45345 151 19652.231884057972 69
710 0.1 46344.0 0.0 46344 151 19997.057142857142 70
720 0.1 43281.0 0.0 46344 151 20368.140845070422 71
730 0.1 39466.0 0.0 46344 151 20686.375 72
740 0.1 37523.0 0.0 46344 151 20943.630136986303 73
750 0.1 29983.0 0.0 46344 151 21167.67567567568 74
760 0.1 20233.0 0.0 46344 151 21285.21333333334 75
770 0.1 12014.0 0.0 46344 151 21271.368421052637 76
780 0.1 4792.0 0.0 46344 151 21151.142857142862 77
790 0.1 1612.0 0.0 46344 151 20941.41025641026 78
800 0.1 593.0 0.0 46344 151 20696.734177215196 79
810 0.1 174.0 0.0 46344 151 20445.437500000007 80
