0 0.7 7.862 3.0919715855282837 14.929 5.613 0 0
10 3 14.3768 19.424441684640513 74.907 4.774 7.862 7
20 8.5 26.458388235294127 22.719382360646904 77.379 4.159 13.144270270270269 37
30 15.2 19.10994078947369 17.429887374033548 77.379 3.866 22.420500000000004 122
40 23.2 19.1678448275862 16.272449166116715 77.379 3.751 20.583985401459856 274
50 25.8 22.059077519379855 18.763104228680188 84.365 3.751 19.93468774703557 506
60 29.3 19.661921501706487 16.722281085027564 87.798 3.751 20.652086387434558 764
70 33.1 20.54807552870092 18.402114122200764 108.7 3.686 20.377613055818355 1057
80 41 18.364531707317077 15.65478410131391 108.7 3.598 20.418263688760813 1388
90 44.6 19.00336995515694 15.911224405310165 108.7 3.598 19.9499488320356 1798
100 48.1 19.064889812889806 15.939530226069273 108.7 3.58 19.761814171122996 2244
110 41.3 18.584750605326864 15.65937895905591 108.7 3.58 19.63879743119266 2725
120 38 18.69719210526316 17.309633373460624 139.236 3.58 19.500071701720838 3138
130 42.8 21.602551401869125 18.768028798117935 139.236 3.58 19.41334792495736 3518
140 53.2 19.840422932330828 16.673827043202085 139.236 3.58 19.650798276735934 3946
150 55.9 19.24669409660108 15.877102120576359 139.236 3.58 19.67332626172398 4478
160 55 19.540745454545423 16.082928049692015 139.236 3.58 19.625979154258484 5037
170 44.9 19.59508908685969 16.63305376023078 139.236 3.58 19.617588509038836 5587
180 51.4 51.49611673151746 142.3656244751944 1113.459 3.58 19.615914844267724 6036
190 59.6 19.628575503355687 17.192586170035558 1113.459 3.58 22.117658931297704 6550
200 73.7 21.546926729986424 18.948557024859355 1113.459 3.58 21.910061153092634 7146
210 100.9 20.53291080277505 17.586384336573257 1113.459 3.461 21.87611087149562 7883
220 109.2 21.839687728937747 18.92239356985686 1113.459 3.461 21.723694219523164 8892
230 102 19.35678039215688 15.904582978204614 1113.459 3.461 21.736381009615382 9984
240 97.1 21.884141091658044 19.67194372902511 1113.459 3.461 21.51580734278444 11004
250 100.9 21.498721506441974 19.19081764195684 1113.459 3.461 21.54567390396659 11975
260 125.6 22.600189490445818 19.728761081225574 1113.459 3.461 21.54202518484287 12984
270 147.6 23.130569105691038 20.844917452923827 1113.459 3.461 21.635357654494367 14240
280 168 24.81883392857152 22.292217987993173 1113.459 3.461 21.775783469076085 15716
290 180.7 25.946851134477036 22.651779332445823 1113.459 3.461 22.069662796045066 17396
300 182.4 27.930275767543854 26.382509907219685 1113.459 3.461 22.43450575430922 19203
310 188.2 30.824727417640776 28.090078182448178 1113.459 3.461 22.911239691824793 21027
320 207.6 34.449413294797615 30.59331505259315 1113.459 3.461 23.56134156881574 22909
330 235.1 51.47017609527849 38.50252927020425 1113.459 3.461 24.466029857914737 24985
340 243.8 180.09305250205114 99.48409879080543 1113.459 3.461 26.788489171788097 27336
350 234.9 411.27898978288596 103.48834870608486 1113.459 0.415 39.341606838180965 29774
360 249.4 501.194017642342 179.0675406468019 1113.459 0.406 66.53959309528996 32123
370 280.6 464.7802341411255 247.31801171223245 1113.459 0.388 97.85450007221885 34617
380 328.1 404.3914017067979 303.54698453703736 1113.459 0.388 125.36682163375461 37423
390 377.7 362.24851337039877 319.85192160777285 1113.459 0.38 147.85796862716202 40704
400 427.8 321.749769985975 312.1006827010167 1113.459 0.38 166.06243991816729 44481
410 449.9 288.65502756168036 305.34283624439365 1113.459 0.38 179.72208014930575 48759
420 495.4 273.1596772305203 310.4271329735596 1113.459 0.373 188.92425316384393 53258
430 510.2 269.30930105840696 300.64049053776824 1113.459 0.373 196.09291754277464 58212
440 530.5 258.25305918944287 309.3963878243149 1113.459 0.373 201.9928762990806 63314
450 554.2 248.53359671598704 299.94599048207294 1113.459 0.373 206.34240442151568 68619
460 557.3 247.7989436569181 304.25475711785697 1113.459 0.373 209.4953229055701 74161
470 563.4 241.34940983315653 297.61581645086994 1113.459 0.373 212.17255066847255 79734
480 570.4 245.10499561711032 354.8517605958189 1707.472 0.373 214.09812494142997 85368
490 548.8 237.15080284256578 300.38478073735126 1707.472 0.373 216.04013994421985 91072
500 609.6 226.05897424540674 296.32433748949217 1707.472 0.373 217.23996718102725 96560
510 625.4 221.34769955228617 306.878151189981 1707.472 0.373 217.76366445215078 102656
520 660.5 212.03156654049948 293.33742015433205 1707.472 0.373 217.96947250941133 108910
530 705.1 201.0916173592409 302.9183333745227 1707.472 0.373 217.62995063844508 115515
540 699.4 197.74581055190183 294.6705552720599 1707.472 0.373 216.67853027756468 122566
550 701.7 193.7298220037058 291.4578378539592 1707.472 0.373 215.65649074560042 129560
560 695.2 194.80842261219797 323.9320397994728 1707.472 0.373 214.5299508848488 136577
570 774.6 199.61576917118435 285.16120150943425 1707.472 0.373 213.57471490778863 143529
580 852.4 165.8376553261378 272.8215400720296 1707.472 0.373 212.85995044785977 151275
590 859.1 172.23597287859354 254.06622040103764 1707.472 0.373 210.35168666887765 159799
600 813 187.61546555965546 282.20547287771916 1707.472 0.373 208.40708130530305 168390
610 856.3 165.92586651874328 273.59078019944354 1707.472 0.373 207.44947969635157 176520
620 857.3 163.56732614020632 276.4643598629936 1707.472 0.373 205.5283594441412 185083
630 859.2 158.94332274208588 258.8025009531653 1707.472 0.373 203.67077724418542 193656
640 996.2 155.80706595061264 258.9089375657027 1707.472 0.373 201.77064330425998 202248
650 929.3 151.8493537070918 251.84860668884937 1707.472 0.373 199.61292614862626 212210
660 979.8 150.10327097366778 247.50283585018914 1707.472 0.373 197.6090396157162 221503
670 970.2 149.84576643990945 253.47048674986561 1707.472 0.373 195.5966768453227 231301
680 978.4 151.79271678250203 255.13934663856148 1707.472 0.373 193.75489341211514 241003
690 991.3 150.0380367194587 243.5627820490563 1707.472 0.373 192.1178151897825 250787
700 944 173.9444365466107 265.6168561445266 1707.472 0.373 190.51775057920972 260700
710 995.2 148.4946570538597 253.43257743996966 1707.472 0.373 189.9385987154808 270140
720 884.8 153.6940022603981 276.59684804328134 1707.472 0.373 188.46604645616438 280092
730 882.6 162.5553856786765 293.98269990707945 1707.472 0.373 187.40124737315705 288940
740 730.3 188.20038696426087 294.48442194628257 1707.472 0.373 186.66479802932503 297766
750 516.2 267.0571749321962 343.8127387380578 1707.472 0.373 186.70155825731226 305069
760 277.2 455.67610642135656 328.1449826361399 1707.472 0.373 188.03861255967323 310231
770 159.3 125.2216145637167 170.19762967348197 1707.472 0.373 190.40884905256496 313003
780 51.8 68.66646525096519 150.19487498452003 1707.472 0.373 190.07876454881813 314596
790 16.5 33.55570303030301 46.76124005448338 1707.472 0.373 189.879180997988 315114
800 6.5 40.80356923076923 56.92384558255657 1707.472 0.373 189.79736973283977 315279
810 1.6 61.40343750000001 84.80063347712147 1707.472 0.373 189.7666585189507 315344
814 0 0 0 1707.472 0.373 189.76014592529168 315360
