10 0.1 121 0 121 121 0 0
20 0.1 230.0 0.0 230 121 121.0 1
30 0.1 398.0 0.0 398 121 175.5 2
40 0.1 690.0 0.0 690 121 249.66666666666666 3
50 0.1 939.0 0.0 939 121 359.75 4
60 0.1 2068.0 0.0 2068 121 475.6 5
70 0.1 2129.0 0.0 2129 121 741.0 6
80 0.1 1365.0 0.0 2129 121 939.2857142857143 7
90 0.1 1632.0 0.0 2129 121 992.5 8
100 0.1 1819.0 0.0 2129 121 1063.5555555555557 9
110 0.1 1902.0 0.0 2129 121 1139.1 10
120 0.1 1594.0 0.0 2129 121 1208.4545454545455 11
130 0.1 1702.0 0.0 2129 121 1240.5833333333333 12
140 0.1 1882.0 0.0 2129 121 1276.076923076923 13
150 0.1 2081.0 0.0 2129 121 1319.357142857143 14
160 0.1 2257.0 0.0 2257 121 1370.1333333333334 15
170 0.1 2347.0 0.0 2347 121 1425.5625 16
180 0.1 1826.0 0.0 2347 121 1479.764705882353 17
190 0.1 2341.0 0.0 2347 121 1499.0 18
200 0.1 2636.0 0.0 2636 121 1543.3157894736842 19
210 0.1 3188.0 0.0 3188 121 1597.95 20
220 0.1 4145.0 0.0 4145 121 1673.6666666666667 21
230 0.1 4046.0 0.0 4145 121 1786.0 22
240 0.1 4264.0 0.0 4264 121 1884.2608695652175 23
250 0.1 3947.0 0.0 4264 121 1983.4166666666667 24
260 0.1 4251.0 0.0 4264 121 2061.96 25
270 0.1 5418.0 0.0 5418 121 2146.153846153846 26
280 0.1 5930.0 0.0 5930 121 2267.3333333333335 27
290 0.1 6663.0 0.0 6663 121 2398.1428571428573 28
300 0.1 7330.0 0.0 7330 121 2545.206896551724 29
310 0.1 7617.0 0.0 7617 121 2704.7 30
320 0.1 8333.0 0.0 8333 121 2863.1612903225805 31
330 0.1 8810.0 0.0 8810 121 3034.09375 32
340 0.1 9567.0 0.0 9567 121 3209.121212121212 33
350 0.1 9529.0 0.0 9567 121 3396.1176470588234 34
360 0.1 9226.0 0.0 9567 121 3571.342857142857 35
370 0.1 10410.0 0.0 10410 121 3728.4166666666665 36
380 0.1 11287.0 0.0 11287 121 3909.0 37
390 0.1 12684.0 0.0 12684 121 4103.1578947368425 38
400 0.1 14738.0 0.0 14738 121 4323.179487179488 39
410 0.1 16698.0 0.0 16698 121 4583.550000000001 40
420 0.1 17901.0 0.0 17901 121 4879.024390243904 41
430 0.1 18901.0 0.0 18901 121 5189.07142857143 42
440 0.1 19692.0 0.0 19692 121 5507.953488372094 43
450 0.1 19761.0 0.0 19761 121 5830.318181818183 44
460 0.1 21143.0 0.0 21143 121 6139.8888888888905 45
470 0.1 20949.0 0.0 21143 121 6466.043478260871 46
480 0.1 20897.0 0.0 21143 121 6774.191489361703 47
490 0.1 21568.0 0.0 21568 121 7068.416666666668 48
500 0.1 21991.0 0.0 21991 121 7364.326530612246 49
510 0.1 22981.0 0.0 22981 121 7656.8600000000015 50
520 0.1 23745.0 0.0 23745 121 7957.333333333335 51
530 0.1 24371.0 0.0 24371 121 8260.942307692309 52
540 0.1 25895.0 0.0 25895 121 8564.905660377359 53
550 0.1 25861.0 0.0 25895 121 8885.833333333334 54
560 0.1 25729.0 0.0 25895 121 9194.472727272729 55
570 0.1 26776.0 0.0 26776 121 9489.732142857143 56
580 0.1 31932.0 0.0 31932 121 9793.0 57
590 0.1 31661.0 0.0 31932 121 10174.706896551725 58
600 0.1 31297.0 0.0 31932 121 10538.881355932202 59
610 0.1 34898.0 0.0 34898 121 10884.85 60
620 0.1 31164.0 0.0 34898 121 11278.508196721312 61
630 0.1 31855.0 0.0 34898 121 11599.241935483871 62
640 0.1 33354.0 0.0 34898 121 11920.761904761905 63
650 0.1 35737.0 0.0 35737 121 12255.65625 64
660 0.1 35920.0 0.0 35920 121 12616.907692307692 65
670 0.1 36436.0 0.0 36436 121 12969.984848484848 66
680 0.1 35197.0 0.0 36436 121 13320.223880597016 67
690 0.1 35828.0 0.0 36436 121 13641.941176470587 68
700 0.1 36410.0 0.0 36436 121 13963.478260869566 69
710 0.1 37357.0 0.0 37357 121 14284.142857142857 70
720 0.1 35280.0 0.0 37357 121 14609.112676056338 71
730 0.1 32043.0 0.0 37357 121 14896.208333333334 72
740 0.1 29482.0 0.0 37357 121 15131.09589041096 73
750 0.1 22599.0 0.0 37357 121 15325.027027027027 74
760 0.1 14105.0 0.0 37357 121 15422.013333333334 75
770 0.1 8029.0 0.0 37357 121 15404.684210526315 76
780 0.1 3386.0 0.0 37357 121 15308.896103896104 77
790 0.1 1056.0 0.0 37357 121 15156.038461538461 78
800 0.1 343.0 0.0 37357 121 14977.556962025317 79
810 0.1 105.0 0.0 37357 105 14794.625 80
