40 0.1 43499.335 0 43499.335 43499.335 0 0
50 0.8 45618.54575 4297.004838467916 52127.3 39933.98 43499.335 1
60 0.9 48512.48966666666 6147.901217881704 58496.926 38886.987 45383.07788888889 9
70 0.4 48406.96425 8135.967972066608 59254.869 37967.899 46947.783777777775 18
80 1.6 50832.950625 11554.047988530561 71779.012 36637.564 47213.08931818182 22
90 0.7 49240.90171428571 8273.86310151598 71779.012 36637.564 48737.24144736842 38
100 1.6 46220.401874999996 8144.231182483931 71779.012 36637.564 48815.588599999995 45
110 1.8 48274.068222222224 10293.324720972645 80121.926 36227.77 48134.883885245894 61
120 1 45926.43060000001 6683.5052897565965 80121.926 36227.77 48166.59677215189 79
130 1.8 51610.40861111112 10502.970894481248 81529.177 36227.77 47914.89270786516 89
140 1.4 45686.84421428571 7353.055112206696 81529.177 36227.77 48536.56828037383 107
150 0.6 49711.209833333334 9678.922565980289 81529.177 36227.77 48206.848140495866 121
160 2.1 48536.730380952395 12411.381643615034 81529.177 36227.77 48277.92034645669 127
170 2.5 49411.00176 8703.36149975174 81529.177 36227.77 48314.64339189189 148
180 1.2 47541.91108333333 7060.187980650436 81529.177 35260.942 48473.07668208092 173
190 1.8 46322.15911111111 8213.085569926214 81529.177 35260.942 48412.67675135135 185
200 1.4 49275.88585714286 7390.000963049482 81529.177 35260.942 48227.31065517241 203
210 2 53162.19885000001 10792.724245332909 81899.21 35260.942 48294.960668202766 217
220 2.2 46462.558909090905 6144.279031986456 81899.21 35260.942 48705.698067510544 237
230 3.2 48088.252125 9402.074365340668 81899.21 35260.942 48515.16115057915 259
240 5.2 49872.281749999995 9458.75745139809 87008.731 35260.942 48468.21582817869 291
250 3.1 48871.42867741936 9415.968130791394 87008.731 34576.086 48681.07713411078 343
260 2.1 47417.9741904762 8028.220057845898 87008.731 34576.086 48696.85493582887 374
270 3.8 47522.18257894738 9560.083680558704 87008.731 32397.647 48628.863807594935 395
280 4.1 47630.73914634147 8967.67733132231 87008.731 32397.647 48531.741667436494 433
290 5 48219.16914 9305.87817935737 87008.731 32397.647 48453.806850210975 474
300 6 49606.46819999997 9645.171571796895 87008.731 32397.647 48431.41775572519 524
310 6.1 48732.66418032786 9748.003092113586 97375.059 32397.647 48552.14211643835 584
320 6.4 51891.88618749999 10777.717687967193 97375.059 32397.647 48569.214745736426 645
330 6 50046.40520000001 13586.62070453396 120098.902 32397.647 48869.14559520451 709
340 5.8 52525.08901724139 14195.518547014137 120098.902 32397.647 48960.99940052015 769
350 4.9 50886.49951020408 10089.403522132498 120098.902 32397.647 49210.95973639662 827
360 7.7 53861.96128571428 8404.59872419173 120098.902 32397.647 49304.682851598176 876
370 6.8 55871.40492647058 7758.525647415118 120098.902 32397.647 49672.89947219308 953
380 8 57272.1006375 6161.651141019439 120098.902 32397.647 50085.72843486778 1021
390 9.1 60178.47952747252 9554.42099679125 120098.902 32397.647 50607.89898546776 1101
400 11.6 62272.430353448304 10860.509979904962 120098.902 32397.647 51338.53894295302 1192
410 11.5 58258.04620869566 11605.177315666222 120098.902 32397.647 52308.211269877684 1308
420 14.7 56889.70990476189 9220.92417181572 120098.902 32397.647 52789.04824666198 1423
430 16.6 57833.07006024097 9698.953773937028 120098.902 32397.647 53172.99554840764 1570
440 16.1 58765.179546583815 10846.588916667972 120098.902 32397.647 53618.60175172811 1736
450 16.7 56698.798940119785 10038.506195029893 120098.902 32397.647 54055.39617712176 1897
460 17.7 57664.42183615819 11050.962707676506 120098.902 32397.647 54269.276148740304 2064
470 19.4 57522.88611855667 14234.431859665989 137372.524 32397.647 54537.43357251226 2241
480 17.8 56075.54367415729 10377.742252229495 137372.524 32397.647 54775.288929363436 2435
490 18.7 55529.740219251325 10457.878803434964 137372.524 32397.647 54863.86349674702 2613
500 18.9 55710.035820105804 10243.792467575919 137372.524 32397.647 54908.334549285704 2800
510 18.8 55744.047526595765 10255.681538897441 137372.524 32397.647 54959.027603880895 2989
520 20.1 55567.01903482583 11469.740509675568 137372.524 32397.647 55005.48141107963 3177
530 19.7 55601.439086294435 10657.110109837064 137372.524 32397.647 55038.89439579633 3378
540 22.9 55328.141510917034 10552.23811161875 137372.524 32397.647 55069.89336195804 3575
550 23.7 55688.104898734215 10109.383762150766 137372.524 32397.647 55085.4398462145 3804
560 24 54984.176066666696 10072.156659866827 137372.524 32397.647 55120.78545805493 4041
570 22.1 54127.387334841645 10238.806760414162 137372.524 32397.647 55113.126907731836 4281
580 22.2 55725.74817117113 11833.044933103014 137372.524 32397.647 55064.7376483785 4502
590 26.2 53350.564832061085 10032.823433486246 137372.524 32397.647 55095.80122502117 4724
600 28.7 54589.49193031357 10674.357437282579 137372.524 32397.647 55004.09405796229 4986
610 30.3 55193.74153465344 9705.004061552476 137372.524 32397.647 54981.52800246539 5273
620 27.5 55422.68084363637 10730.781848821498 137372.524 32397.647 54993.05969189383 5576
630 28.9 54774.327003460225 10666.413617059958 137372.524 32397.647 55013.252106306616 5851
640 27.2 54719.47541544116 10631.65979883805 137372.524 32397.647 55002.00628306189 6140
650 28.3 54109.677183745574 11181.283985696915 137372.524 32397.647 54990.02119323145 6412
660 32.7 53020.55882262994 11398.63778048912 156873.482 32397.647 54952.8087429425 6695
670 34.4 53483.67421802326 11054.1345806525 156873.482 32397.647 54862.82786513815 7022
680 32.2 54273.86559627328 10850.049879482498 156873.482 32397.647 54798.41992940538 7366
690 31.1 54409.56536334401 10400.034241125193 156873.482 32397.647 54776.44978173778 7688
700 29.1 55901.96365635738 12173.703921293109 156873.482 32397.647 54762.18536692087 7999
710 36 54671.457455555515 10182.32177775416 156873.482 32397.647 54802.19447213511 8290
720 31.9 54924.307316614424 11970.487042672306 156873.482 32397.647 54796.753393988445 8650
730 33.1 54630.031359516615 9557.686026865933 156873.482 32397.647 54801.29009833872 8969
740 30.4 54971.28313815793 10819.862120380536 156873.482 32397.647 54795.19476043011 9300
750 27.8 54960.02787410066 10761.464890299396 156873.482 32397.647 54800.768569970845 9604
760 28 55129.35165357146 11130.499650080628 156873.482 32397.647 54805.248845881404 9882
770 22.5 61358.53183555553 10564.503269065439 156873.482 32397.647 54814.17905510727 10162
780 8.5 70729.04363529413 9230.88259037747 156873.482 32397.647 54955.940812650435 10387
790 2.8 77458.67074999998 6436.341739286923 156873.482 32397.647 55083.96924465241 10472
800 0.7 92010.51371428571 5383.636763850295 156873.482 32397.647 55143.63511533334 10500
810 0.5 101919.7274 8089.241651059204 156873.482 32397.647 55168.19666003617 10507
814 0 0 0 156873.482 32397.647 55190.43387975647 10512
