0 67.88828125 67.88828125
10 254.9015625 322.78984375
20 545.30703125 868.096875
30 942.471875 1810.56875
40 1357.9890625 3168.5578125
50 1515.028125 4683.5859375
60 1715.4171875 6399.003125
70 1946.7734375 8345.7765625
80 2305.0984375 10650.875
90 2558.815625 13209.690625
100 2651.84609375 15861.53671875
110 2279.21171875 18140.7484375
120 2208.15546875 20348.90390625
130 2440.6234375 22789.52734375
140 3071.31015625 25860.8375
150 3190.4171875 29051.2546875
160 3028.978125 32080.2328125
170 2523.1796875 34603.4125
180 2998.81875 37602.23125
190 3516.61640625 41118.84765625
200 4391.64140625 45510.4890625
210 5730.10546875 51240.59453125
220 6272.75546875 57513.35
230 5640.8515625 63154.2015625
240 5470.41640625 68624.61796875
250 5848.57265625 74473.190625
260 7538.6171875 82011.8078125
270 8476.5390625 90488.346875
280 9503.84375 99992.190625
290 10306.76171875 110298.95234375
300 10358.21328125 120657.165625
310 10740.5875 131397.753125
320 12070.45 143468.203125
330 13509.1359375 156977.3390625
340 13825.34296875 170802.68203125
350 13555.55859375 184358.240625
360 13325.15078125 197683.39140625
370 13589.93359375 211273.325
380 13565.5421875 224838.8671875
390 13563.25 238402.1171875
400 14140.4265625 252542.54375
410 13208.4390625 265750.9828125
420 13717.40546875 279468.38828125
430 14303.1921875 293771.58046875
440 13716.74453125 307488.325
450 14032.0875 321520.4125
460 13810.3421875 335330.7546875
470 13655.3859375 348986.140625
480 12519.7125 361505.853125
490 13269.4 374775.253125
500 13938.97890625 388714.23203125
510 13619.07890625 402333.3109375
520 13670.07265625 416003.38359375
530 13846.96875 429850.35234375
540 13441.84609375 443292.1984375
550 13375.51484375 456667.71328125
560 12110.7859375 468778.49921875
570 14594.01171875 483372.5109375
580 14179.34296875 497551.85390625
590 14574.8296875 512126.68359375
600 13327.2953125 525453.97890625
610 13883.63046875 539337.609375
620 13993.053125 553330.6625
630 14105.6046875 567436.2671875
640 15715.11484375 583151.38203125
650 14246.86875 597398.25078125
660 14569.5421875 611967.79296875
670 14609.2484375 626577.04140625
680 14454.83125 641031.87265625
690 14749.15390625 655781.0265625
700 13957.8109375 669738.8375
710 14119.11328125 683857.95078125
720 12074.153125 695932.10390625
730 12100.9359375 708033.03984375
740 11942.15859375 719975.1984375
750 10508.4125 730483.6109375
760 8312.765625 738796.3765625
770 5988.8609375 744785.2375
780 1982.71875 746767.95625
790 739.5265625 747507.4828125
800 312.7203125 747820.203125
810 52.97890625 747873.18203125
814 0 747873.18203125
