0 1.39140625 1.39140625
10 10.4875 11.87890625
20 51.74921875 63.628125
30 88.14375 151.771875
40 136.80625 288.578125
50 156.565625 445.14375
60 171.6921875 616.8359375
70 196.3859375 813.221875
80 246.8203125 1060.0421875
90 268.53515625 1328.57734375
100 295.35546875 1623.9328125
110 250.09296875 1874.02578125
120 221.06015625 2095.0859375
130 261.67890625 2356.76484375
140 321.36640625 2678.13125
150 337.01484375 3015.14609375
160 331.75546875 3346.9015625
170 271.709375 3618.6109375
180 302.3015625 3920.9125
190 346.2546875 4267.1671875
200 444.9015625 4712.06875
210 613.0484375 5325.1171875
220 661.309375 5986.4265625
230 614.16171875 6600.58828125
240 581.409375 7181.99765625
250 594.91640625 7776.9140625
260 744.89921875 8521.81328125
270 892.55078125 9414.3640625
280 1017.69140625 10432.05546875
290 1095.9765625 11528.03203125
300 1093.05 12621.08203125
310 1125.44140625 13746.5234375
320 1235.8390625 14982.3625
330 1422.18671875 16404.54921875
340 1493.26015625 17897.809375
350 1447.875 19345.684375
360 1443.6015625 20789.2859375
370 1547.7828125 22337.06875
380 1692.3625 24029.43125
390 1884.88203125 25914.31328125
400 2059.61015625 27973.9234375
410 2117.33515625 30091.25859375
420 2283.81171875 32375.0703125
430 2333.49140625 34708.56171875
440 2426.07578125 37134.6375
450 2494.71328125 39629.35078125
460 2489.37421875 42118.725
470 2520.734375 44639.459375
480 2482.0515625 47121.5109375
490 2366.625 49488.1359375
500 2654.628125 52142.7640625
510 2722.0765625 54864.840625
520 2855.40390625 57720.24453125
530 3003.05078125 60723.2953125
540 2954.4453125 63677.740625
550 2953.92578125 66631.66640625
560 2870.528125 69502.19453125
570 3208.61015625 72710.8046875
580 3511.10625 76221.9109375
590 3567.884375 79789.7953125
600 3400.253125 83190.0484375
610 3516.9984375 86707.046875
620 3486.3015625 90193.3484375
630 3509.38984375 93702.73828125
640 4026.35546875 97729.09375
650 3762.4859375 101491.5796875
660 3965.84765625 105457.42734375
670 3912.46953125 109369.896875
680 3936.06796875 113305.96484375
690 3996.528125 117302.49296875
700 3816.2625 121118.75546875
710 4027.85078125 125146.60625
720 3623.26796875 128769.87421875
730 3638.103125 132407.97734375
740 3059.940625 135467.91796875
750 2274.50078125 137742.41875
760 1369.5671875 139111.9859375
770 851.86875 139963.8546875
780 310.565625 140274.4203125
790 104.65234375 140379.07265625
800 40.5 140419.57265625
810 10.5359375 140430.10859375
814 0 140430.10859375
