0 0.7 7
10 1.4 21
20 0.4 25
30 1.2 37
40 1.1 48
50 0.5 53
60 2 73
70 1.6 89
80 1.7 106
90 1.5 121
100 0.8 129
110 1.4 143
120 2.5 168
130 1.5 183
140 1.9 202
150 2 222
160 1.8 240
170 1.5 255
180 3.8 293
190 4.6 339
200 2.8 367
210 3.3 400
220 3.2 432
230 3.5 467
240 5.5 522
250 6.6 588
260 6.6 654
270 5.5 709
280 5.4 763
290 5.6 819
300 8.5 904
310 9.1 995
320 11.1 1106
330 10 1206
340 10.5 1311
350 9.4 1405
360 14.2 1547
370 16.5 1712
380 16.3 1875
390 15 2025
400 17.3 2198
410 15.4 2352
420 18.1 2533
430 19.9 2732
440 16.7 2899
450 20.3 3102
460 19.6 3298
470 18.7 3485
480 22.2 3707
490 23 3937
500 24 4177
510 21.9 4396
520 20.7 4603
530 23.6 4839
540 27.9 5118
550 31.6 5434
560 30.5 5739
570 25.2 5991
580 27.8 6269
590 25.9 6528
600 25.3 6781
610 36.6 7147
620 34.5 7492
630 34.4 7836
640 32.7 8163
650 28 8443
660 33.2 8775
670 34.9 9124
680 32 9444
690 31.3 9757
700 27.2 10029
710 35 10379
720 13.3 10512
730 0 10512
740 0 10512
750 0 10512
760 0 10512
770 0 10512
780 0 10512
790 0 10512
800 0 10512
810 0 10512
814 0 10512
