0 7 7
10 21 21
20 25 25
30 37 37
40 47 47
50 44 48
60 55 55
70 67 67
80 68 69
90 76 78
100 68 78
110 64 78
120 79 79
130 76 83
140 81 83
150 95 97
160 92 97
170 82 97
180 108 109
190 136 136
200 150 150
210 163 164
220 173 177
230 176 177
240 179 179
250 214 214
260 259 259
270 276 277
280 289 296
290 295 301
300 320 320
310 350 350
320 397 401
330 437 437
340 484 489
350 529 529
360 594 595
370 691 693
380 774 774
390 833 833
400 890 894
410 929 942
420 963 967
430 996 1001
440 1002 1010
450 1038 1044
460 1057 1057
470 1050 1066
480 1094 1094
490 1137 1137
500 1188 1188
510 1219 1223
520 1225 1238
530 1264 1272
540 1314 1319
550 1393 1395
560 1458 1460
570 1489 1489
580 1545 1545
590 1542 1584
600 1508 1584
610 1571 1584
620 1641 1641
630 1696 1699
640 1751 1756
650 1748 1779
660 1753 1779
670 1758 1779
680 1756 1779
690 1758 1779
700 1739 1779
710 1729 1779
720 1543 1779
730 1212 1779
740 908 1779
750 630 1779
760 350 1779
770 125 1779
780 40 1779
790 12 1779
800 5 1779
810 0 1779
814 0 1779
