0 1.1 11
10 1.6 27
20 4.9 76
30 6.3 139
40 11.1 250
50 11.7 367
60 15.9 526
70 16.2 688
80 16.6 854
90 17.3 1027
100 20 1227
110 19.4 1421
120 20.7 1628
130 20.2 1830
140 22 2050
150 25.8 2308
160 27.3 2581
170 27.1 2852
180 25.1 3103
190 27.7 3380
200 35.4 3734
210 43.1 4165
220 51.4 4679
230 53.1 5210
240 58.2 5792
250 61.8 6410
260 58.7 6997
270 62.7 7624
280 64.4 8268
290 61 8878
300 61.9 9497
310 90.5 10402
320 92.4 11326
330 92.4 12250
340 93.2 13182
350 89.7 14079
360 87.3 14952
370 96.9 15921
380 96.9 16890
390 83.5 17725
400 88 18605
410 91.9 19524
420 91.3 20437
430 106.9 21506
440 97 22476
450 95.1 23427
460 99 24417
470 104.6 25463
480 105 26513
490 111.1 27624
500 99.9 28623
510 104.8 29671
520 116.2 30833
530 109.2 31925
540 125.1 33176
550 117.9 34355
560 126.8 35623
570 116.1 36784
580 138.7 38171
590 130.1 39472
600 131.8 40790
610 116.8 41958
620 119.4 43152
630 126.7 44419
640 131.7 45736
650 129.8 47034
660 130.7 48341
670 122.2 49563
680 132.9 50892
690 133.1 52223
700 138.8 53611
710 111.9 54730
720 88.4 55614
730 67.3 56287
740 62.7 56914
750 64.8 57562
760 57.4 58136
770 49.9 58635
780 48.1 59116
790 59.9 59715
800 49.6 60211
810 19.8 60409
820 3.8 60447
830 1.4 60461
840 0.3 60464
845 0 60464
