10 0.8 8
20 4.4 52
30 7.1 123
40 10.4 227
50 14.1 368
60 17.7 545
70 17.4 719
80 18.7 906
90 19.3 1099
100 22.2 1321
110 24.5 1566
120 22.7 1793
130 20.2 1995
140 23.4 2229
150 30.3 2532
160 34.9 2881
170 30.4 3185
180 25.1 3436
190 25.8 3694
200 36.2 4056
210 48.1 4537
220 58.3 5120
230 61.2 5732
240 68.1 6413
250 66.2 7075
260 67.3 7748
270 65.9 8407
280 70.2 9109
290 70.5 9814
300 65.9 10473
310 93.5 11408
320 97.4 12382
330 103.2 13414
340 101.2 14426
350 95.8 15384
360 96.7 16351
370 101.7 17368
380 94.5 18313
390 77.2 19085
400 78.6 19871
410 77.9 20650
420 67.7 21327
430 67.2 21999
440 61.3 22612
450 55.8 23170
460 50.4 23674
470 56.5 24239
480 52.4 24763
490 53.3 25296
500 46.5 25761
510 48 26241
520 42.3 26664
530 46.8 27132
540 41.6 27548
550 38.7 27935
560 39.6 28331
570 36.4 28695
580 37 29065
590 32.6 29391
600 29.9 29690
610 26.5 29955
620 26.9 30224
630 24.5 30469
640 24.4 30713
650 23.6 30949
660 22.6 31175
670 23 31405
680 21.1 31616
690 21.4 31830
700 23.3 32063
710 19.8 32261
720 24.4 32505
730 27 32775
740 27.7 33052
750 36.2 33414
760 40.4 33818
770 46 34278
780 52.7 34805
790 67.4 35479
800 55.8 36037
810 21.9 36256
820 4.5 36301
830 1.4 36315
840 0.1 36316
845 0.1 36317
