350 0.4 4
360 1 14
370 11.1 125
380 27.4 399
390 82.3 1222
400 114.7 2369
410 147.6 3845
420 157.8 5423
430 178.6 7209
440 195.2 9161
450 216.5 11326
460 237 13696
470 252.3 16219
480 255.2 18771
490 255.2 21323
500 247.5 23798
510 264 26438
520 273.2 29170
530 283.5 32005
540 298.1 34986
550 317.9 38165
560 341.5 41580
570 346.2 45042
580 393.5 48977
590 426.5 53242
600 450.6 57748
610 447.8 62226
620 428.6 66512
630 436.1 70873
640 449.2 75365
650 468.9 80054
660 453.5 84589
670 473.2 89321
680 452.5 93846
690 456.5 98411
700 469.6 103107
710 484.7 107954
720 460.9 112563
730 466.4 117227
740 371.7 120944
750 246.8 123412
760 135.3 124765
770 56.2 125327
780 31.5 125642
790 8.9 125731
800 1.2 125743
810 0.2 125745
820 0 125745
830 0 125745
840 0 125745
845 0 125745
