370 3.4 34
380 8.1 115
390 20.5 320
400 26.7 587
410 34.8 935
420 36.3 1298
430 45.9 1757
440 43.9 2196
450 50.7 2703
460 53.2 3235
470 61.3 3848
480 61.1 4459
490 65.8 5117
500 64.1 5758
510 61 6368
520 68.5 7053
530 67.8 7731
540 75.5 8486
550 71.8 9204
560 85.1 10055
570 79.2 10847
580 89.6 11743
590 94.2 12685
600 101.6 13701
610 82.4 14525
620 92.7 15452
630 96.7 16419
640 91.3 17332
650 97.2 18304
660 97.1 19275
670 97.2 20247
680 101.1 21258
690 101.3 22271
700 103.8 23309
710 93.1 24240
720 78.4 25024
730 76 25784
740 72.4 26508
750 79.8 27306
760 57.6 27882
770 34 28222
780 26 28482
790 9.7 28579
800 2.4 28603
810 0.3 28606
820 0.1 28607
830 0 28607
840 0 28607
845 0 28607
