400 0.1 1
410 0.6 7
420 1.5 22
430 5 72
440 6.8 140
450 7.2 212
460 8.2 294
470 10.8 402
480 16.5 567
490 15.2 719
500 15.8 877
510 16.8 1045
520 17.9 1224
530 17 1394
540 18.2 1576
550 19.8 1774
560 21 1984
570 21.5 2199
580 21.2 2411
590 23.2 2643
600 25.6 2899
610 24.8 3147
620 28.2 3429
630 28.3 3712
640 30.1 4013
650 25.7 4270
660 27.8 4548
670 34.2 4890
680 32.2 5212
690 31.1 5523
700 32 5843
710 28.9 6132
720 22.7 6359
730 24.9 6608
740 29.2 6900
750 33 7230
760 30 7530
770 28.6 7816
780 20.1 8017
790 7.4 8091
800 1.8 8109
810 0.2 8111
820 0 8111
830 0 8111
840 0 8111
845 0 8111
