350 0.5 5
360 2.7 32
370 14 172
380 25.7 429
390 68.3 1112
400 81.2 1924
410 97.6 2900
420 98.2 3882
430 101.2 4894
440 124.6 6140
450 131.1 7451
460 135.2 8803
470 116.7 9970
480 136.1 11331
490 122.4 12555
500 121.1 13766
510 141.1 15177
520 131 16487
530 134.3 17830
540 126.7 19097
550 163.6 20733
560 158.9 22322
570 175.9 24081
580 183.2 25913
590 202.4 27937
600 211.9 30056
610 255.5 32611
620 230 34911
630 230.5 37216
640 221 39426
650 234.1 41767
660 207.3 43840
670 248.8 46328
680 223.4 48562
690 226.8 50830
700 218.2 53012
710 267.7 55689
720 268.5 58374
730 286.5 61239
740 207.6 63315
750 91.7 64232
760 36 64592
770 5.6 64648
780 10.7 64755
790 0 64755
800 0 64755
810 0 64755
820 0 64755
830 0 64755
840 0 64755
845 0 64755
