0 9 9
10 12 3
20 24 12
30 31 7
40 45 14
50 48 3
60 54 6
70 63 9
80 63 0
90 65 2
100 75 10
110 70 -5
120 76 6
130 79 3
140 83 4
150 93 10
160 88 -5
170 91 3
180 101 10
190 122 21
200 160 38
210 184 24
220 215 31
230 206 -9
240 221 15
250 239 18
260 242 3
270 285 43
280 310 25
290 335 25
300 376 41
310 457 81
320 526 69
330 574 48
340 651 77
350 700 49
360 755 55
370 849 94
380 925 76
390 911 -14
400 943 32
410 949 6
420 982 33
430 1019 37
440 1029 10
450 1015 -14
460 986 -29
470 960 -26
480 1017 57
490 1046 29
500 1054 8
510 1068 14
520 1070 2
530 1051 -19
540 1101 50
550 1157 56
560 1185 28
570 1182 -3
580 1229 47
590 1195 -34
600 1175 -20
610 1209 34
620 1266 57
630 1234 -32
640 1243 9
650 1209 -34
660 1210 1
670 1229 19
680 1317 88
690 1275 -42
700 1240 -35
710 1253 13
720 1128 -125
730 880 -248
740 742 -138
750 677 -65
760 610 -67
770 533 -77
780 345 -188
790 249 -96
800 113 -136
810 28 -85
820 9 -19
830 1 -8
840 1 0
845 0 -1
