0 0.9 3.983 7.493306094256542 25.171 1.14 0 0
10 0.3 1.3696666666666666 0.13885564046479668 25.171 1.14 3.983 9
20 1.2 1.2525 0.19093999930170036 25.171 0.924 3.3296666666666668 12
30 0.7 1.2794285714285714 0.17976878574026864 25.171 0.924 2.2910833333333334 24
40 1.8 1.2434999999999998 0.21660697895805048 25.171 0.924 2.0626451612903227 31
50 0.7 1.3444285714285713 0.15267880116941773 25.171 0.924 1.761734693877551 49
60 1.4 1.704142857142857 1.7425170159916394 25.171 0.924 1.7095714285714287 56
70 1.8 1.4429444444444446 0.6542415857075549 25.171 0.924 1.7084857142857142 70
80 1.3 1.2033076923076922 0.1560184331394529 25.171 0.924 1.6541704545454545 88
90 1.1 1.228909090909091 0.21636604276736662 25.171 0.924 1.5961386138613862 101
100 1.8 1.1686111111111108 0.19243040268248465 25.171 0.924 1.5600714285714286 112
110 1.2 1.3040833333333335 0.23350819340847312 25.171 0.924 1.5058692307692307 130
120 1.8 2.3886666666666665 4.990793991607614 25.171 0.789 1.4888169014084507 142
130 2 1.23585 0.2620221889458983 25.171 0.789 1.5900500000000002 160
140 1.9 1.1490000000000002 0.22784620851978665 25.171 0.766 1.5506944444444444 180
150 1.8 1.1745555555555554 0.1792884771107484 25.171 0.766 1.5123417085427135 199
160 1 1.2114 0.2455887619578714 25.171 0.766 1.4843225806451614 217
170 2.7 1.3355555555555558 0.40338395764327395 25.171 0.766 1.4722995594713655 227
180 3.4 1.4366764705882356 1.668450456183966 25.171 0.766 1.457763779527559 254
190 3.9 1.1731282051282055 0.24983463038138662 25.171 0.766 1.4552743055555557 288
200 4.9 1.176265306122449 0.25256728951926916 25.171 0.766 1.4216238532110093 327
210 4.1 1.207073170731708 0.25924104897819 25.171 0.766 1.389648936170213 376
220 4.9 1.2164285714285719 0.2663765939340737 25.171 0.756 1.3716978417266188 417
230 2.8 1.4579285714285717 1.3850721984423626 25.171 0.756 1.3553712446351933 466
240 4.9 2.3130000000000006 4.504948480984719 31.458 0.756 1.3611842105263159 494
250 6.1 1.2995409836065566 0.3400889263538886 31.458 0.756 1.4470755064456724 543
260 4.2 2.370380952380952 6.103788932381734 41.309 0.756 1.4321754966887417 604
270 8 1.387025 1.3344771352012745 41.309 0.756 1.493173374613003 646
280 6.2 1.2849677419354841 0.32387432686858425 41.309 0.756 1.4814765840220385 726
290 5.2 1.281423076923077 0.46521539040261295 41.309 0.721 1.4660152284263959 788
300 7.4 2.024648648648649 3.723483436726859 41.309 0.721 1.4545880952380952 840
310 12.1 1.4353801652892573 0.9004481735922356 41.309 0.721 1.5007417943107222 914
320 10.6 1.54511320754717 1.329334755749818 41.309 0.721 1.4931004830917876 1035
330 9.8 1.2587551020408179 0.8779820562206254 41.309 0.721 1.4979325153374234 1141
340 10.8 1.2361203703703705 0.33495452199853964 41.309 0.721 1.4790145278450366 1239
350 10.1 1.3693465346534655 0.5042050980541876 41.309 0.721 1.4595397178916114 1347
360 10.3 4.060776699029128 20.478376692023904 208.577 0.721 1.4532486187845308 1448
370 24.4 1.3296352459016412 1.0978429717973965 208.577 0.694 1.626411347517731 1551
380 39.2 1.3434591836734686 1.2622629696130976 208.577 0.523 1.586069637883009 1795
390 86.4 1.6619930555555547 2.131986347206284 208.577 0.492 1.5425839048925474 2187
400 126.8 2.0714424290220803 3.0105595975722133 208.577 0.431 1.5763988856112752 3051
410 157.8 2.7869315589353585 3.4774654277791845 208.577 0.431 1.7217369761518868 4319
420 172 2.8714837209302373 3.703287976821389 208.577 0.431 2.006776326945904 5897
430 197.5 3.066976708860762 3.8168498688023482 208.577 0.431 2.202036497308652 7617
440 213.2 3.182627110694193 3.7346893263345025 208.577 0.431 2.3801283361134287 9592
450 234.5 4.831110447761201 9.05903525625964 208.577 0.431 2.526062094848177 11724
460 250.8 3.4610211323764006 3.8736099044866568 208.577 0.418 2.9102641268036136 14069
470 267.7 4.274388868135985 4.684368388100816 208.577 0.418 2.9935903360077245 16577
480 279.3 4.561470461868962 5.034416331697642 208.577 0.418 3.1716674976628276 19254
490 279.8 4.3915886347391115 4.9712390010629415 208.577 0.418 3.347733160974286 22047
500 266.3 3.9218028539241376 4.372637099648107 208.577 0.418 3.465290319983905 24845
510 285.8 4.111022743177042 4.628549897212655 208.577 0.418 3.509484477242988 27508
520 296.3 4.311790077624036 4.630044769270591 208.577 0.418 3.5661003095567443 30366
530 303.4 4.444762689518792 4.640496296492882 208.577 0.418 3.63239329112785 33329
540 323.6 4.959050679851677 4.95538765856195 208.577 0.418 3.700174518054069 36363
550 345.8 5.244282244071707 5.221644698797213 208.577 0.418 3.803048915376654 39599
560 368 5.844001086956521 5.3943633768820805 208.577 0.418 3.9187974545370112 43057
570 370.3 6.822407507426405 6.050547794325356 208.577 0.418 4.070385048248713 46737
580 422.1 8.060789860222682 6.3847419924396895 208.577 0.418 4.272421907216497 50440
590 448.8 11.894940730837785 8.635704341110541 208.577 0.418 4.564965057353507 54661
600 477.3 12.589470354075019 7.9007915753743 208.577 0.418 5.121135589781738 59149
610 483.2 11.571167218543037 7.709509055956527 208.577 0.418 5.678789634241733 63922
620 466.2 10.184349849849871 6.986099094226572 208.577 0.418 6.092903263810106 68754
630 468.2 10.333220632208455 7.560281543493715 208.577 0.418 6.352714803312631 73416
640 478.2 11.775925763278957 7.691937426147177 208.577 0.418 6.591347396860356 78098
650 496.9 17.796434695109728 15.181827133553881 208.577 0.418 6.89048655888031 82880
660 481.5 16.586666458982275 10.736542753932785 208.577 0.418 7.5073593324909815 87849
670 508.2 12.98532014954742 7.8158603990899875 208.577 0.418 7.9791376262626255 92664
680 495.6 12.539805891848308 8.202131092778824 208.577 0.418 8.239418554211936 97746
690 486.5 13.099909969167511 8.438563892429316 208.577 0.418 8.446938560105938 102702
700 498 15.492482730923644 10.374850956451235 208.577 0.418 8.657381408796377 107567
710 516.9 13.06130276649254 7.674447909879184 208.577 0.418 8.959822207611039 112547
720 476.7 10.910743024963308 7.855419911833649 208.577 0.418 9.139921370077131 117716
730 477.9 7.70163569784472 6.014744545135826 208.577 0.418 9.208841194288183 122483
740 391.7 5.001324738320162 4.773294114051898 208.577 0.418 9.152241933963001 127262
750 271.2 3.634236356932151 4.094119947840619 208.577 0.418 9.028295702818282 131179
760 152.6 3.056072083879413 3.534637356391702 208.577 0.418 8.919037508122274 133891
770 67.9 2.192004418262148 2.8525353988597213 208.577 0.418 8.852968364385559 135417
780 32.9 1.6312370820668698 1.8808027351624421 208.577 0.418 8.819735980484358 136096
790 12.7 1.2090157480314958 0.7199689296035761 208.577 0.418 8.80240032985156 136425
800 1.8 1.177611111111111 0.1672400599567012 208.577 0.418 8.795338112953301 136552
810 0.3 1.2136666666666667 0.16428092470588979 208.577 0.418 8.794334092406817 136570
820 0 0 0 208.577 0.418 8.794167573385655 136573
830 0 0 0 208.577 0.418 8.794167573385655 136573
840 0 0 0 208.577 0.418 8.794167573385655 136573
845 0 0 0 208.577 0.418 8.794167573385655 136573
