0 0.1 8.149256854082676 0 8.149256854082676 8.149256854082676 0 0
10 0.1 3.7037037037037033 0.0 8.149256854082676 3.7037037037037033 8.149256854082676 1
20 0.1 0.2008032128514056 0.0 8.149256854082676 0.2008032128514056 5.926480278893189 2
30 0.1 0.6024096385542169 0.0 8.149256854082676 0.2008032128514056 4.017921256879261 3
40 0.1 0.9045226130653266 0.0 8.149256854082676 0.2008032128514056 3.164043352298 4
50 0.1 1.2108980827447022 0.0 8.149256854082676 0.2008032128514056 2.712139204451465 5
60 0.1 1.710261569416499 0.0 8.149256854082676 0.2008032128514056 2.461932350833671 6
70 0.1 1.8218623481781375 0.0 8.149256854082676 0.2008032128514056 2.354550810631218 7
80 0.1 1.809045226130653 0.0 8.149256854082676 0.2008032128514056 2.287964752824583 8
90 0.1 1.7171717171717171 0.0 8.149256854082676 0.2008032128514056 2.234751472080813 9
100 0.1 1.5212981744421907 0.0 8.149256854082676 0.2008032128514056 2.182993496589903 10
110 0.1 2.814070351758794 0.0 8.149256854082676 0.2008032128514056 2.1228393763946567 11
120 0.1 3.556910569105691 0.0 8.149256854082676 0.2008032128514056 2.180441957675001 12
130 0.1 2.224469160768453 0.0 8.149256854082676 0.2008032128514056 2.286324158554285 13
140 0.1 2.1233569261880687 0.0 8.149256854082676 0.2008032128514056 2.281905944426726 14
150 0.1 1.9269776876267748 0.0 8.149256854082676 0.2008032128514056 2.2713360098774817 15
160 0.1 3.2355915065722956 0.0 8.149256854082676 0.2008032128514056 2.2498136147368126 16
170 0.1 3.0456852791878175 0.0 8.149256854082676 0.2008032128514056 2.307800549550665 17
180 0.1 2.8426395939086295 0.0 8.149256854082676 0.2008032128514056 2.3487941456416177 18
190 0.1 2.4365482233502536 0.0 8.149256854082676 0.2008032128514056 2.3747860113398818 19
200 0.1 2.9381965552178317 0.0 8.149256854082676 0.2008032128514056 2.3778741219404003 20
210 0.1 3.6734693877551026 0.0 8.149256854082676 0.2008032128514056 2.404556142572659 21
220 0.1 4.703476482617587 0.0 8.149256854082676 0.2008032128514056 2.4622340173536794 22
230 0.1 5.549845837615622 0.0 8.149256854082676 0.2008032128514056 2.559679341930371 23
240 0.1 7.41869918699187 0.0 8.149256854082676 0.2008032128514056 2.6842696125839236 24
250 0.1 7.6765609007164795 0.0 8.149256854082676 0.2008032128514056 2.8736467955602416 25
260 0.1 7.755102040816326 0.0 8.149256854082676 0.2008032128514056 3.058374261143174 26
270 0.1 7.289527720739219 0.0 8.149256854082676 0.2008032128514056 3.232327141871809 27
280 0.1 8.559919436052366 0.0 8.559919436052366 0.2008032128514056 3.377227162545645 28
290 0.1 8.54526958290946 0.0 8.559919436052366 0.2008032128514056 3.5559406892182905 29
300 0.1 8.1799591002045 0.0 8.559919436052366 0.2008032128514056 3.7222516523413294 30
310 0.1 9.30232558139535 0.0 9.30232558139535 0.2008032128514056 3.8660486667885285 31
320 0.1 12.678936605316974 0.0 12.678936605316974 0.2008032128514056 4.035932320369992 32
330 0.1 11.455108359133128 0.0 12.678936605316974 0.2008032128514056 4.297841541125961 33
340 0.1 10.880829015544041 0.0 12.678936605316974 0.2008032128514056 4.508349388714407 34
350 0.1 10.366492146596858 0.0 12.678936605316974 0.2008032128514056 4.690420235195254 35
360 0.1 11.295336787564766 0.0 12.678936605316974 0.2008032128514056 4.848088899400854 36
370 0.1 12.396694214876034 0.0 12.678936605316974 0.2008032128514056 5.022338842324203 37
380 0.1 20.224719101123593 0.0 20.224719101123593 0.2008032128514056 5.216400825812408 38
390 0.1 27.127127127127125 0.0 27.127127127127125 0.2008032128514056 5.601229499538336 39
400 0.1 36.56862745098039 0.0 36.56862745098039 0.2008032128514056 6.139376940228056 40
410 0.1 40.38647342995169 0.0 40.38647342995169 0.2008032128514056 6.8815537819537225 41
420 0.1 43.17521781219748 0.0 43.17521781219748 0.2008032128514056 7.6792899640489125 42
430 0.1 43.5546875 0.0 43.5546875 0.2008032128514056 8.504776658191902 43
440 0.1 44.518589132507145 0.0 44.518589132507145 0.2008032128514056 9.30136554096027 44
450 0.1 44.761904761904766 0.0 44.761904761904766 0.2008032128514056 10.083970509661311 45
460 0.1 44.57252641690682 0.0 44.761904761904766 0.2008032128514056 10.837838645579648 46
470 0.1 44.927536231884055 0.0 44.927536231884055 0.2008032128514056 11.555597959863206 47
480 0.1 45.82924435721296 0.0 45.82924435721296 0.2008032128514056 12.25084667386364 48
490 0.1 46.33204633204633 0.0 46.33204633204633 0.2008032128514056 12.936120095972809 49
500 0.1 45.98470363288719 0.0 46.33204633204633 0.2008032128514056 13.604038620694277 50
510 0.1 45.99609375 0.0 46.33204633204633 0.2008032128514056 14.238953620933355 51
520 0.1 46.23552123552124 0.0 46.33204633204633 0.2008032128514056 14.849667854184636 52
530 0.1 45.80520732883318 0.0 46.33204633204633 0.2008032128514056 15.441853767040044 53
540 0.1 46.628131021194605 0.0 46.628131021194605 0.2008032128514056 16.004138092258433 54
550 0.1 46.9208211143695 0.0 46.9208211143695 0.2008032128514056 16.560937963693636 55
560 0.1 47.35812133072407 0.0 47.35812133072407 0.2008032128514056 17.103078734241418 56
570 0.1 48.18449460255152 0.0 48.18449460255152 0.2008032128514056 17.63386895523234 57
580 0.1 49.15590863952334 0.0 49.15590863952334 0.2008032128514056 18.16060388018612 58
590 0.1 49.35579781962339 0.0 49.35579781962339 0.2008032128514056 18.685948028649463 59
600 0.1 49.25962487660415 0.0 49.35579781962339 0.2008032128514056 19.197112191832364 60
610 0.1 49.40828402366864 0.0 49.40828402366864 0.2008032128514056 19.6899402686319 61
620 0.1 49.249249249249246 0.0 49.40828402366864 0.2008032128514056 20.169268393713136 62
630 0.1 49.25373134328358 0.0 49.40828402366864 0.2008032128514056 20.63085539142006 63
640 0.1 49.40357852882703 0.0 49.40828402366864 0.2008032128514056 21.078087828167927 64
650 0.1 49.214145383104125 0.0 49.40828402366864 0.2008032128514056 21.513864608178068 65
660 0.1 49.2156862745098 0.0 49.40828402366864 0.2008032128514056 21.933565832040582 66
670 0.1 49.3570722057369 0.0 49.40828402366864 0.2008032128514056 22.340761659540124 67
680 0.1 49.25962487660415 0.0 49.40828402366864 0.2008032128514056 22.738060344043017 68
690 0.1 49.21104536489152 0.0 49.40828402366864 0.2008032128514056 23.122430844514916 69
700 0.1 49.30555555555556 0.0 49.40828402366864 0.2008032128514056 23.495125337663154 70
710 0.1 49.35194416749751 0.0 49.40828402366864 0.2008032128514056 23.858652523830656 71
720 0.1 49.20159680638723 0.0 49.40828402366864 0.2008032128514056 24.212726018881582 72
730 0.1 49.36211972522081 0.0 49.40828402366864 0.2008032128514056 24.555039317340565 73
740 0.1 49.306930693069305 0.0 49.40828402366864 0.2008032128514056 24.89027013366327 74
750 0.1 49.35064935064935 0.0 49.40828402366864 0.2008032128514056 25.215825607788684 75
760 0.1 49.30139720558882 0.0 49.40828402366864 0.2008032128514056 25.53338907808948 76
770 0.1 47.158524426719836 0.0 49.40828402366864 0.2008032128514056 25.842064508316746 77
780 0.1 24.629080118694365 0.0 49.40828402366864 0.2008032128514056 26.11535245598858 78
790 0.1 19.335347432024168 0.0 49.40828402366864 0.2008032128514056 26.096538882098784 79
800 0.1 9.202453987730062 0.0 49.40828402366864 0.2008032128514056 26.01202398897285 80
810 0.1 5.25783619817998 0.0 49.40828402366864 0.2008032128514056 25.804498433401953 81
820 0.1 1.5090543259557343 0.0 49.40828402366864 0.2008032128514056 25.553929381752905 82
830 0.1 0.9036144578313252 0.0 49.40828402366864 0.2008032128514056 25.264232091924026 83
840 0.1 0.10010010010010009 0.0 49.40828402366864 0.10010010010010009 24.974224739137206 84
845 0.1 0.30060120240480964 0.0 49.40828402366864 0.10010010010010009 24.681587978677946 85
