0 0 0
10 0 0
20 0 0
30 0 0
40 0.5 5
50 0.3 8
60 0.8 16
70 0.9 25
80 1.3 38
90 1 48
100 0.8 56
110 1.6 72
120 1.2 84
130 1.8 102
140 1.4 116
150 0.9 125
160 1.5 140
170 2.3 163
180 2.4 187
190 1.8 205
200 1.1 216
210 1.7 233
220 1.8 251
230 3.9 290
240 3.2 322
250 4.3 365
260 4.2 407
270 3.4 441
280 3.9 480
290 2.8 508
300 3 538
310 4 578
320 3.6 614
330 5 664
340 3 694
350 4.9 743
360 4.1 784
370 3.6 820
380 4 860
390 5.6 916
400 8.6 1002
410 9.6 1098
420 11.6 1214
430 15.3 1367
440 17.2 1539
450 19 1729
460 16.3 1892
470 18.1 2073
480 18.3 2256
490 21.4 2470
500 19.6 2666
510 19.6 2862
520 23.2 3094
530 21 3304
540 20.3 3507
550 22 3727
560 23.6 3963
570 26.1 4224
580 23.5 4459
590 25.1 4710
600 29 5000
610 31.5 5315
620 31.3 5628
630 34.9 5977
640 27.9 6256
650 31.4 6570
660 28.5 6855
670 33.4 7189
680 33.8 7527
690 33.8 7865
700 31.7 8182
710 30.7 8489
720 30 8789
730 35.5 9144
740 33.1 9475
750 30.5 9780
760 23.6 10016
770 19.4 10210
780 21 10420
790 13.2 10552
800 14 10692
810 8.3 10775
820 1.6 10791
830 0.8 10799
840 0 10799
845 0.1 10800
