0 0.1 3514.53515625 0 3514.53515625 3514.53515625 0 0
10 0.1 3515.25390625 0.0 3515.25390625 3514.53515625 3514.53515625 1
20 0.1 3512.59765625 0.0 3515.25390625 3512.59765625 3514.89453125 2
30 0.1 3509.94140625 0.0 3515.25390625 3509.94140625 3514.12890625 3
40 0.1 3505.10546875 0.0 3515.25390625 3505.10546875 3513.08203125 4
50 0.1 3494.9453125 0.0 3515.25390625 3494.9453125 3511.48671875 5
60 0.1 3490.23046875 0.0 3515.25390625 3490.23046875 3508.7298177083335 6
70 0.1 3487.45703125 0.0 3515.25390625 3487.45703125 3506.0870535714284 7
80 0.1 3486.375 0.0 3515.25390625 3486.375 3503.75830078125 8
90 0.1 3487.82421875 0.0 3515.25390625 3486.375 3501.8268229166665 9
100 0.1 3487.734375 0.0 3515.25390625 3486.375 3500.4265625 10
110 0.1 3483.98828125 0.0 3515.25390625 3483.98828125 3499.2727272727275 11
120 0.1 3476.3828125 0.0 3515.25390625 3476.3828125 3497.9990234375 12
130 0.1 3475.89453125 0.0 3515.25390625 3475.89453125 3496.336237980769 13
140 0.1 3476.28515625 0.0 3515.25390625 3475.89453125 3494.8761160714284 14
150 0.1 3477.71875 0.0 3515.25390625 3475.89453125 3493.63671875 15
160 0.1 3472.88671875 0.0 3515.25390625 3472.88671875 3492.641845703125 16
170 0.1 3471.68359375 0.0 3515.25390625 3471.68359375 3491.479779411765 17
180 0.1 3472.51953125 0.0 3515.25390625 3471.68359375 3490.3799913194443 18
190 0.1 3472.90625 0.0 3515.25390625 3471.68359375 3489.4399671052633 19
200 0.1 3471.0859375 0.0 3515.25390625 3471.0859375 3488.61328125 20
210 0.1 3458.63671875 0.0 3515.25390625 3458.63671875 3487.7786458333335 21
220 0.1 3447.96875 0.0 3515.25390625 3447.96875 3486.454012784091 22
230 0.1 3428.015625 0.0 3515.25390625 3428.015625 3484.7807404891305 23
240 0.1 3428.640625 0.0 3515.25390625 3428.015625 3482.41552734375 24
250 0.1 3409.125 0.0 3515.25390625 3409.125 3480.26453125 25
260 0.1 3406.0546875 0.0 3515.25390625 3406.0546875 3477.5283954326924 26
270 0.1 3406.3828125 0.0 3515.25390625 3406.0546875 3474.881221064815 27
280 0.1 3405.296875 0.0 3515.25390625 3405.296875 3472.4348493303573 28
290 0.1 3389.53125 0.0 3515.25390625 3389.53125 3470.1197467672414 29
300 0.1 3383.55078125 0.0 3515.25390625 3383.55078125 3467.4334635416667 30
310 0.1 3355.65234375 0.0 3515.25390625 3355.65234375 3464.727570564516 31
320 0.1 3324.5703125 0.0 3515.25390625 3324.5703125 3461.3189697265625 32
330 0.1 3314.609375 0.0 3515.25390625 3314.609375 3457.1750710227275 33
340 0.1 3293.125 0.0 3515.25390625 3293.125 3452.9819623161766 34
350 0.1 3259.53125 0.0 3515.25390625 3259.53125 3448.414620535714 35
360 0.1 3223.58203125 0.0 3515.25390625 3223.58203125 3443.1678602430557 36
370 0.1 3214.71484375 0.0 3515.25390625 3214.71484375 3437.233108108108 37
380 0.1 3198.97265625 0.0 3515.25390625 3198.97265625 3431.37736430921 38
390 0.1 3161.12890625 0.0 3515.25390625 3161.12890625 3425.4182692307686 39
400 0.1 3124.328125 0.0 3515.25390625 3124.328125 3418.811035156249 40
410 0.1 3111.51953125 0.0 3515.25390625 3111.51953125 3411.628525152438 41
420 0.1 3104.09765625 0.0 3515.25390625 3104.09765625 3404.483072916666 42
430 0.1 3098.03125 0.0 3515.25390625 3098.03125 3397.497365552325 43
440 0.1 3094.2265625 0.0 3515.25390625 3094.2265625 3390.69131747159 44
450 0.1 3088.1171875 0.0 3515.25390625 3088.1171875 3384.103211805555 45
460 0.1 3080.0859375 0.0 3515.25390625 3080.0859375 3377.6687330163036 46
470 0.1 3077.4453125 0.0 3515.25390625 3077.4453125 3371.337184175531 47
480 0.1 3077.12890625 0.0 3515.25390625 3077.12890625 3365.2144368489576 48
490 0.1 3064.2734375 0.0 3515.25390625 3064.2734375 3359.335140306122 49
500 0.1 3054.85546875 0.0 3515.25390625 3054.85546875 3353.4339062499994 50
510 0.1 3050.65625 0.0 3515.25390625 3050.65625 3347.5794270833326 51
520 0.1 3046.8984375 0.0 3515.25390625 3046.8984375 3341.869365985576 52
530 0.1 3051.26171875 0.0 3515.25390625 3046.8984375 3336.303876768867 53
540 0.1 3053.88671875 0.0 3515.25390625 3046.8984375 3331.0253182870365 54
550 0.1 3035.38671875 0.0 3515.25390625 3035.38671875 3325.9864346590903 55
560 0.1 3021.296875 0.0 3515.25390625 3021.296875 3320.7971540178564 56
570 0.1 3009.7421875 0.0 3515.25390625 3009.7421875 3315.542763157894 57
580 0.1 3011.12109375 0.0 3515.25390625 3009.7421875 3310.270339439655 58
590 0.1 2991.87890625 0.0 3515.25390625 2991.87890625 3305.200013241525 59
600 0.1 2980.3515625 0.0 3515.25390625 2980.3515625 3299.9779947916663 60
610 0.1 2984.46484375 0.0 3515.25390625 2980.3515625 3294.7382172131142 61
620 0.1 2988.76953125 0.0 3515.25390625 2980.3515625 3289.7338079637093 62
630 0.1 2993.03125 0.0 3515.25390625 2980.3515625 3284.9565972222217 63
640 0.1 2993.015625 0.0 3515.25390625 2980.3515625 3280.3952636718745 64
650 0.1 2982.21484375 0.0 3515.25390625 2980.3515625 3275.974038461538 65
660 0.1 2967.41015625 0.0 3515.25390625 2967.41015625 3271.523141571969 66
670 0.1 2955.69921875 0.0 3515.25390625 2955.69921875 3266.9841417910443 67
680 0.1 2958.25 0.0 3515.25390625 2955.69921875 3262.4064223345586 68
690 0.1 2961.53515625 0.0 3515.25390625 2955.69921875 3257.998358242753 69
700 0.1 2958.62109375 0.0 3515.25390625 2955.69921875 3253.7631696428566 70
710 0.1 2956.8203125 0.0 3515.25390625 2955.69921875 3249.6062389964786 71
720 0.1 2966.86328125 0.0 3515.25390625 2955.69921875 3245.5397677951387 72
730 0.1 2976.26171875 0.0 3515.25390625 2955.69921875 3241.7222816780823 73
740 0.1 2986.1328125 0.0 3515.25390625 2955.69921875 3238.1349767736488 74
750 0.1 2998.453125 0.0 3515.25390625 2955.69921875 3234.774947916667 75
760 0.1 3007.75390625 0.0 3515.25390625 2955.69921875 3231.6654502467104 76
770 0.1 3005.52734375 0.0 3515.25390625 2955.69921875 3228.757508116883 77
780 0.1 3048.32421875 0.0 3515.25390625 2955.69921875 3225.8955829326924 78
790 0.1 3044.40625 0.0 3515.25390625 2955.69921875 3223.6478441455697 79
800 0.1 3127.8828125 0.0 3515.25390625 2955.69921875 3221.40732421875 80
810 0.1 3157.90625 0.0 3515.25390625 2955.69921875 3220.252700617284 81
820 0.1 3199.03515625 0.0 3515.25390625 2955.69921875 3219.4923780487807 82
830 0.1 3196.078125 0.0 3515.25390625 2955.69921875 3219.245905496988 83
840 0.1 3217.54296875 0.0 3515.25390625 2955.69921875 3218.9700985863096 84
845 0.1 3218.87109375 0.0 3515.25390625 2955.69921875 3218.9533088235294 85
