0 0.1 0.01171875 0 0.01171875 0.01171875 0 0
10 0.1 0.171875 0.0 0.171875 0.01171875 0.01171875 1
20 0.1 0.140625 0.0 0.171875 0.01171875 0.091796875 2
30 0.1 0.12109375 0.0 0.171875 0.01171875 0.10807291666666667 3
40 0.1 0.1015625 0.0 0.171875 0.01171875 0.111328125 4
50 0.1 0.078125 0.0 0.171875 0.01171875 0.109375 5
60 0.1 0.0703125 0.0 0.171875 0.01171875 0.10416666666666667 6
70 0.1 0.05859375 0.0 0.171875 0.01171875 0.09933035714285714 7
80 0.1 0.05078125 0.0 0.171875 0.01171875 0.09423828125 8
90 0.1 0.0390625 0.0 0.171875 0.01171875 0.08940972222222222 9
100 0.1 0.0390625 0.0 0.171875 0.01171875 0.084375 10
110 0.1 0.03125 0.0 0.171875 0.01171875 0.08025568181818182 11
120 0.1 0.01953125 0.0 0.171875 0.01171875 0.076171875 12
130 0.1 0.01953125 0.0 0.171875 0.01171875 0.07181490384615384 13
140 0.1 0.01953125 0.0 0.171875 0.01171875 0.06808035714285714 14
150 0.1 0.01171875 0.0 0.171875 0.01171875 0.06484374999999999 15
160 0.1 0.01171875 0.0 0.171875 0.01171875 0.06152343749999999 16
170 0.1 0.01171875 0.0 0.171875 0.01171875 0.05859374999999999 17
180 0.1 0.01171875 0.0 0.171875 0.01171875 0.055989583333333336 18
190 0.1 0.01171875 0.0 0.171875 0.01171875 0.05365953947368421 19
200 0.1 0.0 0.0 0.171875 0.0 0.0515625 20
210 0.1 0.0 0.0 0.171875 0.0 0.049107142857142856 21
220 0.1 0.0 0.0 0.171875 0.0 0.046875 22
230 0.1 0.078125 0.0 0.171875 0.0 0.04483695652173913 23
240 0.1 0.05859375 0.0 0.171875 0.0 0.046223958333333336 24
250 0.1 0.05078125 0.0 0.171875 0.0 0.04671875 25
260 0.1 0.0390625 0.0 0.171875 0.0 0.046875 26
270 0.1 0.0390625 0.0 0.171875 0.0 0.04658564814814815 27
280 0.1 0.03125 0.0 0.171875 0.0 0.04631696428571429 28
290 0.1 0.03125 0.0 0.171875 0.0 0.045797413793103446 29
300 0.1 0.01953125 0.0 0.171875 0.0 0.0453125 30
310 0.1 0.01953125 0.0 0.171875 0.0 0.04448084677419355 31
320 0.1 0.01171875 0.0 0.171875 0.0 0.043701171875 32
330 0.1 0.01171875 0.0 0.171875 0.0 0.042732007575757576 33
340 0.1 0.01171875 0.0 0.171875 0.0 0.04181985294117647 34
350 0.1 0.01171875 0.0 0.171875 0.0 0.04095982142857143 35
360 0.1 0.01171875 0.0 0.171875 0.0 0.04014756944444445 36
370 0.1 0.0 0.0 0.171875 0.0 0.03937922297297297 37
380 0.1 0.0 0.0 0.171875 0.0 0.03834292763157895 38
390 0.1 0.0 0.0 0.171875 0.0 0.03735977564102564 39
400 0.1 0.23828125 0.0 0.23828125 0.0 0.03642578125 40
410 0.1 0.359375 0.0 0.359375 0.0 0.04134908536585366 41
420 0.1 0.4609375 0.0 0.4609375 0.0 0.04892113095238095 42
430 0.1 0.390625 0.0 0.4609375 0.0 0.058502906976744186 43
440 0.1 0.5703125 0.0 0.5703125 0.0 0.06605113636363637 44
450 0.1 0.640625 0.0 0.640625 0.0 0.07725694444444445 45
460 0.1 0.78125 0.0 0.78125 0.0 0.08950407608695653 46
470 0.1 0.890625 0.0 0.890625 0.0 0.10422207446808511 47
480 0.1 0.91015625 0.0 0.91015625 0.0 0.12060546875 48
490 0.1 0.83984375 0.0 0.91015625 0.0 0.13671875 49
500 0.1 1.01953125 0.0 1.01953125 0.0 0.15078125 50
510 0.1 1.01953125 0.0 1.01953125 0.0 0.1678155637254902 51
520 0.1 1.08984375 0.0 1.08984375 0.0 0.18419471153846154 52
530 0.1 1.1484375 0.0 1.1484375 0.0 0.20128242924528303 53
540 0.1 1.2109375 0.0 1.2109375 0.0 0.21882233796296297 54
550 0.1 1.26171875 0.0 1.26171875 0.0 0.23686079545454544 55
560 0.1 1.21875 0.0 1.26171875 0.0 0.25516183035714285 56
570 0.1 1.1796875 0.0 1.26171875 0.0 0.2720668859649123 57
580 0.1 1.23046875 0.0 1.26171875 0.0 0.28771551724137934 58
590 0.1 1.19140625 0.0 1.26171875 0.0 0.3036943855932203 59
600 0.1 1.16015625 0.0 1.26171875 0.0 0.3184895833333333 60
610 0.1 1.140625 0.0 1.26171875 0.0 0.33228739754098363 61
620 0.1 1.19921875 0.0 1.26171875 0.0 0.3453251008064516 62
630 0.1 1.171875 0.0 1.26171875 0.0 0.35887896825396826 63
640 0.1 1.140625 0.0 1.26171875 0.0 0.37158203125 64
650 0.1 1.12109375 0.0 1.26171875 0.0 0.38341346153846156 65
660 0.1 1.1015625 0.0 1.26171875 0.0 0.3945904356060606 66
670 0.1 1.078125 0.0 1.26171875 0.0 0.40514225746268656 67
680 0.1 1.1484375 0.0 1.26171875 0.0 0.4150390625 68
690 0.1 1.19921875 0.0 1.26171875 0.0 0.42566802536231885 69
700 0.1 1.171875 0.0 1.26171875 0.0 0.43671875 70
710 0.1 1.21875 0.0 1.26171875 0.0 0.4470730633802817 71
720 0.1 1.1796875 0.0 1.26171875 0.0 0.4577907986111111 72
730 0.1 1.23046875 0.0 1.26171875 0.0 0.4676797945205479 73
740 0.1 1.19921875 0.0 1.26171875 0.0 0.4779877533783784 74
750 0.1 1.25 0.0 1.26171875 0.0 0.48760416666666667 75
760 0.1 1.2890625 0.0 1.2890625 0.0 0.4976356907894737 76
770 0.1 1.23828125 0.0 1.2890625 0.0 0.507913961038961 77
780 0.1 1.05078125 0.0 1.2890625 0.0 0.5172776442307693 78
790 0.1 0.890625 0.0 1.2890625 0.0 0.5240308544303798 79
800 0.1 0.75 0.0 1.2890625 0.0 0.52861328125 80
810 0.1 0.62890625 0.0 1.2890625 0.0 0.5313464506172839 81
820 0.1 0.5390625 0.0 1.2890625 0.0 0.5325362042682927 82
830 0.1 0.44921875 0.0 1.2890625 0.0 0.5326148343373495 83
840 0.1 0.37890625 0.0 1.2890625 0.0 0.531622023809524 84
845 0.1 0.3203125 0.0 1.2890625 0.0 0.529825367647059 85
