0 1.1 12.32818181818182 9.780323566112282 42.749 7.191 0 0
10 1.6 132.86993749999993 260.82396813571137 1106.371 6.76 12.32818181818182 11
20 6.3 49.067253968253986 100.91609160702313 1106.371 6.76 83.76033333333329 27
30 8.6 60.24866279069774 162.31913812943918 1517.096 6.76 59.47517777777777 90
40 14.6 44.74395205479449 40.831403795636994 1517.096 6.21 59.853130681818214 176
50 16.6 43.65884337349398 35.79013581205509 1517.096 6.21 53.0023850931677 322
60 21.9 52.82393607305935 50.16916320791303 1517.096 6.21 49.82404918032787 488
70 22.6 40.30321238938052 33.08223768460014 1517.096 6.21 50.75329278642149 707
80 23.7 44.09495358649791 38.26775418281242 1517.096 6.21 48.22197642015004 933
90 24.4 44.424040983606545 39.03013466076776 1517.096 6.155 47.38598974358974 1170
100 27.8 54.569363309352546 56.44861263947915 1517.096 6.155 46.87487553041018 1414
110 28.8 45.619263888888845 35.17940849515878 1517.096 6.082 48.139099881796696 1692
120 28.9 45.4873114186851 36.171601885865165 1517.096 6.082 47.77257828282828 1980
130 28.2 41.473180851063795 41.634851675510525 1517.096 6.082 47.481506390480384 2269
140 30.2 56.057102649006616 67.86259166684631 1517.096 5.935 46.8173167385339 2551
150 36 82.05496111111111 205.72261959734263 3286.389 5.935 47.79538030143707 2853
160 40.1 54.43994264339152 43.538288381678335 3286.389 5.935 51.6339887955182 3213
170 39.7 45.22942317380354 38.28646676697271 3286.389 5.876 51.94533010514664 3614
180 35.3 44.62020963172803 39.81629831854978 3286.389 5.876 51.2806043380703 4011
190 36.5 60.101734246575305 57.92541355214404 3286.389 5.834 50.74185105407882 4364
200 47.5 71.10042105263157 69.0588295200669 3286.389 5.834 51.46427807147387 4729
210 59.1 91.06456345177659 91.9165304926672 3286.389 5.714 53.25658551114526 5204
220 71.7 125.75034867503489 119.90588171375111 3286.389 5.714 57.11241207937876 5795
230 76.2 162.17609055118106 148.24354738929674 3286.389 5.714 64.66975245700245 6512
240 83.4 194.20613309352544 157.13068760083613 3286.389 5.714 74.88419150398678 7274
250 86.1 198.0770185830431 168.25921603114818 3286.389 5.714 87.15781006413418 8108
260 83.5 257.21649461077845 195.89628424860555 3286.389 5.714 97.80575727505854 8969
270 86 336.9585662790693 274.96917169993856 3286.389 5.714 111.38266115871075 9804
280 89.9 591.5752258064502 424.55599971760216 3286.389 5.714 129.57426641035255 10664
290 84.8 780.9823349056593 560.8938745610169 3286.389 5.714 165.49391204704645 11563
300 85.7 1359.0308961493597 1039.9134785853767 3825.055 5.714 207.5480722745949 12411
310 123.7 931.4166006467278 869.5651073231036 3847.459 5.714 281.9240731835995 13268
320 124.7 917.9644915797915 595.891403708895 3847.459 5.714 337.31340489486394 14505
330 129 1416.4639395348843 651.6663979686174 3847.459 5.714 383.28038718892844 15752
340 126.8 1777.0652026813884 851.2478932731788 3929.817 5.714 461.4875684191997 17042
350 123.4 2347.7018411669405 1086.439772381141 4877.149 1.158 552.5936547241945 18310
360 121.8 3009.014588669952 1305.5537086620113 5322.204 1.158 665.9360361236188 19544
370 151.7 2597.9127897165467 1490.284716538313 5495.062 0.893 803.3924313168292 20762
380 167.5 2623.634951641791 1718.3017825404315 5671.949 0.886 925.5831662552183 22279
390 220.4 2162.2238244101595 2059.3917421307597 6388.004 0.807 1044.320610545212 23954
400 255.1 1878.1334903959264 2015.726641188283 6468.308 0.777 1138.5120121568928 26158
410 293.8 1656.0261660993906 1883.40048585855 6504.809 0.777 1204.2326708697624 28709
420 299.7 1539.2915415415403 1749.855499077908 6504.809 0.777 1246.1756445792657 31647
430 340.9 1414.5989199178687 1604.1649959224578 6504.809 0.722 1271.5326571412081 34644
440 353.5 1348.9707603960346 1644.7139614016976 6504.809 0.722 1284.3493309857313 38053
450 373.8 1295.3121680042766 1654.090136433143 6661.324 0.722 1289.8421835625663 41588
460 386.1 1233.118222222221 1607.6892866538458 6661.324 0.722 1290.2932889290914 45326
470 396.6 1258.9826684316695 1551.8227053673522 6661.324 0.722 1285.8052548437595 49187
480 418.2 1144.0063964610222 1422.8622135642684 6661.324 0.722 1283.8038931574888 53153
490 415.1 1160.5168684654313 1405.1700132854965 6661.324 0.722 1273.6071000784862 57335
500 397.2 1153.648561178249 1419.212254907515 6661.324 0.722 1265.9722311420487 61486
510 424 1115.8623988207535 1411.2617196485762 6661.324 0.722 1259.1564161599806 65458
520 436.9 1133.016491874569 1400.3020886968352 6672.021 0.722 1250.4392846279663 69698
530 438.2 1077.9378366042868 1341.0122826019121 6672.021 0.722 1243.512850702742 74067
540 455.4 1067.19921475626 1302.5953956659146 6700.791 0.722 1234.2641705184255 78449
550 490.3 993.9885865796459 1300.087854659358 6700.791 0.722 1225.0980703950456 83003
560 514 948.6317381322964 1216.5040474172479 6700.791 0.722 1212.2078262803445 87906
570 519 884.7944052023142 1190.8774756613432 8131.102 0.722 1197.6474895320591 93046
580 573.2 860.3988117585467 1120.211075962216 8131.102 0.722 1181.118849240604 98236
590 598.8 802.8968356713426 1075.7511745220552 8131.102 0.722 1163.4368003905045 103968
600 629.9 804.1418960152406 1098.5578157938173 8131.102 0.722 1143.8024620302665 109956
610 637.4 755.0829479133957 1128.6262446214605 8131.102 0.722 1125.3987640789642 116255
620 621.1 790.8487256480408 1124.9482712024492 8131.102 0.722 1106.150519273581 122629
630 633.5 790.8633239147578 1110.3262513809534 8131.102 0.722 1090.9507409422536 128840
640 629.1 774.001942298524 1067.8491580449377 8131.102 0.722 1076.8870916959493 135175
650 650.1 770.8127140439942 1062.9920313383159 8131.102 0.722 1063.4177741577478 141466
660 619.2 769.4247598514198 1053.1360194867925 8131.102 0.722 1050.5620327032375 147967
670 666.2 738.4169990993684 1049.1840861661942 8131.102 0.722 1039.2697825362122 154159
680 649.9 752.7648636713365 1033.4035350829233 8131.102 0.722 1026.806974549343 160821
690 649.5 751.9187516551211 1018.1326688099626 8131.102 0.722 1016.1627020260573 167320
700 654.1 756.050723895429 1017.4016916558079 8131.102 0.722 1006.2886148778871 173815
710 667.2 710.4981161570747 1054.47155127329 8131.102 0.722 997.2131971212488 180356
720 618.4 737.22149595731 1228.3389928037939 8925.823 0.722 986.9849798479369 187028
730 620.2 789.7450386971909 1415.6420100282733 8925.823 0.722 978.9909764507377 193212
740 511.3 941.421231957753 1530.6253090244384 8925.823 0.722 973.1052146388915 199414
750 367.9 1323.4574873606962 1633.4473920908683 8925.823 0.722 972.3131421817164 204527
760 243.7 1793.3598046778818 1785.5194583093491 8925.823 0.722 978.5178627272985 208206
770 156.6 2638.983345466156 1983.681407738934 8925.823 0.722 987.9450443214345 210643
780 138.5 2168.499655595662 3257.6127325120083 62889.288 0.722 1000.1289101310497 212209
790 111.8 1317.258345259392 1786.9839112146203 62889.288 0.722 1007.7049351245818 213594
800 84 517.0998857142862 624.9681462574478 62889.288 0.722 1009.3167719689628 214712
810 35.1 466.29224501424505 4059.705853887904 62889.288 0.722 1007.3986167931633 215552
820 6.7 163.29417910447762 807.811592890672 62889.288 0.722 1006.5189238917475 215903
830 2.5 1029.3131600000002 3345.302406391406 62889.288 0.722 1006.2573317358891 215970
840 0.4 1819.8592500000002 3056.263949320099 62889.288 0.722 1006.260000296303 215995
845 0.1 16.97 0.0 62889.288 0.722 1006.2750670188286 215999
