10 0.1 650 0 650 650 0 0
20 0.1 339.0 0.0 650 339 650.0 1
30 0.1 788.0 0.0 788 339 494.5 2
40 0.1 1228.0 0.0 1228 339 592.3333333333334 3
50 0.1 1781.0 0.0 1781 339 751.25 4
60 0.1 2143.0 0.0 2143 339 957.2 5
70 0.1 2511.0 0.0 2511 339 1154.8333333333333 6
80 0.1 2483.0 0.0 2511 339 1348.5714285714287 7
90 0.1 2718.0 0.0 2718 339 1490.375 8
100 0.1 2835.0 0.0 2835 339 1626.7777777777778 9
110 0.1 3297.0 0.0 3297 339 1747.6 10
120 0.1 3587.0 0.0 3587 339 1888.4545454545455 11
130 0.1 3234.0 0.0 3587 339 2030.0 12
140 0.1 3099.0 0.0 3587 339 2122.6153846153848 13
150 0.1 3418.0 0.0 3587 339 2192.3571428571427 14
160 0.1 4451.0 0.0 4451 339 2274.0666666666666 15
170 0.1 4792.0 0.0 4792 339 2410.125 16
180 0.1 4172.0 0.0 4792 339 2550.235294117647 17
190 0.1 3882.0 0.0 4792 339 2640.3333333333335 18
200 0.1 4441.0 0.0 4792 339 2705.684210526316 19
210 0.1 5955.0 0.0 5955 339 2792.45 20
220 0.1 7653.0 0.0 7653 339 2943.0476190476193 21
230 0.1 8996.0 0.0 8996 339 3157.1363636363635 22
240 0.1 9679.0 0.0 9679 339 3411.0 23
250 0.1 10278.0 0.0 10278 339 3672.1666666666665 24
260 0.1 10319.0 0.0 10319 339 3936.4 25
270 0.1 10568.0 0.0 10568 339 4181.884615384615 26
280 0.1 10557.0 0.0 10568 339 4418.407407407408 27
290 0.1 11420.0 0.0 11420 339 4637.642857142858 28
300 0.1 10474.0 0.0 11420 339 4871.517241379311 29
310 0.1 10948.0 0.0 11420 339 5058.266666666666 30
320 0.1 16471.0 0.0 16471 339 5248.258064516129 31
330 0.1 15653.0 0.0 16471 339 5598.96875 32
340 0.1 16436.0 0.0 16471 339 5903.636363636364 33
350 0.1 16296.0 0.0 16471 339 6213.411764705882 34
360 0.1 15240.0 0.0 16471 339 6501.4857142857145 35
370 0.1 15845.0 0.0 16471 339 6744.222222222223 36
380 0.1 18231.0 0.0 18231 339 6990.189189189189 37
390 0.1 18910.0 0.0 18910 339 7286.0 38
400 0.1 20740.0 0.0 20740 339 7584.051282051282 39
410 0.1 23648.0 0.0 23648 339 7912.95 40
420 0.1 26154.0 0.0 26154 339 8296.731707317073 41
430 0.1 27678.0 0.0 27678 339 8721.904761904761 42
440 0.1 28373.0 0.0 28373 339 9162.744186046511 43
450 0.1 29098.0 0.0 29098 339 9599.34090909091 44
460 0.1 30099.0 0.0 30099 339 10032.644444444446 45
470 0.1 31099.0 0.0 31099 339 10468.869565217392 46
480 0.1 33205.0 0.0 33205 339 10907.808510638299 47
490 0.1 33340.0 0.0 33340 339 11372.333333333334 48
500 0.1 34687.0 0.0 34687 339 11820.65306122449 49
510 0.1 33708.0 0.0 34687 339 12277.98 50
520 0.1 34394.0 0.0 34687 339 12698.176470588236 51
530 0.1 34509.0 0.0 34687 339 13115.403846153846 52
540 0.1 35182.0 0.0 35182 339 13519.056603773584 53
550 0.1 37711.0 0.0 37711 339 13920.222222222223 54
560 0.1 38172.0 0.0 38172 339 14352.781818181818 55
570 0.1 41258.0 0.0 41258 339 14778.125 56
580 0.1 42455.0 0.0 42455 339 15242.684210526315 57
590 0.1 45282.0 0.0 45282 339 15711.862068965518 58
600 0.1 46502.0 0.0 46502 339 16213.050847457627 59
610 0.1 47935.0 0.0 47935 339 16717.866666666665 60
620 0.1 45451.0 0.0 47935 339 17229.622950819674 61
630 0.1 44893.0 0.0 47935 339 17684.8064516129 62
640 0.1 46673.0 0.0 47935 339 18116.68253968254 63
650 0.1 48805.0 0.0 48805 339 18562.875 64
660 0.1 48451.0 0.0 48805 339 19028.138461538463 65
670 0.1 50211.0 0.0 50211 339 19473.939393939392 66
680 0.1 48089.0 0.0 50211 339 19932.701492537315 67
690 0.1 48972.0 0.0 50211 339 20346.764705882353 68
700 0.1 48356.0 0.0 50211 339 20761.623188405796 69
710 0.1 49206.0 0.0 50211 339 21155.82857142857 70
720 0.1 46070.0 0.0 50211 339 21550.901408450703 71
730 0.1 44188.0 0.0 50211 339 21891.444444444445 72
740 0.1 39869.0 0.0 50211 339 22196.87671232877 73
750 0.1 32424.0 0.0 50211 339 22435.689189189194 74
760 0.1 25408.0 0.0 50211 339 22568.86666666667 75
770 0.1 17261.0 0.0 50211 339 22606.22368421053 76
780 0.1 12579.0 0.0 50211 339 22536.805194805198 77
790 0.1 12616.0 0.0 50211 339 22409.141025641027 78
800 0.1 9683.0 0.0 50211 339 22285.177215189877 79
810 0.1 7429.0 0.0 50211 339 22127.65 80
820 0.1 2064.0 0.0 50211 339 21946.185185185186 81
830 0.1 2567.0 0.0 50211 339 21703.719512195123 82
840 0.1 66.0 0.0 50211 66 21473.156626506025 83
845 0.1 669.0 0.0 50211 66 21218.309523809523 84
