0 1.1 12.32818181818182 9.780323566112282 42.749 7.191 0 0
10 2.4 89.11325 215.8963151758752 1106.371 6.76 12.32818181818182 11
20 9.3 33.19772043010754 75.06424136660108 1106.371 5.386 64.9808 35
30 13.4 38.548395522388084 129.0119517796715 1502.064 5.218 41.88840625 128
40 21.5 30.337013953488384 28.178910176407427 1502.064 5.218 40.180156488549635 262
50 25.8 28.03829069767441 24.118289108880134 1502.064 5.101 35.743519916142574 477
60 33.6 34.39247023809525 34.545495796937956 1502.064 4.783 33.03882721088436 735
70 33.6 27.03447619047621 21.17504991250439 1502.064 4.783 33.463499533146596 1071
80 35.3 29.562628895184158 25.20521220032504 1502.064 4.783 31.928210376687996 1407
90 36.6 29.600333333333346 26.722456520192686 1502.064 4.783 31.45375000000001 1760
100 42.2 35.901199052132725 41.07142090764209 1502.064 4.633 31.134676387582328 2126
110 43.9 29.834510250569465 24.527679508139265 1502.064 4.633 31.924108320251193 2548
120 43.4 30.215771889400916 25.49536731435827 1502.064 4.633 31.616999665215946 2987
130 40.4 28.90824752475247 28.440732722891802 1502.064 4.633 31.4392350190003 3421
140 45.4 37.24619823788548 51.07638678399088 1502.064 4.633 31.171909803921576 3825
150 56.1 52.671937611408204 164.61019211696996 3272.985 4.633 31.816389109605055 4279
160 62.2 34.99740996784562 31.051032386036375 3272.985 4.538 34.23373677685951 4840
170 57.5 31.22390956521739 27.276270229579378 3272.985 4.538 34.320702123764185 5462
180 50.2 31.306356573705163 26.036995481115177 3272.985 4.538 34.025745072055656 6037
190 53.5 40.969192523364484 38.92485232560827 3272.985 4.538 33.81697721364123 6539
200 71.6 47.1551843575419 45.563553124408145 3272.985 4.499 34.357892564320046 7074
210 91.2 58.9490964912281 63.07300754228611 3272.985 4.499 35.53412631578948 7790
220 109.6 83.2309835766421 80.39368783344511 3272.985 4.499 37.98809698919789 8702
230 114.4 107.01485489510476 99.222927534865 3272.985 4.499 43.04894651969788 9798
240 126.3 129.73244576405386 108.97901015558416 3272.985 4.499 49.736663498446326 10942
250 128 132.9896078125002 114.31831384908438 3272.985 4.499 58.01480139287175 12205
260 126 169.3546968253964 131.43965418273848 3272.985 4.499 65.13143114571746 13485
270 128.6 233.32387869362336 180.46478441029086 3272.985 4.499 74.03759016615797 14745
280 134.6 393.19332392273424 268.8976909036762 3272.985 4.499 86.81546846734446 16031
290 131.5 527.3563794676797 384.24673652592946 3272.985 4.499 110.5471018587788 17377
300 127.7 913.9420407204375 713.7324201069615 3272.985 4.499 139.87003145730785 18692
310 184.1 611.7728180336784 578.4974960205744 3272.985 4.499 189.37125614702774 19969
320 189.8 620.1279272918856 338.0147221600625 3272.985 4.499 225.02651866116454 21810
330 195.6 945.9010025562374 248.13154016831692 3272.985 4.499 256.65729618694104 23708
340 194.4 1189.4849835390942 433.7505997512137 3272.985 4.499 309.18849512936407 25664
350 186.4 1618.1467022532195 543.9768836290708 3272.985 0.424 371.1740201028687 27608
360 187.6 1962.969513859277 516.9302610196604 3272.985 0.383 450.0406419652552 29472
370 227.2 1770.364346830984 832.077333693987 3272.985 0.344 540.5808538981754 31348
380 252.5 1745.723059801982 960.1841409761082 3272.985 0.315 623.6881738251041 33620
390 331.9 1433.963320277195 1333.1672640735094 3701.839 0.315 702.0707464379583 36145
400 389.3 1222.2408312355526 1258.158695484724 3701.839 0.315 763.6243510541256 39464
410 450.3 1074.3852811459067 1210.5120300891306 3808.357 0.315 804.8032600502806 43357
420 452.9 1003.7778527268689 1170.654935982311 3808.357 0.315 830.1674021521111 47860
430 504.8 947.0560009904862 1087.3447111245812 3808.357 0.315 845.1759293363115 52389
440 528.8 912.5979169818459 1165.2367842769784 3808.357 0.31 854.1299241777948 57437
450 556.4 864.5575280373811 1153.0660939206405 3808.357 0.31 859.0590392985254 62725
460 583 819.5178998284736 1126.1523082071076 3808.357 0.31 859.507041046142 68289
470 602.1 824.7997209765832 1072.8691138361025 3808.357 0.31 856.361603394541 74119
480 626.4 758.2612576628377 1017.3445136245584 3808.357 0.31 853.9903269528326 80140
490 623 770.8739385232775 990.3900631797678 3808.357 0.31 847.0502907272814 86404
500 594.9 767.7044625987553 1021.7855070541108 3808.357 0.31 841.9271321221155 92634
510 635.7 753.6124204813575 1035.8538730239702 3808.357 0.31 837.4481584553122 98583
520 648.9 751.8328310987818 1016.5898859927762 5058.099 0.31 832.3696013150375 104940
530 658.7 722.3878695916194 999.2625017466609 5172.47 0.31 827.6795915156739 111429
540 685.3 705.6096963373718 954.2076713119484 5172.47 0.31 821.8027902996206 118016
550 729.6 664.3456010142535 968.4847560565717 5172.47 0.31 815.4259371741588 124869
560 772.9 626.8945562168435 891.1995557179567 5172.47 0.31 807.0857402035338 132165
570 775.4 591.7098057776637 889.1688780890433 8073.624 0.309 797.1303621241798 139894
580 862.5 567.6399944347813 844.5578118137873 8073.624 0.309 786.3423325273625 147648
590 909.7 528.7559303066935 822.3664158197935 8073.624 0.309 774.2717402558344 156273
600 951.1 529.6306678582703 839.5340491298601 8073.624 0.309 760.7659210437201 165370
610 954.1 503.74744838067176 873.6635191893228 8073.624 0.309 748.1955023415924 174881
620 925.6 526.8832452463228 864.1601756512028 8073.624 0.309 735.549077929965 184422
630 942.7 530.0911948658066 867.6119090134642 8073.624 0.309 725.5767994712872 193678
640 947.9 507.35793575271776 817.6955235135763 8073.624 0.309 716.5034492602344 203105
650 978.4 510.04946637367226 843.9470173499668 8073.624 0.309 707.1777694229102 212584
660 940 503.1708163829796 812.3731355475142 8073.624 0.309 698.5042942959416 222368
670 998.3 491.6350286487004 826.3210344685367 8073.624 0.309 690.5819983259119 231768
680 963.2 503.62606935216206 809.1826800875112 8073.624 0.309 682.3665717163524 241751
690 970.2 503.45053844568275 810.1330756966005 8073.624 0.309 675.5179442484174 251383
700 985.2 497.84866494112606 794.1702019058903 8073.624 0.309 669.1238658023246 261085
710 1006.3 469.66882778495386 837.9337159009293 8073.624 0.309 662.8958375932408 270937
720 943.4 485.72755437778454 939.3467679742413 8073.624 0.309 655.9761101921705 281000
730 948.4 518.2266532053999 1051.6529229263122 8073.624 0.309 650.4460246114432 290434
740 771.5 620.8844804925426 1126.806486681514 8073.624 0.309 646.2649867330402 299918
750 552.3 894.6849712112969 1193.2819567520103 8073.624 0.309 645.6284795779385 307633
760 356.7 1228.1685441547513 1263.1776805256904 8073.624 0.309 650.0209836439344 313156
770 220.3 1876.6984684521121 1395.3973861776058 8073.624 0.309 656.5322011694759 316723
780 189.2 1497.582895877374 2553.7632721895784 60001.684 0.309 664.9605710321514 318926
790 153.2 919.5618642297644 1335.0136348924495 60001.684 0.309 669.8708985032008 320818
800 110.9 382.9115825067632 467.31847712824145 60001.684 0.309 671.0575793144094 322350
810 42.4 373.08576179245335 3531.0251753562507 60001.684 0.309 670.0696522186734 323459
820 8.4 130.2034285714286 722.8835329757696 60001.684 0.309 669.680866238734 323883
830 2.8 918.6606428571428 3173.1917557517722 60001.684 0.309 669.5409874709458 323967
840 0.4 1815.4362500000002 3048.604141451984 60001.684 0.309 669.5625166622938 323995
845 0.1 16.97 0.0 60001.684 0.309 669.5766632952567 323999
