10 0.1 511 0 511 511 0 0
20 0.1 169.0 0.0 511 169 511.0 1
30 0.1 448.0 0.0 511 169 340.0 2
40 0.1 581.0 0.0 581 169 376.0 3
50 0.1 924.0 0.0 924 169 427.25 4
60 0.1 1042.0 0.0 1042 169 526.6 5
70 0.1 1315.0 0.0 1315 169 612.5 6
80 0.1 1307.0 0.0 1315 169 712.8571428571429 7
90 0.1 1404.0 0.0 1404 169 787.125 8
100 0.1 1459.0 0.0 1459 169 855.6666666666666 9
110 0.1 1683.0 0.0 1683 169 916.0 10
120 0.1 1822.0 0.0 1822 169 985.7272727272727 11
130 0.1 1656.0 0.0 1822 169 1055.4166666666667 12
140 0.1 1690.0 0.0 1822 169 1101.6153846153845 13
150 0.1 1803.0 0.0 1822 169 1143.642857142857 14
160 0.1 2181.0 0.0 2181 169 1187.6 15
170 0.1 2310.0 0.0 2310 169 1249.6875 16
180 0.1 2149.0 0.0 2310 169 1312.0588235294117 17
190 0.1 2129.0 0.0 2310 169 1358.5555555555557 18
200 0.1 2406.0 0.0 2406 169 1399.1052631578948 19
210 0.1 3.1e3 0.0 3100 169 1449.45 20
220 0.1 3816.0 0.0 3816 169 1528.047619047619 21
230 0.1 4476.0 0.0 4476 169 1632.0454545454545 22
240 0.1 4773.0 0.0 4773 169 1755.695652173913 23
250 0.1 5108.0 0.0 5108 169 1881.4166666666667 24
260 0.1 5152.0 0.0 5152 169 2010.48 25
270 0.1 5179.0 0.0 5179 169 2131.3076923076924 26
280 0.1 5420.0 0.0 5420 169 2244.185185185185 27
290 0.1 5595.0 0.0 5595 169 2357.6071428571427 28
300 0.1 5280.0 0.0 5595 169 2469.2413793103447 29
310 0.1 5578.0 0.0 5595 169 2562.9333333333334 30
320 0.1 8190.0 0.0 8190 169 2660.1935483870966 31
330 0.1 7938.0 0.0 8190 169 2833.0 32
340 0.1 8383.0 0.0 8383 169 2987.6969696969695 33
350 0.1 8264.0 0.0 8383 169 3146.3823529411766 34
360 0.1 7784.0 0.0 8383 169 3292.6 35
370 0.1 7774.0 0.0 8383 169 3417.3611111111113 36
380 0.1 9821.0 0.0 9821 169 3535.108108108108 37
390 0.1 10719.0 0.0 10719 169 3700.5263157894738 38
400 0.1 13704.0 0.0 13704 169 3880.4871794871797 39
410 0.1 15914.0 0.0 15914 169 4126.075 40
420 0.1 18023.0 0.0 18023 169 4413.585365853659 41
430 0.1 19345.0 0.0 19345 169 4737.619047619049 42
440 0.1 20544.0 0.0 20544 169 5077.325581395349 43
450 0.1 21110.0 0.0 21110 169 5428.84090909091 44
460 0.1 22472.0 0.0 22472 169 5777.311111111112 45
470 0.1 23237.0 0.0 23237 169 6140.239130434783 46
480 0.1 24196.0 0.0 24196 169 6504.0 47
490 0.1 24814.0 0.0 24814 169 6872.583333333333 48
500 0.1 25202.0 0.0 25202 169 7238.734693877551 49
510 0.1 24949.0 0.0 25202 169 7598.0 50
520 0.1 25382.0 0.0 25382 169 7938.21568627451 51
530 0.1 26007.0 0.0 26007 169 8273.673076923076 52
540 0.1 26261.0 0.0 26261 169 8608.264150943394 53
550 0.1 27891.0 0.0 27891 169 8935.166666666664 54
560 0.1 28830.0 0.0 28830 169 9279.81818181818 55
570 0.1 3.13e4 0.0 31300 169 9628.928571428569 56
580 0.1 31964.0 0.0 31964 169 10009.122807017542 57
590 0.1 34539.0 0.0 34539 169 10387.655172413792 58
600 0.1 36246.0 0.0 36246 169 10796.999999999998 59
610 0.1 37421.0 0.0 37421 169 11221.149999999998 60
620 0.1 36712.0 0.0 37421 169 11650.655737704916 61
630 0.1 35996.0 0.0 37421 169 12054.870967741934 62
640 0.1 36888.0 0.0 37421 169 12434.888888888887 63
650 0.1 38374.0 0.0 38374 169 12816.968749999998 64
660 0.1 38661.0 0.0 38661 169 13210.153846153844 65
670 0.1 39135.0 0.0 39135 169 13595.772727272726 66
680 0.1 38586.0 0.0 39135 169 13976.955223880595 67
690 0.1 38888.0 0.0 39135 169 14338.852941176468 68
700 0.1 38193.0 0.0 39135 169 14694.637681159418 69
710 0.1 38825.0 0.0 39135 169 15030.328571428572 70
720 0.1 38491.0 0.0 39135 169 15365.464788732394 71
730 0.1 36811.0 0.0 39135 169 15686.652777777777 72
740 0.1 33846.0 0.0 39135 169 15976.027397260274 73
750 0.1 26462.0 0.0 39135 169 16217.513513513513 74
760 0.1 18626.0 0.0 39135 169 16354.106666666667 75
770 0.1 11680.0 0.0 39135 169 16384.0 76
780 0.1 8312.0 0.0 39135 169 16322.90909090909 77
790 0.1 7128.0 0.0 39135 169 16220.205128205129 78
800 0.1 4893.0 0.0 39135 169 16105.113924050633 79
810 0.1 3535.0 0.0 39135 169 15964.9625 80
820 0.1 1023.0 0.0 39135 169 15811.506172839507 81
830 0.1 1149.0 0.0 39135 169 15631.158536585366 82
840 0.1 37.0 0.0 39135 37 15456.674698795181 83
845 0.1 296.0 0.0 39135 37 15273.107142857143 84
