40 0.5 41956.661400000005 867.387108430511 43070.281 40571.913 0 0
50 0.3 42886.56533333333 2744.0494063932038 45172.533 39027.799 41956.661400000005 5
60 0.8 46012.702999999994 9303.408348321449 61552.66 34247.537 42305.375375 8
70 0.9 46717.380333333334 4259.669889838857 61552.66 34247.537 44159.0391875 16
80 1.3 48182.759692307685 8322.104808794054 62646.859 34247.537 45080.042 25
90 1 49940.33589999999 3810.2067326016986 62646.859 34247.537 46141.49805263158 38
100 0.8 49482.446625 8168.625904331197 63118.359 34247.537 46932.92260416667 48
110 1.6 46024.548375 4371.149500041593 63118.359 34247.537 47297.140321428575 56
120 1.2 50833.93358333334 6939.342963757914 63808.815 34247.537 47014.34211111112 72
130 1.8 52548.35205555555 9608.55816010117 78343.713 34247.537 47559.99803571429 84
140 1.4 49444.660428571435 9763.584137831052 78343.713 34247.537 48440.295803921574 102
150 0.9 50148.77844444444 7703.2213000699485 78343.713 34247.537 48561.512224137936 116
160 1.5 50688.19359999999 6769.48087037097 78343.713 34247.537 48675.79539200001 125
170 2.3 49345.860260869566 10066.801898395968 81111.307 34247.537 48891.40948571429 140
180 2.4 48182.039291666675 7273.390173025103 81111.307 34247.537 48955.5344417178 163
190 1.8 49496.863388888894 7406.039906489051 81111.307 34247.537 48856.262336898406 187
200 1.1 47065.545545454544 5531.85706753834 81111.307 34247.537 48912.51023414635 205
210 1.7 48711.70494117647 11345.191708064369 83952.008 34247.537 48818.451847222226 216
220 1.8 46384.37366666666 6631.554609957314 83952.008 34247.537 48810.66344635194 233
230 3.9 49230.7927948718 7269.332220886421 83952.008 34247.537 48636.666569721114 251
240 3.2 50020.3070625 10855.27767393316 94705.845 34247.537 48716.56630344828 290
250 4.3 50606.794279069756 7892.144470673656 94705.845 34247.537 48846.13060248447 322
260 4.2 51932.47626190478 10412.897635171525 94705.845 34247.537 49053.55125479451 365
270 3.4 56453.93629411765 12117.97684394521 106663.372 34247.537 49350.639339066336 407
280 3.9 57325.485487179496 11397.53623712697 106663.372 34247.537 49898.28581632653 441
290 2.8 54821.48332142855 6678.195318904916 106663.372 34247.537 50501.74578958333 480
300 3 58425.6196 10702.083999425698 106663.372 34247.537 50739.841559055116 508
310 4 61333.94127500001 6900.144360456743 106663.372 34247.537 51168.41654275093 538
320 3.6 64498.84833333332 7713.443372031671 106663.372 34247.537 51871.91306401385 578
330 5 67632.50938 11129.956428898238 115576.157 34247.537 52612.254545602606 614
340 3 70488.49579999999 6074.438994549354 115576.157 34247.537 53743.2978313253 664
350 4.9 74138.01091836733 10078.831520047062 115576.157 34247.537 54467.15365129682 694
360 4.1 80384.47468292684 10117.239425960966 115576.157 34247.537 55764.42418438761 743
370 3.6 82505.72047222222 12109.05361025157 128481.476 34247.537 57051.95233545917 784
380 4 83252.93299999996 8545.288741588429 128481.476 34247.537 58169.434839024376 820
390 5.6 86867.36792857143 9014.73450691725 128481.476 34247.537 59336.10917209301 860
400 8.6 89456.65288372088 8206.767669456323 128481.476 34247.537 61019.2428951965 916
410 9.6 91113.10229166671 12824.549786967054 128481.476 34247.537 63459.97868263472 1002
420 11.6 91213.13937931036 14049.748697148794 140074.115 34247.537 65877.73812386156 1098
430 15.3 86392.38554901961 17462.767473750995 140074.115 34247.537 68298.58371334431 1214
440 17.2 83029.03691279063 19518.6775952094 161379.805 34247.537 70323.71296049743 1367
450 19 79496.15786315793 16592.371077855765 161379.805 34247.537 71743.67119298244 1539
460 16.3 76905.5754478528 14459.644544725217 161379.805 34247.537 72595.59280508963 1729
470 18.1 76593.90376795581 16516.973772547855 161379.805 34247.537 72966.90737737843 1892
480 18.3 75072.59949726773 16975.36667776994 161379.805 34247.537 73283.59157742401 2073
490 21.4 72863.03462149539 15660.615012581835 161379.805 34247.537 73428.71057092198 2256
500 19.6 71729.90404081631 14982.715506946366 161379.805 34247.537 73379.70058987854 2470
510 19.6 71154.88862755096 14581.071480853254 161379.805 34247.537 73258.41022093022 2666
520 23.2 73534.0731853449 16106.756021146184 161379.805 34247.537 73114.35353598879 2862
530 21 71667.70253333333 15751.5833003673 161379.805 34247.537 73145.82572689073 3094
540 20.3 71318.83837931036 15983.887734260128 161379.805 34247.537 73051.87721882564 3304
550 22 70209.33551818178 14563.640805206749 161379.805 34247.537 72951.56159737665 3507
560 23.6 69712.51949999997 13910.701864391978 161379.805 34247.537 72789.69153099005 3727
570 26.1 68910.57346743283 14546.73906722857 161379.805 34247.537 72606.44333535199 3963
580 23.5 69370.70527234043 14573.937997116536 161379.805 34247.537 72378.07637618367 4224
590 25.1 69259.62345019911 14227.746567832914 161379.805 34247.537 72219.58070239962 4459
600 29 64866.73253103451 13714.283937304162 161379.805 34247.537 72061.84200382163 4710
610 31.5 65299.21771428571 13416.926891250676 161379.805 34247.537 71644.52565439999 5000
620 31.3 65829.12191693288 13088.3013062154 161379.805 34247.537 71268.46318946377 5315
630 34.9 66016.65199713474 14254.395468243056 161870.559 34247.537 70965.95540369579 5628
640 27.9 64341.86715412193 12603.00200580487 161870.559 34247.537 70676.96311845406 5977
650 31.4 65665.51725796176 12841.063503623103 161870.559 34247.537 70394.43566096548 6256
660 28.5 65257.4316035087 13217.532138578366 161870.559 34247.537 70168.42647092846 6570
670 33.4 64347.78564071856 12504.370998642433 161870.559 34247.537 69964.24944142961 6855
680 33.8 63226.05156213015 11463.923942861094 161870.559 34247.537 69703.30926763109 7189
690 33.8 64931.60093195267 12925.174536914305 161870.559 34247.537 69412.4479544307 7527
700 31.7 65400.77741640375 12184.427853805359 161870.559 34247.537 69219.88262784485 7865
710 30.7 65156.530097719864 11886.4575482225 161870.559 34247.537 69071.91680628205 8182
720 30 65160.27152666671 13815.297360084407 161870.559 34247.537 68930.31900683235 8489
730 35.5 64676.98035774653 12235.139652082931 161870.559 34247.537 68801.6338044146 8789
740 33.1 64356.7141933535 10915.401891681746 161870.559 34247.537 68641.50126137357 9144
750 30.5 65903.4440393443 11937.986503789496 161870.559 34247.537 68491.81635166226 9475
760 23.6 68189.20635593227 12360.490248723121 161870.559 34247.537 68411.09512924335 9780
770 19.4 68806.79861340202 11808.49789490618 161870.559 34247.537 68405.86691932907 10016
780 21 75254.95394285713 13566.779916592222 161870.559 34247.537 68413.48501420177 10210
790 13.2 85276.69384848485 11686.403171506781 161870.559 34247.537 68551.364906238 10420
800 14 92164.52474285709 10165.975640024586 161870.559 34247.537 68760.59002189159 10552
810 8.3 99481.571253012 7684.363587263045 161870.559 34247.537 69067.03884913956 10692
820 1.6 104427.01206249998 5037.903045862402 161870.559 34247.537 69301.32248621811 10775
830 0.8 120031.55774999999 11172.176885957831 161870.559 34247.537 69353.40394606617 10791
840 0 0 0 161870.559 34247.537 69390.94679544403 10799
845 0.1 154359.846 0.0 161870.559 34247.537 69390.94679544403 10799
