0 2.44921875 2.44921875
10 14.45234375 16.9015625
20 52.06484375 68.96640625
30 81.3015625 150.26796875
40 127.20390625 277.471875
50 158.7421875 436.2140625
60 206.28203125 642.49609375
70 202.35390625 844.85
80 216.20703125 1061.05703125
90 225.20078125 1286.2578125
100 260.25234375 1546.51015625
110 273.46796875 1819.978125
120 264.2109375 2084.1890625
130 244.61171875 2328.80078125
140 278.584375 2607.38515625
150 347.428125 2954.81328125
160 387.84453125 3342.6578125
170 351.87265625 3694.53046875
180 303.940625 3998.47109375
190 319.22109375 4317.6921875
200 430.88828125 4748.58046875
210 556.86875 5305.44921875
220 682.81640625 5988.265625
230 698.971875 6687.2375
240 786.70390625 7473.94140625
250 784.45703125 8258.3984375
260 778.99765625 9037.39609375
270 806.9546875 9844.35078125
280 818.14375 10662.49453125
290 846.88984375 11509.384375
300 793.5328125 12302.9171875
310 1065.30390625 13368.22109375
320 1215.24921875 14583.4703125
330 1205.95859375 15789.42890625
340 1241.77265625 17031.2015625
350 1174.275 18205.4765625
360 1164.6796875 19370.15625
370 1339.06796875 20709.22421875
380 1436.40390625 22145.628125
390 1690.30546875 23835.93359375
400 1914.9859375 25750.91953125
410 2148.77578125 27899.6953125
420 2103.3828125 30003.078125
430 2329.92578125 32333.00390625
440 2397.8953125 34730.89921875
450 2502.56875 37233.46796875
460 2575.96875 39809.43671875
470 2635.39140625 42444.828125
480 2744.35625 45189.184375
490 2730.790625 47919.975
500 2584.96640625 50504.94140625
510 2781.5859375 53286.52734375
520 2801.72109375 56088.2484375
530 2840.3890625 58928.6375
540 2910.04296875 61838.68046875
550 3083.43046875 64922.1109375
560 3265.05 68187.1609375
570 3270.3859375 71457.546875
580 3593.01953125 75050.56640625
590 3762.07578125 78812.6421875
600 3913.0515625 82725.69375
610 3922.0328125 86647.7265625
620 3804.728125 90452.4546875
630 3843.4359375 94295.890625
640 3891.315625 98187.20625
650 4005.8859375 102193.0921875
660 3816.8359375 106009.928125
670 4084.271875 110094.2
680 3928.62734375 114022.82734375
690 3960.940625 117983.76796875
700 4035.4734375 122019.24140625
710 4079.80703125 126099.0484375
720 3831.03125 129930.0796875
730 3964.3265625 133894.40625
740 3247.71875 137142.125
750 2416.04609375 139558.17109375
760 1661.9296875 141220.10078125
770 1091.25859375 142311.359375
780 924.72890625 143236.08828125
790 883.1 144119.18828125
800 657.7875 144776.97578125
810 273.84296875 145050.81875
820 53.990625 145104.809375
830 17.38671875 145122.19609375
840 1.7921875 145123.98828125
845 0.85390625 145124.8421875
