0 104.70546875 104.70546875
10 192.23984375 296.9453125
20 593.115625 890.0609375
30 795.6890625 1685.75
40 1338.13203125 3023.88203125
50 1479.96328125 4503.8453125
60 1979.309375 6483.1546875
70 1913.9765625 8397.13125
80 2034.7984375 10431.9296875
90 2071.15 12503.0796875
100 2421.09140625 14924.17109375
110 2403.140625 17327.31171875
120 2493.83046875 19821.1421875
130 2306.2203125 22127.3625
140 2627.509375 24754.871875
150 3273.40546875 28028.27734375
160 3471.75703125 31500.034375
170 3173.18671875 34673.22109375
180 2792.1921875 37465.41328125
190 3241.97109375 40707.384375
200 4288.82109375 44996.20546875
210 5396.2125 50392.41796875
220 6321.8921875 56714.31015625
230 6420.15 63134.46015625
240 7090.26640625 70224.7265625
250 7401.2203125 77625.946875
260 7158.34296875 84784.28984375
270 7431.84453125 92216.134375
280 7784.378125 100000.5125
290 7420.05859375 107420.57109375
300 7455.22578125 114875.796875
310 10939.75625 125815.553125
320 11187.265625 137002.81875
330 11260.390625 148263.209375
340 11250.74140625 159513.95078125
350 10826.9 170340.85078125
360 10756.903125 181097.75390625
370 11900.6875 192998.44140625
380 11959.4859375 204957.92734375
390 10629.49140625 215587.41875
400 11719.4 227306.81875
410 11991.0140625 239297.8328125
420 11685.9203125 250983.753125
430 13214.6890625 264198.4421875
440 11943.65 276142.0921875
450 12102.7703125 288244.8625
460 12425.70859375 300670.57109375
470 13540.92109375 314211.4921875
480 13386.9421875 327598.434375
490 14168.29921875 341766.73359375
500 12695.11796875 354461.8515625
510 13109.83125 367571.6828125
520 13999.56328125 381571.24609375
530 13541.78046875 395113.0265625
540 15127.89609375 410240.92265625
550 14326.9890625 424567.91171875
560 15601.21796875 440169.1296875
570 14383.71171875 454552.84140625
580 16614.73203125 471167.5734375
590 16117.51484375 487285.08828125
600 16468.4015625 503753.48984375
610 14713.56171875 518467.0515625
620 15052.0375 533519.0890625
630 15578.5515625 549097.640625
640 16325.540625 565423.18125
650 15857.48671875 581280.66796875
660 16175.31015625 597455.978125
670 15438.3109375 612894.2890625
680 16354.4625 629248.7515625
690 16243.053125 645491.8046875
700 16975.35546875 662467.16015625
710 14497.13125 676964.29140625
720 12319.94140625 689284.2328125
730 10779.63125 700063.8640625
740 10132.42265625 710196.28671875
750 10327.80625 720524.09296875
760 8763.1609375 729287.25390625
770 7273.79375 736561.04765625
780 6716.57578125 743277.6234375
790 7287.1265625 750564.75
800 5372.71015625 755937.46015625
810 4406.4171875 760343.87734375
820 1194.36796875 761538.2453125
830 1845.0359375 763383.28125
840 741.359375 764124.640625
845 0.1125 764124.753125
