0 9 9
10 13 13
20 24 24
30 32 32
40 44 47
50 48 48
60 55 55
70 63 66
80 63 69
90 64 69
100 74 76
110 71 76
120 77 77
130 79 82
140 83 85
150 92 94
160 88 94
170 91 96
180 101 103
190 122 126
200 160 160
210 184 185
220 215 215
230 204 217
240 222 223
250 239 245
260 242 245
270 286 287
280 308 311
290 333 336
300 382 382
310 463 463
320 529 529
330 577 577
340 655 656
350 702 702
360 760 765
370 890 892
380 999 999
390 1097 1101
400 1163 1164
410 1225 1225
420 1291 1293
430 1354 1358
440 1388 1391
450 1405 1411
460 1438 1446
470 1429 1446
480 1480 1482
490 1509 1511
500 1529 1541
510 1576 1581
520 1570 1590
530 1598 1602
540 1654 1655
550 1761 1761
560 1837 1837
570 1884 1896
580 1968 1968
590 2004 2005
600 2000 2007
610 2022 2040
620 2048 2050
630 2056 2067
640 2087 2102
650 2069 2106
660 2093 2106
670 2107 2121
680 2140 2142
690 2133 2143
700 2119 2143
710 2161 2162
720 2011 2170
730 1656 2170
740 1325 2170
750 1020 2170
760 784 2170
770 590 2170
780 380 2170
790 248 2170
800 108 2170
810 25 2170
820 9 2170
830 1 2170
840 1 2170
845 0 2170
