0 0.9 9
10 0.4 13
20 1.1 24
30 0.8 32
40 1.7 49
50 0.7 56
60 1.5 71
70 1.7 88
80 1.3 101
90 1.1 112
100 1.8 130
110 1.3 143
120 1.8 161
130 2 181
140 1.8 199
150 1.8 217
160 1.1 228
170 2.6 254
180 3.4 288
190 3.9 327
200 4.9 376
210 4.1 417
220 4.9 466
230 2.8 494
240 5 544
250 6 604
260 4.5 649
270 7.8 727
280 6.1 788
290 5.3 841
300 7.9 920
310 12.1 1041
320 10.2 1143
330 9.8 1241
340 10.8 1349
350 9.6 1445
360 9.9 1544
370 16.6 1710
380 14.9 1859
390 15.4 2013
400 15.2 2165
410 15.8 2323
420 18.2 2505
430 21.6 2721
440 20.6 2927
450 20.7 3134
460 19.6 3330
470 17.2 3502
480 23.4 3736
490 24.3 3979
500 21.6 4195
510 24.3 4438
520 22.6 4664
530 23.8 4902
540 25.9 5161
550 32.7 5488
560 31.2 5800
570 30.8 6108
580 31.9 6427
590 28.7 6714
600 28.6 7000
610 33.7 7337
620 33.9 7676
630 35.7 8033
640 31 8343
650 29.6 8639
660 30.9 8948
670 34.8 9296
680 37.1 9667
690 33.1 9998
700 30.3 10301
710 34.9 10650
720 15 10800
730 0 10800
740 0 10800
750 0 10800
760 0 10800
770 0 10800
780 0 10800
790 0 10800
800 0 10800
810 0 10800
820 0 10800
830 0 10800
840 0 10800
845 0 10800
