0 1.2 12
10 1.9 31
20 3.5 66
30 6.6 132
40 8.8 220
50 10.8 328
60 13.6 464
70 12.9 593
80 18.2 775
90 20.1 976
100 24.2 1218
110 23.3 1451
120 23.2 1683
130 21.3 1896
140 21.5 2111
150 24 2351
160 26.3 2614
170 28.8 2902
180 30.2 3204
190 30.9 3513
200 32.7 3840
210 40.2 4242
220 45.8 4700
230 48.1 5181
240 46.8 5649
250 50.5 6154
260 59.1 6745
270 60.6 7351
280 62.4 7975
290 73.8 8713
300 91.3 9626
310 94.1 10567
320 88.6 11453
330 92.2 12375
340 94.8 13323
350 89.1 14214
360 93.5 15149
370 98.2 16131
380 94.6 17077
390 89.6 17973
400 92.7 18900
410 99.1 19891
420 99.3 20884
430 94.2 21826
440 96 22786
450 85.9 23645
460 101.6 24661
470 98.8 25649
480 107 26719
490 112.3 27842
500 101.7 28859
510 110.9 29968
520 115.3 31121
530 111.4 32235
540 108.4 33319
550 116.7 34486
560 114.6 35632
570 116.7 36799
580 125.4 38053
590 115.4 39207
600 116.9 40376
610 119 41566
620 116.5 42731
630 120.5 43936
640 123.3 45169
650 119.2 46361
660 119.8 47559
670 133.4 48893
680 121.8 50111
690 134.4 51455
700 123.3 52688
710 120.4 53892
720 90.2 54794
730 71.4 55508
740 71 56218
750 58.9 56807
760 64.2 57449
770 62.5 58074
780 65.4 58728
790 63.4 59362
800 33.8 59700
810 6.9 59769
820 0.4 59773
830 0.2 59775
840 0.1 59776
848 0.2 59778
