10 1.2 12
20 3.2 44
30 6.2 106
40 10.4 210
50 11.8 328
60 14.2 470
70 14 610
80 18.5 795
90 23.4 1029
100 27.7 1306
110 28 1586
120 26.9 1855
130 23.5 2090
140 22.5 2315
150 23.8 2553
160 31.6 2869
170 35.4 3223
180 34.3 3566
190 31 3876
200 31.5 4191
210 46.6 4657
220 55 5207
230 54.5 5752
240 49.5 6247
250 51 6757
260 64.4 7401
270 65.9 8060
280 70.7 8767
290 82.6 9593
300 107.4 10667
310 103.5 11702
320 93.1 12633
330 96.4 13597
340 99.9 14596
350 94.8 15544
360 99.8 16542
370 98 17522
380 94.6 18468
390 89.5 19363
400 85.6 20219
410 77.4 20993
420 77.4 21767
430 62.9 22396
440 58.9 22985
450 48.2 23467
460 55.4 24021
470 49.2 24513
480 55.4 25067
490 55.6 25623
500 48.8 26111
510 48.7 26598
520 45.9 27057
530 43.3 27490
540 41.2 27902
550 37.1 28273
560 37.4 28647
570 36.4 29011
580 37.4 29385
590 31.6 29701
600 31.1 30012
610 27.1 30283
620 27.5 30558
630 24.7 30805
640 24.1 31046
650 23.6 31282
660 23.7 31519
670 23.7 31756
680 20.6 31962
690 21.3 32175
700 19.6 32371
710 20.4 32575
720 27.5 32850
730 28.8 33138
740 33.6 33474
750 33.8 33812
760 44 34252
770 65.7 34909
780 73.8 35647
790 72.6 36373
800 35.1 36724
810 7.4 36798
820 0.6 36804
830 0.3 36807
840 0.2 36809
848 0.1 36810
