360 2 20
370 6.3 83
380 22.3 306
390 53.4 840
400 100.3 1843
410 140 3243
420 174.4 4987
430 202.9 7016
440 215.8 9174
450 220.4 11378
460 213.8 13516
470 217.4 15690
480 216.6 17856
490 226.1 20117
500 231.7 22434
510 268.3 25117
520 307.7 28194
530 304.1 31235
540 299.3 34228
550 310 37328
560 319.2 40520
570 348.2 44002
580 380.2 47804
590 406.1 51865
600 422.6 56091
610 426.2 60353
620 429.1 64644
630 449.7 69141
640 469 73831
650 456.6 78397
660 464.7 83044
670 477.3 87817
680 445.7 92274
690 447.3 96747
700 456.4 101311
710 448.8 105799
720 493.2 110731
730 465.9 115390
740 357 118960
750 224.7 121207
760 123.7 122444
770 48.4 122928
780 20.4 123132
790 5.6 123188
800 2.1 123209
810 0.1 123210
820 0 123210
830 0 123210
840 0 123210
848 0 123210
