360 1 10
370 1.6 26
380 6.4 90
390 13.6 226
400 24 466
410 35.1 817
420 40.7 1224
430 45.4 1678
440 49.2 2170
450 47.5 2645
460 60.1 3246
470 53.5 3781
480 59.8 4379
490 62 4999
500 58.8 5587
510 68 6267
520 72.4 6991
530 65.7 7648
540 71.4 8362
550 77.1 9133
560 75.4 9887
570 77.7 10664
580 82 11484
590 78.6 12270
600 83.3 13103
610 85.9 13962
620 84.8 14810
630 89.1 15701
640 94.1 16642
650 92.5 17567
660 94.8 18515
670 106.6 19581
680 97.6 20557
690 101.4 21571
700 97.1 22542
710 93.1 23473
720 84.3 24316
730 77.4 25090
740 81.6 25906
750 65 26556
760 57.6 27132
770 37.3 27505
780 20.4 27709
790 5.8 27767
800 1.5 27782
810 0.4 27786
820 0 27786
830 0 27786
840 0 27786
848 0 27786
