370 0.2 2
380 0 2
390 0 2
400 0.1 3
410 0.3 6
420 1.2 18
430 1.4 32
440 1.7 49
450 2.2 71
460 2.9 100
470 4 140
480 5.1 191
490 5.9 250
500 11.2 362
510 18.3 545
520 20.7 752
530 19.3 945
540 25.3 1198
550 23.9 1437
560 28.4 1721
570 21.6 1937
580 21.9 2156
590 26.7 2423
600 32.4 2747
610 45.7 3204
620 40.3 3607
630 46.7 4074
640 50.9 4583
651 53.8 5121
660 25.6 5377
670 15.9 5536
680 21.7 5753
690 25.2 6005
700 19.5 6200
710 21.6 6416
720 25.1 6667
730 26.9 6936
740 38.1 7317
750 57.8 7895
760 47.1 8366
770 13.8 8504
780 5.6 8560
790 1.1 8571
800 0.3 8574
810 0 8574
820 0 8574
822 0 8574
