360 2.8 28
370 5.8 86
380 19.1 277
390 49.8 775
400 74.1 1516
410 94.2 2458
420 111.4 3572
430 115.5 4727
440 134.9 6076
450 141.3 7489
460 101.8 8507
470 115.6 9663
480 96.7 10630
490 99.3 11623
500 114.7 12770
510 132 14090
520 144.2 15532
530 152.1 17053
540 157 18623
550 155.4 20177
560 156.5 21742
570 171.9 23461
580 190.6 25367
590 220.5 27572
600 231.1 29883
610 235.3 32236
620 238 34616
630 249.3 37109
640 250.2 39611
650 232.6 41937
660 230.6 44243
670 226.2 46505
680 236.7 48872
690 220.8 51080
700 242.2 53502
710 228.8 55790
720 286 58650
730 265.1 61301
740 178.2 63083
750 101.7 64100
760 21.2 64312
770 0.3 64315
780 0 64315
790 0 64315
800 0 64315
810 0 64315
820 0 64315
830 0 64315
840 0 64315
848 0 64315
