0 10 10
10 16 6
20 22 6
30 32 10
40 33 1
50 43 10
60 50 7
70 57 7
80 72 15
90 74 2
100 82 8
110 74 -8
120 72 -2
130 83 11
140 85 2
150 99 14
160 106 7
170 103 -3
180 106 3
190 124 18
200 141 17
210 161 20
220 175 14
230 186 11
240 200 14
250 223 23
260 258 35
270 305 47
280 341 36
290 362 21
300 371 9
310 412 41
320 451 39
330 508 57
340 574 66
350 631 57
360 722 91
370 835 113
380 914 79
390 932 18
400 954 22
410 989 35
420 980 -9
430 983 3
440 1009 26
450 975 -34
460 970 -5
470 976 6
480 1004 28
490 1054 50
500 1032 -22
510 1000 -32
520 1013 13
530 1037 24
540 1121 84
550 1151 30
560 1094 -57
570 1144 50
580 1154 10
590 1182 28
600 1165 -17
610 1249 84
620 1251 2
630 1274 23
640 1243 -31
650 1214 -29
660 1167 -47
670 1225 58
680 1253 28
690 1336 83
700 1335 -1
710 1293 -42
720 1040 -253
730 845 -195
740 743 -102
750 672 -71
760 628 -44
770 475 -153
780 297 -178
790 160 -137
800 53 -107
810 5 -48
820 2 -3
830 1 -1
840 1 0
848 0 -1
