0 0.7 4.795428571428572 8.743457028906047 26.208 0.977 0 0
10 0.9 1.2055555555555555 0.1796169449511384 26.208 0.916 4.795428571428572 7
20 3.3 1.4966060606060603 1.272279008360503 26.208 0.836 2.7761250000000004 16
30 5.2 1.426 1.2588320288756067 26.208 0.707 1.914408163265306 49
40 10.5 1.163761904761905 0.5821946413816557 26.208 0.707 1.6629504950495049 101
50 12.5 1.2756 0.9722813995958165 26.208 0.707 1.4085097087378642 206
60 13.7 1.191773722627737 0.7722744396342659 26.208 0.672 1.3583172205438068 331
70 11.6 1.034060344827586 0.22028896730685918 26.208 0.649 1.3095641025641025 468
80 12.6 1.5996825396825396 2.7727771381683572 29.083 0.649 1.2548407534246575 584
90 15.2 1.2209144736842108 0.8355216771265769 29.083 0.649 1.316038028169014 710
100 15.6 1.3689487179487174 1.1369771032292546 29.083 0.604 1.2992645011600927 862
110 15.2 1.4936118421052638 1.581308211116345 29.083 0.604 1.309943025540275 1018
120 15.5 1.4210774193548397 1.0482501827422435 29.083 0.604 1.3338042735042734 1170
130 15.3 1.1137058823529404 0.4463500177343013 29.083 0.604 1.3440135849056605 1325
140 16 1.5590187499999995 2.4560436592003896 29.083 0.604 1.3201725304465495 1478
150 19.1 1.179261780104712 0.8050247009673134 29.083 0.604 1.3435030525030525 1638
160 24.1 1.2005311203319509 0.9171634062487534 29.083 0.604 1.3263515582285401 1829
170 23.3 1.318609442060085 1.531514557188669 29.083 0.604 1.3117028985507246 2070
180 20.6 1.145208737864077 0.9389369686969326 29.083 0.604 1.3124016500217106 2303
190 21.6 1.1073842592592582 0.7154871207348279 29.083 0.604 1.2986743722598642 2509
200 23.8 1.2596302521008402 0.9686633332600431 29.083 0.604 1.283511559633027 2725
210 27.4 1.724313868613139 2.8075852672489487 29.083 0.604 1.28159331758353 2963
220 38.2 1.547434554973822 2.0379551538411573 29.083 0.604 1.3190679641643495 3237
230 41.9 1.202021479713603 1.0768530643554182 29.083 0.604 1.3431729759602098 3619
240 43.5 1.0790298850574724 0.8503920915975822 29.083 0.518 1.3285264982664684 4038
250 41.2 1.1556407766990289 0.8629222096403931 29.083 0.518 1.304262910798122 4473
260 46.7 1.630312633832976 2.075966217267644 29.083 0.518 1.2917281473899693 4885
270 60.8 1.258476973684211 1.2992151955968592 29.083 0.518 1.3212720478325861 5352
280 61.2 1.197473856209149 1.071750719862437 29.083 0.518 1.3148661073825507 5960
290 64.7 1.607741885625966 3.6936576699575188 72.437 0.481 1.3039342665855147 6572
300 64.3 1.470688958009331 2.3844090698595797 72.437 0.415 1.3311629034492316 7219
310 66.7 3.935376311844076 39.30996133676134 1007.817 0.415 1.3425741541592473 7862
320 75.1 2.7630985352862885 4.7577791321075384 1007.817 0.415 1.5453410716379414 8529
330 76.7 1.7288057366362437 2.391469566703232 1007.817 0.415 1.6438901939655177 9280
340 81.5 3.667739877300615 7.9235001363579105 1007.817 0.415 1.6503727480840058 10047
350 96.9 2.4994355005159856 5.692287484410755 1007.817 0.415 1.8017402872399197 10862
360 110.1 2.408792915531338 5.989913170488802 1007.817 0.415 1.8588839489476796 11831
370 116.5 3.890226609442059 7.659869756183543 1007.817 0.415 1.9057019022579647 12932
380 119.7 5.586251461988307 10.55854365651143 1007.817 0.415 2.0697063914308007 14097
390 135.1 2.300682457438934 3.9929132376555647 1007.817 0.415 2.3449322610173926 15294
400 135.3 4.674351071692533 10.207463266367927 1007.817 0.415 2.341340702913788 16645
410 154.5 2.8860097087378684 3.9785808682022314 1007.817 0.415 2.5167248027558617 17998
420 152 2.6548552631578928 3.4137132882797236 1007.817 0.415 2.5459191526377736 19543
430 152.4 2.4647375328083982 3.163403159657893 1007.817 0.415 2.5537804681194514 21063
440 163.2 2.8561060049019567 3.9286806171202673 1007.817 0.415 2.547772524018241 22587
450 173.2 2.738481524249423 3.4971680380859778 1007.817 0.415 2.5685496098104794 24219
460 191.9 2.9523309015112034 4.348576304183671 1007.817 0.415 2.579891063928172 25951
470 225 3.381742666666661 4.072455222208177 1007.817 0.415 2.605535557947614 27870
480 255.2 3.863648119122261 4.277724433889203 1007.817 0.408 2.663519156706507 30120
490 282.3 4.352693234148046 4.5139086337124334 1007.817 0.408 2.7572608655729676 32672
500 314.4 4.864617684478373 4.940470597364969 1007.817 0.408 2.884149316805182 35495
510 304.9 4.59242505739585 4.847504493050303 1007.817 0.408 3.0452971867801946 38639
520 277.8 4.6893376529877715 4.825848354910644 1007.817 0.408 3.1584518806371116 41688
530 330.8 4.8321834945586435 4.7668206530492645 1007.817 0.402 3.2540935096478196 44466
540 323.7 9.2253830707445 16.552438293225343 1007.817 0.402 3.3633646962783086 47774
550 317.9 25.520407675369654 54.039486431855636 1007.817 0.402 3.7353502185803036 51011
560 332.3 5.822361119470341 5.43384016453295 1007.817 0.402 5.013347960878391 54190
570 350.1 6.3697794915738415 5.963295200381386 1007.817 0.402 5.060091318484516 57513
580 363 7.398369146005513 6.377828873033809 1007.817 0.402 5.135241583898776 61014
590 400.5 7.3180551810237295 6.16053952026325 1007.817 0.402 5.262324577687024 64644
600 430.9 10.366055233232782 7.552921537393617 1007.817 0.401 5.382256420341156 68649
610 463.1 41.64206154178357 30.24203028836376 1007.817 0.401 5.676606444803861 72958
620 436.6 87.5075320659644 85.6748647949922 1007.817 0.401 7.8232512340666815 77589
630 419.6 73.97106172545303 62.86543437655522 1007.817 0.401 12.068282899151976 81955
640 424.7 11.016640923004495 8.645790060243938 1007.817 0.401 15.08326891156227 86151
651 303.9 53.86367653833487 128.6407062162188 1007.817 0.401 14.892214141905807 90398
660 277.4 32.87721304974752 94.98545093507352 1007.817 0.401 16.159744929738764 93437
670 321.4 24.13068823895453 47.273762688986515 1007.817 0.401 16.64175069378762 96211
680 365.2 26.601470974808336 50.118321805565344 1007.817 0.401 16.883837143575565 99425
690 382.9 10.76989866805953 8.590192008714777 1007.817 0.401 17.228131202887166 103077
700 387.9 12.05092472286669 9.499973752558944 1007.817 0.401 16.996819841730122 106906
710 422.7 17.032682044002804 12.668639829424128 1007.817 0.401 16.823645430338047 110785
720 396.4 55.94576311806251 83.21490401203823 1007.817 0.401 16.831328087503916 115012
730 452.3 17.482883705505227 10.179712626876128 1007.817 0.401 18.134528904989242 118976
740 442.3 21.491980330092616 12.94164125127005 1007.817 0.401 18.11066319565341 123499
750 358.6 10.461099274958185 8.259049842898998 1007.817 0.401 18.227574795578555 127922
760 205 3.65257756097561 3.8758306186509346 1007.817 0.401 18.015796187304193 131508
770 66.4 2.3801475903614424 3.6618340690563 1007.817 0.401 17.795333181089863 133558
780 14.3 2.1079790209790197 3.2112134701088983 1007.817 0.401 17.71907382545335 134222
790 2.6 2.0341538461538464 3.046200239545701 1007.817 0.401 17.70245947977524 134365
800 1.4 1.2277142857142855 0.16781768533204147 1007.817 0.401 17.699428205757822 134391
810 1 2.2617000000000003 3.046159912086035 1007.817 0.401 17.69771246605409 134405
820 0.2 1.1909999999999998 0.23299999999999993 1007.817 0.401 17.696564081389724 134415
822 0 0 0 1007.817 0.401 17.6963184939405 134417
