0 0.1 10.67454850287948 0 10.67454850287948 10.67454850287948 0 0
10 0.1 0.4995004995004995 0.0 10.67454850287948 0.4995004995004995 10.67454850287948 1
20 0.1 0.7984031936127743 0.0 10.67454850287948 0.4995004995004995 5.5870245011899895 2
30 0.1 1.8905472636815919 0.0 10.67454850287948 0.4995004995004995 3.9908173986642512 3
40 0.1 3.6779324055666 0.0 10.67454850287948 0.4995004995004995 3.4657498649185863 4
50 0.1 4.985044865403789 0.0 10.67454850287948 0.4995004995004995 3.508186373048189 5
60 0.1 7.631318136769079 0.0 10.67454850287948 0.4995004995004995 3.754329455107456 6
70 0.1 5.853174603174603 0.0 10.67454850287948 0.4995004995004995 4.308184981059116 7
80 0.1 5.649157581764123 0.0 10.67454850287948 0.4995004995004995 4.501308683823552 8
90 0.1 8.73015873015873 0.0 10.67454850287948 0.4995004995004995 4.628847450261393 9
100 0.1 5.994005994005994 0.0 10.67454850287948 0.4995004995004995 5.038978578251126 10
110 0.1 7.418397626112759 0.0 10.67454850287948 0.4995004995004995 5.125799252410659 11
120 0.1 6.944444444444445 0.0 10.67454850287948 0.4995004995004995 5.316849116885834 12
130 0.1 7.036669970267592 0.0 10.67454850287948 0.4995004995004995 5.442048757467266 13
140 0.1 6.4484126984126995 0.0 10.67454850287948 0.4995004995004995 5.555950272667289 14
150 0.1 7.465618860510806 0.0 10.67454850287948 0.4995004995004995 5.615447767716983 15
160 0.1 9.62671905697446 0.0 10.67454850287948 0.4995004995004995 5.731083461016596 16
170 0.1 13.425468904244816 0.0 13.425468904244816 0.4995004995004995 5.960238496072941 17
180 0.1 16.683022571148186 0.0 16.683022571148186 0.4995004995004995 6.374973518749156 18
190 0.1 10.099009900990099 0.0 16.683022571148186 0.4995004995004995 6.917502416243843 19
200 0.1 9.467455621301776 0.0 16.683022571148186 0.4995004995004995 7.0765777904811555 20
210 0.1 11.089303238469087 0.0 16.683022571148186 0.4995004995004995 7.190429115758328 21
220 0.1 30.495049504950494 0.0 30.495049504950494 0.4995004995004995 7.367650666790635 22
230 0.1 21.176470588235293 0.0 30.495049504950494 0.4995004995004995 8.37318974671063 23
240 0.1 16.40625 0.0 30.495049504950494 0.4995004995004995 8.906659781774158 24
250 0.1 16.9921875 0.0 30.495049504950494 0.4995004995004995 9.20664339050319 25
260 0.1 17.589893100097182 0.0 30.495049504950494 0.4995004995004995 9.506087394714607 26
270 0.1 19.498069498069498 0.0 30.495049504950494 0.4995004995004995 9.805487606025073 27
280 0.1 22.265625 0.0 30.495049504950494 0.4995004995004995 10.151651245026658 28
290 0.1 25.1434034416826 0.0 30.495049504950494 0.4995004995004995 10.569374477956773 29
300 0.1 26.833976833976834 0.0 30.495049504950494 0.4995004995004995 11.055175443414301 30
310 0.1 25.84704743465634 0.0 30.495049504950494 0.4995004995004995 11.564169036658255 31
320 0.1 32.78370514064016 0.0 32.78370514064016 0.4995004995004995 12.010508986595696 32
330 0.1 36.837029893924786 0.0 36.837029893924786 0.4995004995004995 12.639999779142498 33
340 0.1 31.752178121974833 0.0 36.837029893924786 0.4995004995004995 13.351677135459624 34
350 0.1 41.193737769080236 0.0 41.193737769080236 0.4995004995004995 13.877405735074346 35
360 0.1 36.492890995260666 0.0 41.193737769080236 0.4995004995004995 14.636192736018952 36
370 0.1 40.344168260038245 0.0 41.193737769080236 0.4995004995004995 15.226914310593054 37
380 0.1 42.66277939747328 0.0 42.66277939747328 0.4995004995004995 15.887894677683718 38
390 0.1 42.96724470134875 0.0 42.96724470134875 0.4995004995004995 16.574430183319347 39
400 0.1 41.535615171137835 0.0 42.96724470134875 0.4995004995004995 17.234250546270083 40
410 0.1 42.65402843601896 0.0 42.96724470134875 0.4995004995004995 17.82696675663271 41
420 0.1 43.51073762838469 0.0 43.51073762838469 0.4995004995004995 18.418087272808574 42
430 0.1 42.45810055865922 0.0 43.51073762838469 0.4995004995004995 19.001637281077787 43
440 0.1 43.49859681945743 0.0 43.51073762838469 0.4995004995004995 19.53473871920464 44
450 0.1 41.32007233273056 0.0 43.51073762838469 0.4995004995004995 20.06726889921026 45
460 0.1 43.39268978444236 0.0 43.51073762838469 0.4995004995004995 20.529286365156352 46
470 0.1 45.37735849056604 0.0 45.37735849056604 0.4995004995004995 21.015741757056055 47
480 0.1 46.496212121212125 0.0 46.496212121212125 0.4995004995004995 21.52327543900418 48
490 0.1 46.43527204502814 0.0 46.496212121212125 0.4995004995004995 22.03292720802883 49
500 0.1 46.94656488549619 0.0 46.94656488549619 0.4995004995004995 22.520974104768815 50
510 0.1 46.96969696969697 0.0 46.96969696969697 0.4995004995004995 22.999907257332097 51
520 0.1 46.71115347950429 0.0 46.96969696969697 0.4995004995004995 23.460864751800653 52
530 0.1 47.18779790276454 0.0 47.18779790276454 0.4995004995004995 23.89954944477619 53
540 0.1 47.88461538461539 0.0 47.88461538461539 0.4995004995004995 24.33081330510931 54
550 0.1 47.44455159112825 0.0 47.88461538461539 0.4995004995004995 24.75906425200942 55
560 0.1 48.49368318756074 0.0 48.49368318756074 0.4995004995004995 25.16416224020797 56
570 0.1 48.01932367149758 0.0 48.49368318756074 0.4995004995004995 25.573452081389597 57
580 0.1 48.44660194174757 0.0 48.49368318756074 0.4995004995004995 25.960449867425943 58
590 0.1 48.148148148148145 0.0 48.49368318756074 0.4995004995004995 26.34157108902461 59
600 0.1 49.306930693069305 0.0 49.306930693069305 0.4995004995004995 26.705014040010003 60
610 0.1 49.20318725099602 0.0 49.306930693069305 0.4995004995004995 27.075537263830647 61
620 0.1 49.10536779324055 0.0 49.306930693069305 0.4995004995004995 27.432434844268798 62
630 0.1 49.39081537019681 0.0 49.39081537019681 0.4995004995004995 27.776449652982635 63
640 0.1 49.47267497603068 0.0 49.47267497603068 0.4995004995004995 28.114174117314107 64
651 0.1 49.4 0.0 49.47267497603068 0.4995004995004995 28.44276643821744 65
660 0.1 49.353233830845774 0.0 49.47267497603068 0.4995004995004995 28.76030028006263 66
670 0.1 49.3545183714002 0.0 49.47267497603068 0.4995004995004995 29.0676574972385 67
680 0.1 49.395348837209305 0.0 49.47267497603068 0.4995004995004995 29.365993686564405 68
690 0.1 49.19124643196955 0.0 49.47267497603068 0.4995004995004995 29.65627419599404 69
700 0.1 49.3570722057369 0.0 49.47267497603068 0.4995004995004995 29.935345227936548 70
710 0.1 49.2639842983317 0.0 49.47267497603068 0.4995004995004995 30.208890678328107 71
720 0.1 49.330783938814534 0.0 49.47267497603068 0.4995004995004995 30.47354475638371 72
730 0.1 49.266862170087975 0.0 49.47267497603068 0.4995004995004995 30.731863101348516 73
740 0.1 49.35960591133005 0.0 49.47267497603068 0.4995004995004995 30.982336061736888 74
750 0.1 49.064039408866996 0.0 49.47267497603068 0.4995004995004995 31.227366326398133 75
760 0.1 49.30139720558882 0.0 49.47267497603068 0.4995004995004995 31.46205939327272 76
770 0.1 48.76604146100691 0.0 49.47267497603068 0.4995004995004995 31.69373910512098 77
780 0.1 35.99202392821535 0.0 49.47267497603068 0.4995004995004995 31.912614776350285 78
790 0.1 26.31578947368421 0.0 49.47267497603068 0.4995004995004995 31.964252866880226 79
800 0.1 24.35129740518962 0.0 49.47267497603068 0.4995004995004995 31.893647074465274 80
810 0.1 23.928215353938185 0.0 49.47267497603068 0.4995004995004995 31.800531646449524 81
820 0.1 25.0 0.0 49.47267497603068 0.4995004995004995 31.704527789223782 82
