0 0.1 10.188774171560262 0 10.188774171560262 10.188774171560262 0 0
10 0.1 0.6986027944111777 0.0 10.188774171560262 0.6986027944111777 10.188774171560262 1
20 0.1 0.6993006993006993 0.0 10.188774171560262 0.6986027944111777 5.44368848298572 2
30 0.1 1.4925373134328357 0.0 10.188774171560262 0.6986027944111777 3.8622258884240463 3
40 0.1 1.9880715705765408 0.0 10.188774171560262 0.6986027944111777 3.269803744676244 4
50 0.1 2.3785926660059467 0.0 10.188774171560262 0.6986027944111777 3.013457309856303 5
60 0.1 2.0080321285140563 0.0 10.188774171560262 0.6986027944111777 2.9076465358812436 6
70 0.1 2.876984126984127 0.0 10.188774171560262 0.6986027944111777 2.7791301919716456 7
80 0.1 3.2640949554896146 0.0 10.188774171560262 0.6986027944111777 2.7913619338482056 8
90 0.1 4.536489151873767 0.0 10.188774171560262 0.6986027944111777 2.8438878251416955 9
100 0.1 4.729064039408867 0.0 10.188774171560262 0.6986027944111777 3.0131479578149025 10
110 0.1 5.408062930186824 0.0 10.188774171560262 0.6986027944111777 3.1691403288688993 11
120 0.1 5.044510385756676 0.0 10.188774171560262 0.6986027944111777 3.3557172123120598 12
130 0.1 4.563492063492063 0.0 10.188774171560262 0.6986027944111777 3.485624379500107 13
140 0.1 5.20117762512267 0.0 10.188774171560262 0.6986027944111777 3.5626149283566755 14
150 0.1 5.1080550098231825 0.0 10.188774171560262 0.6986027944111777 3.671852441474408 15
160 0.1 4.8371174728529125 0.0 10.188774171560262 0.6986027944111777 3.7616151019962065 16
170 0.1 6.003937007874016 0.0 10.188774171560262 0.6986027944111777 3.824879947340719 17
180 0.1 7.149853085210578 0.0 10.188774171560262 0.6986027944111777 3.945938672925902 18
190 0.1 6.385068762278978 0.0 10.188774171560262 0.6986027944111777 4.114565747256674 19
200 0.1 6.829268292682928 0.0 10.188774171560262 0.6986027944111777 4.228090898007789 20
210 0.1 7.065750736015702 0.0 10.188774171560262 0.6986027944111777 4.351956488230415 21
220 0.1 9.329446064139942 0.0 10.188774171560262 0.6986027944111777 4.475310772220655 22
230 0.1 10.896817743490839 0.0 10.896817743490839 0.6986027944111777 4.686360132738884 23
240 0.1 11.389961389961389 0.0 11.389961389961389 0.6986027944111777 4.945129199853549 24
250 0.1 9.67741935483871 0.0 11.389961389961389 0.6986027944111777 5.2029224874578635 25
260 0.1 10.428849902534113 0.0 11.389961389961389 0.6986027944111777 5.375018520818665 26
270 0.1 11.361410381978452 0.0 11.389961389961389 0.6986027944111777 5.562197460882201 27
280 0.1 12.475822050290136 0.0 12.475822050290136 0.6986027944111777 5.76931220806421 28
290 0.1 12.023460410557185 0.0 12.475822050290136 0.6986027944111777 6.000571168140966 29
300 0.1 14.951456310679612 0.0 14.951456310679612 0.6986027944111777 6.201334142888173 30
310 0.1 17.408123791102515 0.0 17.408123791102515 0.6986027944111777 6.4835961483008 31
320 0.1 22.958693563880882 0.0 22.958693563880882 0.6986027944111777 6.824987637138355 32
330 0.1 17.50713606089439 0.0 22.958693563880882 0.6986027944111777 7.313887816736613 33
340 0.1 18.689788053949904 0.0 22.958693563880882 0.6986027944111777 7.61368923568243 34
350 0.1 18.708452041785375 0.0 22.958693563880882 0.6986027944111777 7.930149201918643 35
360 0.1 20.22792022792023 0.0 22.958693563880882 0.6986027944111777 8.229546503026052 36
370 0.1 20.98765432098765 0.0 22.958693563880882 0.6986027944111777 8.553826873969138 37
380 0.1 23.927550047664443 0.0 23.927550047664443 0.6986027944111777 8.881032859416994 38
390 0.1 31.330868761552683 0.0 31.330868761552683 0.6986027944111777 9.26684099244898 39
400 0.1 39.497307001795335 0.0 39.497307001795335 0.6986027944111777 9.818441686676572 40
410 0.1 44.018264840182646 0.0 44.018264840182646 0.6986027944111777 10.542316450459955 41
420 0.1 46.0 0.0 46.0 0.6986027944111777 11.339362840691448 42
430 0.1 47.71897810218978 0.0 47.71897810218978 0.6986027944111777 12.145424169977694 43
440 0.1 47.91859389454209 0.0 47.91859389454209 0.6986027944111777 12.953914032073424 44
450 0.1 47.527472527472526 0.0 47.91859389454209 0.6986027944111777 13.730906917906061 45
460 0.1 47.36355226641999 0.0 47.91859389454209 0.6986027944111777 14.465614865940116 46
470 0.1 47.315741583257505 0.0 47.91859389454209 0.6986027944111777 15.165570980843944 47
480 0.1 47.689463955637706 0.0 47.91859389454209 0.6986027944111777 15.83536620172756 48
490 0.1 47.87037037037037 0.0 47.91859389454209 0.6986027944111777 16.48544982935838 49
500 0.1 47.30100640439158 0.0 47.91859389454209 0.6986027944111777 17.113148240178617 50
510 0.1 47.54402224281743 0.0 47.91859389454209 0.6986027944111777 17.705067027712204 51
520 0.1 47.735849056603776 0.0 47.91859389454209 0.6986027944111777 18.27889308954115 52
530 0.1 47.91666666666667 0.0 47.91859389454209 0.6986027944111777 18.8346847115612 53
540 0.1 48.315688161693934 0.0 48.315688161693934 0.6986027944111777 19.37323993295204 54
550 0.1 48.3996120271581 0.0 48.3996120271581 0.6986027944111777 19.89946626438371 55
560 0.1 48.08429118773947 0.0 48.3996120271581 0.6986027944111777 20.408397438718968 56
570 0.1 48.72047244094488 0.0 48.72047244094488 0.6986027944111777 20.89393943431582 57
580 0.1 49.060336300692384 0.0 49.060336300692384 0.6986027944111777 21.373707244774938 58
590 0.1 49.15422885572139 0.0 49.15422885572139 0.6986027944111777 21.842972144027776 59
600 0.1 49.30966469428008 0.0 49.30966469428008 0.6986027944111777 22.298159755889337 60
610 0.1 49.25962487660415 0.0 49.30966469428008 0.6986027944111777 22.7409713122564 61
620 0.1 49.35960591133005 0.0 49.35960591133005 0.6986027944111777 23.168691531036202 62
630 0.1 49.21104536489152 0.0 49.35960591133005 0.6986027944111777 23.584420330723404 63
640 0.1 49.308300395256914 0.0 49.35960591133005 0.6986027944111777 23.984836346882282 64
650 0.1 49.308300395256914 0.0 49.35960591133005 0.6986027944111777 24.374428101472663 65
660 0.1 49.25816023738873 0.0 49.35960591133005 0.6986027944111777 24.75221404531788 66
670 0.1 49.40944881889764 0.0 49.40944881889764 0.6986027944111777 25.11797443624431 67
680 0.1 49.3583415597236 0.0 49.40944881889764 0.6986027944111777 25.47520200069509 68
690 0.1 49.30555555555556 0.0 49.40944881889764 0.6986027944111777 25.821334458072318 69
700 0.1 49.4140625 0.0 49.4140625 0.6986027944111777 26.15682333089351 70
710 0.1 49.25962487660415 0.0 49.4140625 0.6986027944111777 26.484390079754164 71
720 0.1 49.512670565302145 0.0 49.512670565302145 0.6986027944111777 26.80071278526597 72
730 0.1 49.20792079207921 0.0 49.512670565302145 0.6986027944111777 27.111835494581534 73
740 0.1 49.30417495029821 0.0 49.512670565302145 0.6986027944111777 27.410431241845014 74
750 0.1 49.40239043824701 0.0 49.512670565302145 0.6986027944111777 27.702347824624386 75
760 0.1 49.247743229689064 0.0 49.512670565302145 0.6986027944111777 27.987874701119424 76
770 0.1 45.44564152791381 0.0 49.512670565302145 0.6986027944111777 28.263976889802148 77
780 0.1 28.180961357210176 0.0 49.512670565302145 0.6986027944111777 28.484254641572807 78
790 0.1 21.9811320754717 0.0 49.512670565302145 0.6986027944111777 28.480415486074545 79
800 0.1 12.244897959183673 0.0 49.512670565302145 0.6986027944111777 28.399174443442007 80
810 0.1 4.9504950495049505 0.0 49.512670565302145 0.6986027944111777 28.199738931290668 81
820 0.1 1.1964107676969093 0.0 49.512670565302145 0.6986027944111777 27.916211566878644 82
830 0.1 0.5 0.0 49.512670565302145 0.5 27.59428625604513 83
840 0.1 0.20020020020020018 0.0 49.512670565302145 0.20020020020020018 27.27173522918745 84
848 0.1 0.4985044865403789 0.0 49.512670565302145 0.20020020020020018 26.953246581787596 85
