0 0 0
10 0 0
20 0 0
30 0 0
40 0.3 3
50 0.5 8
60 1.1 19
70 1.5 34
80 1 44
90 1 54
100 1 64
110 1.2 76
120 1.9 95
130 1.6 111
140 0.9 120
150 1.4 134
160 1.2 146
170 1.9 165
180 2.8 193
190 1.7 210
200 1.9 229
210 1.9 248
220 1.9 267
230 2.7 294
240 3.8 332
250 4.5 377
260 3 407
270 3.1 438
280 4.5 483
290 5.9 542
300 5.9 601
310 5.7 658
320 6 718
330 5.2 770
340 7.2 842
350 7.8 920
360 6.3 983
370 8.8 1071
380 8.6 1157
390 7.7 1234
400 8.2 1316
410 9.1 1407
420 9.6 1503
430 12.3 1626
440 12 1746
450 10.6 1852
460 11.7 1969
470 14 2109
480 15.7 2266
490 16.3 2429
500 19.6 2625
510 25.3 2878
520 23.6 3114
530 20.8 3322
540 22.4 3546
550 19.3 3739
560 24.3 3982
570 24.1 4223
580 19.4 4417
590 25.4 4671
600 26.2 4933
610 33 5263
620 31.9 5582
630 34.8 5930
640 36.1 6291
651 39.5 6686
660 24.5 6931
670 13.9 7070
680 14.3 7213
690 21.3 7426
700 19.6 7622
710 19.5 7817
720 25.9 8076
730 27.8 8354
740 33.2 8686
750 52.3 9209
760 50.9 9718
770 27 9988
780 8.8 10076
790 1.7 10093
800 0.2 10095
810 0.1 10096
820 0.2 10098
822 0 10098
