0 0.1 3514.21484375 0 3514.21484375 3514.21484375 0 0
10 0.1 3516.4375 0.0 3516.4375 3514.21484375 3514.21484375 1
20 0.1 3514.75 0.0 3516.4375 3514.21484375 3515.326171875 2
30 0.1 3509.91015625 0.0 3516.4375 3509.91015625 3515.1341145833335 3
40 0.1 3504.98046875 0.0 3516.4375 3504.98046875 3513.828125 4
50 0.1 3502.93359375 0.0 3516.4375 3502.93359375 3512.05859375 5
60 0.1 3496.0078125 0.0 3516.4375 3496.0078125 3510.5377604166665 6
70 0.1 3493.578125 0.0 3516.4375 3493.578125 3508.4620535714284 7
80 0.1 3491.7890625 0.0 3516.4375 3491.7890625 3506.6015625 8
90 0.1 3488.41015625 0.0 3516.4375 3488.41015625 3504.9557291666665 9
100 0.1 3482.32421875 0.0 3516.4375 3482.32421875 3503.301171875 10
110 0.1 3471.796875 0.0 3516.4375 3471.796875 3501.3941761363635 11
120 0.1 3469.87109375 0.0 3516.4375 3469.87109375 3498.927734375 12
130 0.1 3471.19921875 0.0 3516.4375 3469.87109375 3496.692608173077 13
140 0.1 3470.62109375 0.0 3516.4375 3469.87109375 3494.871651785714 14
150 0.1 3471.11328125 0.0 3516.4375 3469.87109375 3493.254947916667 15
160 0.1 3471.578125 0.0 3516.4375 3469.87109375 3491.87109375 16
170 0.1 3470.45703125 0.0 3516.4375 3469.87109375 3490.6773897058824 17
180 0.1 3463.078125 0.0 3516.4375 3463.078125 3489.5540364583335 18
190 0.1 3462.12109375 0.0 3516.4375 3462.12109375 3488.1605674342104 19
200 0.1 3462.17578125 0.0 3516.4375 3462.12109375 3486.85859375 20
210 0.1 3461.671875 0.0 3516.4375 3461.671875 3485.6832217261904 21
220 0.1 3448.6796875 0.0 3516.4375 3448.6796875 3484.591796875 22
230 0.1 3432.6640625 0.0 3516.4375 3432.6640625 3483.0304008152175 23
240 0.1 3428.91015625 0.0 3516.4375 3428.91015625 3480.9318033854165 24
250 0.1 3430.07421875 0.0 3516.4375 3428.91015625 3478.8509375 25
260 0.1 3427.5625 0.0 3516.4375 3427.5625 3476.974909855769 26
270 0.1 3413.3203125 0.0 3516.4375 3413.3203125 3475.1448206018517 27
280 0.1 3404.51171875 0.0 3516.4375 3404.51171875 3472.9368024553573 28
290 0.1 3369.5625 0.0 3516.4375 3369.5625 3470.5773168103447 29
300 0.1 3364.546875 0.0 3516.4375 3364.546875 3467.21015625 30
310 0.1 3358.1015625 0.0 3516.4375 3358.1015625 3463.8984375 31
320 0.1 3349.62890625 0.0 3516.4375 3349.62890625 3460.59228515625 32
330 0.1 3327.5 0.0 3516.4375 3327.5 3457.2297585227275 33
340 0.1 3324.015625 0.0 3516.4375 3324.015625 3453.414177389706 34
350 0.1 3293.12109375 0.0 3516.4375 3293.12109375 3449.7170758928573 35
360 0.1 3268.61328125 0.0 3516.4375 3268.61328125 3445.3671875 36
370 0.1 3237.71484375 0.0 3516.4375 3237.71484375 3440.5900548986488 37
380 0.1 3197.5625 0.0 3516.4375 3197.5625 3435.2512335526317 38
390 0.1 3145.86328125 0.0 3516.4375 3145.86328125 3429.156650641026 39
400 0.1 3127.7890625 0.0 3516.4375 3127.7890625 3422.07431640625 40
410 0.1 3121.0859375 0.0 3516.4375 3121.0859375 3414.8966272865855 41
420 0.1 3094.9921875 0.0 3516.4375 3094.9921875 3407.9011346726193 42
430 0.1 3086.65234375 0.0 3516.4375 3086.65234375 3400.6241824127906 43
440 0.1 3075.36328125 0.0 3516.4375 3075.36328125 3393.488458806818 44
450 0.1 3063.9296875 0.0 3516.4375 3063.9296875 3386.419010416667 45
460 0.1 3072.1484375 0.0 3516.4375 3063.9296875 3379.4083729619565 46
470 0.1 3068.44140625 0.0 3516.4375 3063.9296875 3372.8709275265956 47
480 0.1 3058.80859375 0.0 3516.4375 3058.80859375 3366.5286458333335 48
490 0.1 3054.34375 0.0 3516.4375 3054.34375 3360.248644770408 49
500 0.1 3053.359375 0.0 3516.4375 3053.359375 3354.130546875 50
510 0.1 3055.15234375 0.0 3516.4375 3053.359375 3348.2330729166665 51
520 0.1 3057.30859375 0.0 3516.4375 3053.359375 3342.596905048077 52
530 0.1 3032.10546875 0.0 3516.4375 3032.10546875 3337.214106721698 53
540 0.1 3039.28125 0.0 3516.4375 3032.10546875 3331.563946759259 54
550 0.1 3030.03515625 0.0 3516.4375 3030.03515625 3326.249715909091 55
560 0.1 3019.296875 0.0 3516.4375 3019.296875 3320.9601702008927 56
570 0.1 3013.49609375 0.0 3516.4375 3013.49609375 3315.6678316885964 57
580 0.1 3000.75 0.0 3516.4375 3000.75 3310.457974137931 58
590 0.1 2993.56640625 0.0 3516.4375 2993.56640625 3305.208686440678 59
600 0.1 2994.23828125 0.0 3516.4375 2993.56640625 3300.0146484375 60
610 0.1 2984.42578125 0.0 3516.4375 2984.42578125 3295.0019211065573 61
620 0.1 2981.484375 0.0 3516.4375 2981.484375 3289.992628528226 62
630 0.1 2983.6171875 0.0 3516.4375 2981.484375 3285.095672123016 63
640 0.1 2969.3203125 0.0 3516.4375 2969.3203125 3280.3850708007813 64
650 0.1 2973.71484375 0.0 3516.4375 2969.3203125 3275.5994591346152 65
660 0.1 2974.375 0.0 3516.4375 2969.3203125 3271.025449810606 66
670 0.1 2964.30078125 0.0 3516.4375 2964.30078125 3266.5978311567164 67
680 0.1 2959.3515625 0.0 3516.4375 2959.3515625 3262.152286305147 68
690 0.1 2965.3828125 0.0 3516.4375 2959.3515625 3257.763870018116 69
700 0.1 2959.1640625 0.0 3516.4375 2959.1640625 3253.586997767857 70
710 0.1 2955.8359375 0.0 3516.4375 2955.8359375 3249.440195862676 71
720 0.1 2960.83984375 0.0 3516.4375 2955.8359375 3245.362358940972 72
730 0.1 2982.078125 0.0 3516.4375 2955.8359375 3241.464790239726 73
740 0.1 2996.4453125 0.0 3516.4375 2955.8359375 3237.9595650337837 74
750 0.1 2997.51171875 0.0 3516.4375 2955.8359375 3234.739375 75
760 0.1 2996.1640625 0.0 3516.4375 2955.8359375 3231.6179584703946 76
770 0.1 3019.26953125 0.0 3516.4375 2955.8359375 3228.5601156655844 77
780 0.1 3054.6015625 0.0 3516.4375 2955.8359375 3225.8769030448716 78
790 0.1 3091.67578125 0.0 3516.4375 2955.8359375 3223.7088607594933 79
800 0.1 3128.0078125 0.0 3516.4375 2955.8359375 3222.0584472656246 80
810 0.1 3210.86328125 0.0 3516.4375 2955.8359375 3220.8973283179007 81
820 0.1 3235.78125 0.0 3516.4375 2955.8359375 3220.774961890244 82
830 0.1 3239.33203125 0.0 3516.4375 2955.8359375 3220.9557605421687 83
840 0.1 3241.8984375 0.0 3516.4375 2955.8359375 3221.1745256696427 84
848 0.1 3241.06640625 0.0 3516.4375 2955.8359375 3221.4183363970587 85
