0 0.1 3505.53125 0 3505.53125 3505.53125 0 0
10 0.1 3507.76171875 0.0 3507.76171875 3505.53125 3505.53125 1
20 0.1 3504.8515625 0.0 3507.76171875 3504.8515625 3506.646484375 2
30 0.1 3498.23046875 0.0 3507.76171875 3498.23046875 3506.0481770833335 3
40 0.1 3489.421875 0.0 3507.76171875 3489.421875 3504.09375 4
50 0.1 3482.76171875 0.0 3507.76171875 3482.76171875 3501.159375 5
60 0.1 3477.0078125 0.0 3507.76171875 3477.0078125 3498.0930989583335 6
70 0.1 3471.171875 0.0 3507.76171875 3471.171875 3495.0809151785716 7
80 0.1 3470.93359375 0.0 3507.76171875 3470.93359375 3492.09228515625 8
90 0.1 3468.3984375 0.0 3507.76171875 3468.3984375 3489.7413194444443 9
100 0.1 3467.91796875 0.0 3507.76171875 3467.91796875 3487.60703125 10
110 0.1 3468.71484375 0.0 3507.76171875 3467.91796875 3485.8171164772725 11
120 0.1 3466.3203125 0.0 3507.76171875 3466.3203125 3484.3919270833335 12
130 0.1 3467.41796875 0.0 3507.76171875 3466.3203125 3483.0018028846152 13
140 0.1 3468.734375 0.0 3507.76171875 3466.3203125 3481.888671875 14
150 0.1 3460.4140625 0.0 3507.76171875 3460.4140625 3481.01171875 15
160 0.1 3458.45703125 0.0 3507.76171875 3458.45703125 3479.724365234375 16
170 0.1 3453.984375 0.0 3507.76171875 3453.984375 3478.473345588235 17
180 0.1 3453.5078125 0.0 3507.76171875 3453.5078125 3477.112847222222 18
190 0.1 3452.6953125 0.0 3507.76171875 3452.6953125 3475.870476973684 19
200 0.1 3448.12109375 0.0 3507.76171875 3448.12109375 3474.71171875 20
210 0.1 3430.5859375 0.0 3507.76171875 3430.5859375 3473.4454985119046 21
220 0.1 3425.98046875 0.0 3507.76171875 3425.98046875 3471.4973366477275 22
230 0.1 3429.48046875 0.0 3507.76171875 3425.98046875 3469.5183423913045 23
240 0.1 3408.25 0.0 3507.76171875 3408.25 3467.85009765625 24
250 0.1 3407.1484375 0.0 3507.76171875 3407.1484375 3465.46609375 25
260 0.1 3404.87109375 0.0 3507.76171875 3404.87109375 3463.223106971154 26
270 0.1 3395.90234375 0.0 3507.76171875 3395.90234375 3461.061921296296 27
280 0.1 3374.03125 0.0 3507.76171875 3374.03125 3458.734793526786 28
290 0.1 3364.5625 0.0 3507.76171875 3364.5625 3455.8139816810344 29
300 0.1 3361.50390625 0.0 3507.76171875 3361.50390625 3452.772265625 30
310 0.1 3358.87109375 0.0 3507.76171875 3358.87109375 3449.828125 31
320 0.1 3350.75390625 0.0 3507.76171875 3350.75390625 3446.9857177734375 32
330 0.1 3342.109375 0.0 3507.76171875 3342.109375 3444.0696022727275 33
340 0.1 3338.92578125 0.0 3507.76171875 3338.92578125 3441.0707720588234 34
350 0.1 3308.3828125 0.0 3507.76171875 3308.3828125 3438.15234375 35
360 0.1 3294.02734375 0.0 3507.76171875 3294.02734375 3434.5476345486113 36
370 0.1 3255.34375 0.0 3507.76171875 3255.34375 3430.7497888513512 37
380 0.1 3224.60546875 0.0 3507.76171875 3224.60546875 3426.1338404605262 38
390 0.1 3196.58203125 0.0 3507.76171875 3196.58203125 3420.9664463141025 39
400 0.1 3184.0859375 0.0 3507.76171875 3184.0859375 3415.3568359375 40
410 0.1 3139.16796875 0.0 3507.76171875 3139.16796875 3409.716082317073 41
420 0.1 3117.26953125 0.0 3507.76171875 3117.26953125 3403.274460565476 42
430 0.1 3091.04296875 0.0 3507.76171875 3091.04296875 3396.623183139535 43
440 0.1 3070.74609375 0.0 3507.76171875 3070.74609375 3389.6781782670455 44
450 0.1 3056.75390625 0.0 3507.76171875 3056.75390625 3382.590798611111 45
460 0.1 3035.375 0.0 3507.76171875 3035.375 3375.5073879076085 46
470 0.1 3010.84375 0.0 3507.76171875 3010.84375 3368.2705285904253 47
480 0.1 3000.98828125 0.0 3507.76171875 3000.98828125 3360.8241373697915 48
490 0.1 2996.14453125 0.0 3507.76171875 2996.14453125 3353.480548469388 49
500 0.1 2977.5078125 0.0 3507.76171875 2977.5078125 3346.333828125 50
510 0.1 2963.640625 0.0 3507.76171875 2963.640625 3339.101945465686 51
520 0.1 2969.24609375 0.0 3507.76171875 2963.640625 3331.881535456731 52
530 0.1 2972.2890625 0.0 3507.76171875 2963.640625 3325.0393573113206 53
540 0.1 2960.49609375 0.0 3507.76171875 2960.49609375 3318.5069444444443 54
550 0.1 2972.3515625 0.0 3507.76171875 2960.49609375 3311.99765625 55
560 0.1 2942.05078125 0.0 3507.76171875 2942.05078125 3305.932547433036 56
570 0.1 2938.484375 0.0 3507.76171875 2938.484375 3299.5486567982457 57
580 0.1 2939.66796875 0.0 3507.76171875 2938.484375 3293.3234105603447 58
590 0.1 2917.1328125 0.0 3507.76171875 2917.1328125 3287.329250529661 59
600 0.1 2899.93359375 0.0 3507.76171875 2899.93359375 3281.1593098958333 60
610 0.1 2889.16015625 0.0 3507.76171875 2889.16015625 3274.9097079918033 61
620 0.1 2876.51953125 0.0 3507.76171875 2876.51953125 3268.687941028226 62
630 0.1 2899.1875 0.0 3507.76171875 2876.51953125 3262.4630456349205 63
640 0.1 2940.07421875 0.0 3507.76171875 2876.51953125 3256.786865234375 64
651 0.1 2955.2109375 0.0 3507.76171875 2876.51953125 3251.914362980769 65
660 0.1 2949.609375 0.0 3507.76171875 2876.51953125 3247.418856534091 66
670 0.1 2917.62109375 0.0 3507.76171875 2876.51953125 3242.973938899254 67
680 0.1 2881.3046875 0.0 3507.76171875 2876.51953125 3238.189338235294 68
690 0.1 2862.00390625 0.0 3507.76171875 2862.00390625 3233.01709692029 69
700 0.1 2816.43359375 0.0 3507.76171875 2816.43359375 3227.716908482143 70
710 0.1 2762.96875 0.0 3507.76171875 2762.96875 3221.924185739437 71
720 0.1 2754.55078125 0.0 3507.76171875 2754.55078125 3215.5498046875 72
730 0.1 2786.5625 0.0 3507.76171875 2754.55078125 3209.2347495719177 73
740 0.1 2826.4765625 0.0 3507.76171875 2754.55078125 3203.5229624155404 74
750 0.1 2876.01953125 0.0 3507.76171875 2754.55078125 3198.4956770833332 75
760 0.1 2948.44921875 0.0 3507.76171875 2754.55078125 3194.252569901316 76
770 0.1 3001.0625 0.0 3507.76171875 2754.55078125 3191.0603185876626 77
780 0.1 3085.83984375 0.0 3507.76171875 2754.55078125 3188.6244491185903 78
790 0.1 3100.875 0.0 3507.76171875 2754.55078125 3187.323378164557 79
800 0.1 3141.41015625 0.0 3507.76171875 2754.55078125 3186.2427734375005 80
810 0.1 3158.70703125 0.0 3507.76171875 2754.55078125 3185.6892843364203 81
820 0.1 3158.3359375 0.0 3507.76171875 2754.55078125 3185.360232469513 82
