0 0.1 0.0 0 0.0 0.0 0 0
10 0.1 0.0 0.0 0.0 0.0 0.0 1
20 0.1 0.0 0.0 0.0 0.0 0.0 2
30 0.1 0.0 0.0 0.0 0.0 0.0 3
40 0.1 0.0 0.0 0.0 0.0 0.0 4
50 0.1 0.0 0.0 0.0 0.0 0.0 5
60 0.1 0.0 0.0 0.0 0.0 0.0 6
70 0.1 0.0 0.0 0.0 0.0 0.0 7
80 0.1 0.0 0.0 0.0 0.0 0.0 8
90 0.1 0.0 0.0 0.0 0.0 0.0 9
100 0.1 0.0 0.0 0.0 0.0 0.0 10
110 0.1 0.0703125 0.0 0.0703125 0.0 0.0 11
120 0.1 0.140625 0.0 0.140625 0.0 0.005859375 12
130 0.1 0.109375 0.0 0.140625 0.0 0.01622596153846154 13
140 0.1 0.1015625 0.0 0.140625 0.0 0.022879464285714284 14
150 0.1 0.078125 0.0 0.140625 0.0 0.028125 15
160 0.1 0.140625 0.0 0.140625 0.0 0.03125 16
170 0.1 0.12109375 0.0 0.140625 0.0 0.03768382352941176 17
180 0.1 0.1015625 0.0 0.140625 0.0 0.042317708333333336 18
190 0.1 0.078125 0.0 0.140625 0.0 0.045435855263157895 19
200 0.1 0.0703125 0.0 0.140625 0.0 0.0470703125 20
210 0.1 0.05859375 0.0 0.140625 0.0 0.048177083333333336 21
220 0.1 0.05078125 0.0 0.140625 0.0 0.048650568181818184 22
230 0.1 0.12109375 0.0 0.140625 0.0 0.04874320652173913 23
240 0.1 0.1796875 0.0 0.1796875 0.0 0.0517578125 24
250 0.1 0.23046875 0.0 0.23046875 0.0 0.056875 25
260 0.1 0.26953125 0.0 0.26953125 0.0 0.0635516826923077 26
270 0.1 0.23046875 0.0 0.26953125 0.0 0.07118055555555555 27
280 0.1 0.26953125 0.0 0.26953125 0.0 0.07686941964285714 28
290 0.1 0.21875 0.0 0.26953125 0.0 0.08351293103448276 29
300 0.1 0.19140625 0.0 0.26953125 0.0 0.08802083333333334 30
310 0.1 0.16015625 0.0 0.26953125 0.0 0.09135584677419355 31
320 0.1 0.12890625 0.0 0.26953125 0.0 0.093505859375 32
330 0.1 0.109375 0.0 0.26953125 0.0 0.09457859848484848 33
340 0.1 0.1796875 0.0 0.26953125 0.0 0.09501378676470588 34
350 0.1 0.23046875 0.0 0.26953125 0.0 0.09743303571428572 35
360 0.1 0.19140625 0.0 0.26953125 0.0 0.10112847222222222 36
370 0.1 0.16015625 0.0 0.26953125 0.0 0.10356841216216216 37
380 0.1 0.21875 0.0 0.26953125 0.0 0.10505756578947369 38
390 0.1 0.26953125 0.0 0.26953125 0.0 0.10797275641025642 39
400 0.1 0.53125 0.0 0.53125 0.0 0.11201171875 40
410 0.1 0.76171875 0.0 0.76171875 0.0 0.12223704268292683 41
420 0.1 0.640625 0.0 0.76171875 0.0 0.13746279761904762 42
430 0.1 0.69140625 0.0 0.76171875 0.0 0.1491642441860465 43
440 0.1 0.578125 0.0 0.76171875 0.0 0.16148792613636365 44
450 0.1 0.73046875 0.0 0.76171875 0.0 0.17074652777777777 45
460 0.1 0.76171875 0.0 0.76171875 0.0 0.18291440217391305 46
470 0.1 0.73046875 0.0 0.76171875 0.0 0.19522938829787234 47
480 0.1 0.69140625 0.0 0.76171875 0.0 0.20638020833333334 48
490 0.1 0.8203125 0.0 0.8203125 0.0 0.21627869897959184 49
500 0.1 0.921875 0.0 0.921875 0.0 0.228359375 50
510 0.1 0.9296875 0.0 0.9296875 0.0 0.24195772058823528 51
520 0.1 0.94140625 0.0 0.94140625 0.0 0.2551832932692308 52
530 0.1 1.01953125 0.0 1.01953125 0.0 0.2681308962264151 53
540 0.1 1.03125 0.0 1.03125 0.0 0.2820457175925926 54
550 0.1 1.1015625 0.0 1.1015625 0.0 0.2956676136363636 55
560 0.1 1.171875 0.0 1.171875 0.0 0.31005859375 56
570 0.1 1.30078125 0.0 1.30078125 0.0 0.32517817982456143 57
580 0.1 1.328125 0.0 1.328125 0.0 0.3419989224137931 58
590 0.1 1.28125 0.0 1.328125 0.0 0.3587129237288136 59
600 0.1 1.23828125 0.0 1.328125 0.0 0.37408854166666666 60
610 0.1 1.25 0.0 1.328125 0.0 0.3882556352459016 61
620 0.1 1.2109375 0.0 1.328125 0.0 0.4021547379032258 62
630 0.1 1.1796875 0.0 1.328125 0.0 0.41499255952380953 63
640 0.1 1.1484375 0.0 1.328125 0.0 0.42694091796875 64
650 0.1 1.12890625 0.0 1.328125 0.0 0.4380408653846154 65
660 0.1 1.1796875 0.0 1.328125 0.0 0.4485085227272727 66
670 0.1 1.1484375 0.0 1.328125 0.0 0.4594216417910448 67
680 0.1 1.12890625 0.0 1.328125 0.0 0.46955422794117646 68
690 0.1 1.109375 0.0 1.328125 0.0 0.4791100543478261 69
700 0.1 1.08984375 0.0 1.328125 0.0 0.4881138392857143 70
710 0.1 1.078125 0.0 1.328125 0.0 0.49658890845070425 71
720 0.1 1.05859375 0.0 1.328125 0.0 0.5046657986111112 72
730 0.1 1.05078125 0.0 1.328125 0.0 0.512253852739726 73
740 0.1 1.05078125 0.0 1.328125 0.0 0.51953125 74
750 0.1 1.19140625 0.0 1.328125 0.0 0.5266145833333333 75
760 0.1 1.16015625 0.0 1.328125 0.0 0.5353618421052632 76
770 0.1 1.05078125 0.0 1.328125 0.0 0.5434760551948052 77
780 0.1 0.890625 0.0 1.328125 0.0 0.549979967948718 78
790 0.1 0.75 0.0 1.328125 0.0 0.5542919303797469 79
800 0.1 0.87109375 0.0 1.328125 0.0 0.5567382812500001 80
810 0.1 0.73046875 0.0 1.328125 0.0 0.5606192129629631 81
820 0.1 0.62109375 0.0 1.328125 0.0 0.562690548780488 82
830 0.1 0.51953125 0.0 1.328125 0.0 0.5633942018072291 83
840 0.1 0.44140625 0.0 1.328125 0.0 0.562872023809524 84
848 0.1 0.37109375 0.0 1.328125 0.0 0.5614430147058825 85
