0 0.1 0.01953125 0 0.01953125 0.01953125 0 0
10 0.1 0.01953125 0.0 0.01953125 0.01953125 0.01953125 1
20 0.1 0.01171875 0.0 0.01953125 0.01171875 0.01953125 2
30 0.1 0.01171875 0.0 0.01953125 0.01171875 0.016927083333333332 3
40 0.1 0.01171875 0.0 0.01953125 0.01171875 0.015625 4
50 0.1 0.01171875 0.0 0.01953125 0.01171875 0.01484375 5
60 0.1 0.01171875 0.0 0.01953125 0.01171875 0.014322916666666666 6
70 0.1 0.0 0.0 0.01953125 0.0 0.013950892857142858 7
80 0.1 0.0 0.0 0.01953125 0.0 0.01220703125 8
90 0.1 0.078125 0.0 0.078125 0.0 0.010850694444444444 9
100 0.1 0.0703125 0.0 0.078125 0.0 0.017578125 10
110 0.1 0.05859375 0.0 0.078125 0.0 0.022372159090909092 11
120 0.1 0.05078125 0.0 0.078125 0.0 0.025390625 12
130 0.1 0.0390625 0.0 0.078125 0.0 0.02734375 13
140 0.1 0.03125 0.0 0.078125 0.0 0.028180803571428572 14
150 0.1 0.03125 0.0 0.078125 0.0 0.028385416666666666 15
160 0.1 0.1796875 0.0 0.1796875 0.0 0.028564453125 16
170 0.1 0.23828125 0.0 0.23828125 0.0 0.03745404411764706 17
180 0.1 0.19921875 0.0 0.23828125 0.0 0.04861111111111111 18
190 0.1 0.171875 0.0 0.23828125 0.0 0.05653782894736842 19
200 0.1 0.140625 0.0 0.23828125 0.0 0.0623046875 20
210 0.1 0.12109375 0.0 0.23828125 0.0 0.06603422619047619 21
220 0.1 0.48828125 0.0 0.48828125 0.0 0.06853693181818182 22
230 0.1 0.41015625 0.0 0.48828125 0.0 0.08678668478260869 23
240 0.1 0.3515625 0.0 0.48828125 0.0 0.10026041666666667 24
250 0.1 0.2890625 0.0 0.48828125 0.0 0.1103125 25
260 0.1 0.25 0.0 0.48828125 0.0 0.1171875 26
270 0.1 0.2109375 0.0 0.48828125 0.0 0.12210648148148148 27
280 0.1 0.328125 0.0 0.48828125 0.0 0.12527901785714285 28
290 0.1 0.26953125 0.0 0.48828125 0.0 0.1322737068965517 29
300 0.1 0.23046875 0.0 0.48828125 0.0 0.13684895833333333 30
310 0.1 0.28125 0.0 0.48828125 0.0 0.13986895161290322 31
320 0.1 0.390625 0.0 0.48828125 0.0 0.144287109375 32
330 0.1 0.55859375 0.0 0.55859375 0.0 0.15175189393939395 33
340 0.1 0.80078125 0.0 0.80078125 0.0 0.16371783088235295 34
350 0.1 0.8203125 0.0 0.8203125 0.0 0.18191964285714285 35
360 0.1 0.69140625 0.0 0.8203125 0.0 0.1996527777777778 36
370 0.1 0.58984375 0.0 0.8203125 0.0 0.21294341216216217 37
380 0.1 0.66015625 0.0 0.8203125 0.0 0.22286184210526316 38
390 0.1 0.94140625 0.0 0.94140625 0.0 0.23407451923076922 39
400 0.1 0.7890625 0.0 0.94140625 0.0 0.2517578125 40
410 0.1 0.8203125 0.0 0.94140625 0.0 0.2648628048780488 41
420 0.1 0.8515625 0.0 0.94140625 0.0 0.27808779761904767 42
430 0.1 0.87890625 0.0 0.94140625 0.0 0.2914244186046512 43
440 0.1 0.96875 0.0 0.96875 0.0 0.3047762784090909 44
450 0.1 1.12890625 0.0 1.12890625 0.0 0.31953124999999993 45
460 0.1 1.12109375 0.0 1.12890625 0.0 0.3371263586956521 46
470 0.1 1.01953125 0.0 1.12890625 0.0 0.3538065159574467 47
480 0.1 1.23828125 0.0 1.23828125 0.0 0.36767578124999994 48
490 0.1 1.26953125 0.0 1.26953125 0.0 0.38544323979591827 49
500 0.1 1.1484375 0.0 1.26953125 0.0 0.40312499999999996 50
510 0.1 1.19921875 0.0 1.26953125 0.0 0.4177389705882352 51
520 0.1 1.171875 0.0 1.26953125 0.0 0.4327674278846153 52
530 0.1 1.30078125 0.0 1.30078125 0.0 0.44671285377358483 53
540 0.1 1.41015625 0.0 1.41015625 0.0 0.4625289351851851 54
550 0.1 1.3515625 0.0 1.41015625 0.0 0.47975852272727265 55
560 0.1 1.37109375 0.0 1.41015625 0.0 0.4953264508928571 56
570 0.1 1.30859375 0.0 1.41015625 0.0 0.5106907894736842 57
580 0.1 1.33984375 0.0 1.41015625 0.0 0.5244477370689655 58
590 0.1 1.28125 0.0 1.41015625 0.0 0.5382680084745762 59
600 0.1 1.3203125 0.0 1.41015625 0.0 0.5506510416666667 60
610 0.1 1.26953125 0.0 1.41015625 0.0 0.5632684426229508 61
620 0.1 1.23046875 0.0 1.41015625 0.0 0.5746597782258065 62
630 0.1 1.26953125 0.0 1.41015625 0.0 0.5850694444444444 63
640 0.1 1.30859375 0.0 1.41015625 0.0 0.59576416015625 64
651 0.1 1.26171875 0.0 1.41015625 0.0 0.6067307692307692 65
660 0.1 1.30078125 0.0 1.41015625 0.0 0.6166548295454546 66
670 0.1 1.328125 0.0 1.41015625 0.0 0.6268656716417911 67
680 0.1 1.328125 0.0 1.41015625 0.0 0.6371783088235294 68
690 0.1 1.28125 0.0 1.41015625 0.0 0.6471920289855072 69
700 0.1 1.23828125 0.0 1.41015625 0.0 0.65625 70
710 0.1 1.19921875 0.0 1.41015625 0.0 0.6644476232394366 71
720 0.1 1.171875 0.0 1.41015625 0.0 0.671875 72
730 0.1 1.140625 0.0 1.41015625 0.0 0.6787243150684932 73
740 0.1 1.12109375 0.0 1.41015625 0.0 0.6849662162162162 74
750 0.1 1.26171875 0.0 1.41015625 0.0 0.69078125 75
760 0.1 1.44140625 0.0 1.44140625 0.0 0.6982935855263158 76
770 0.1 1.53125 0.0 1.53125 0.0 0.7079443993506493 77
780 0.1 1.2890625 0.0 1.53125 0.0 0.7184995993589743 78
790 0.1 1.25 0.0 1.53125 0.0 0.725721914556962 79
800 0.1 1.140625 0.0 1.53125 0.0 0.732275390625 80
810 0.1 1.19140625 0.0 1.53125 0.0 0.7373167438271605 81
820 0.1 1.23828125 0.0 1.53125 0.0 0.7428544207317073 82
