0 0.8 11.950124999999996 8.503412644895871 34.043 7.753 0 0
10 2.1 33.084238095238085 49.02753410259796 149.715 1.725 11.950124999999996 8
20 5.9 23.359050847457627 33.74767359737117 149.715 1.375 27.254137931034474 29
30 10.4 31.286134615384608 43.3199518087526 149.715 1.166 24.64265909090909 88
40 18.6 27.439876344086013 38.788319106231704 149.715 1.166 28.24120833333333 192
50 22 25.64963636363638 34.713755013415145 193.179 1.162 27.84690211640211 378
60 23.8 24.28283193277312 33.01267172109873 193.179 1.162 27.03854347826087 598
70 21.8 25.538105504587147 36.282663351190756 209.57 1.122 26.254022727272734 836
80 23.7 25.485902953586503 37.191472297293785 209.57 1.122 26.10594876660342 1054
90 27.3 27.434293040293053 37.23884145883406 209.57 1.122 25.992121611154147 1291
100 27.5 27.23134545454544 37.40666608089971 226.79 1.086 26.243856138107425 1564
110 27.2 31.059033088235278 45.32503472033574 279.089 1.086 26.391523110386082 1839
120 28 22.11193928571429 31.351053812771806 279.089 1.086 26.992926575082898 2111
130 28 25.321642857142855 36.687436200299146 279.089 1.086 26.421334588038476 2391
140 30.5 32.12215409836063 46.531243356207604 279.089 1.086 26.30605428678398 2671
150 35.2 48.967784090909056 131.93686865041647 1261.02 1.086 26.90212634408602 2976
160 41.8 26.811318181818173 38.05071233326146 1261.02 1.086 29.235993990384614 3328
170 41.2 24.204012135922337 34.36355102391418 1261.02 1.086 28.965434863854775 3746
180 38.2 24.617484293193723 47.190106160655574 1261.02 1.086 28.493644059644055 4158
190 38.5 26.57308051948053 38.12672914920573 1261.02 1.086 28.167500220264316 4540
200 44.8 27.12400669642857 38.94844153513179 1261.02 1.086 28.042860304568528 4925
210 52.8 37.41187878787881 59.66576479582671 1261.02 1.086 27.96624641727154 5373
220 67.2 67.31526041666679 252.3734426300666 3163.651 1.07 28.811407219115406 5901
230 73 26.191342465753443 38.41322245137934 3163.651 1.063 32.747903392666984 6573
240 78.3 27.56264112388252 44.07977680246919 3163.651 0.971 32.09251663699851 7303
250 78.2 32.586690537084365 46.85648717305164 3163.651 0.971 31.65387051694288 8086
260 87 40.94880804597702 71.70937563852962 3163.651 0.971 31.73612866486244 8868
270 105.1 33.53404186489053 50.7548975638002 3163.651 0.971 32.55919613883756 9738
280 110.8 40.26714801444047 64.77013653598114 3163.651 0.971 32.65415979238113 10789
290 118.1 42.04653598645209 66.26112117258528 3163.651 0.93 33.36317811212911 11897
300 117.1 36.99927924850559 53.472704976394034 3163.651 0.87 34.14732290870163 13078
310 122.9 45.078135069162016 73.58171203368143 3163.651 0.87 34.381700119306615 14249
320 134.9 54.26763676797614 88.94622129457024 3163.651 0.87 35.231029396562874 15478
330 138.6 50.164998556998576 76.99863541190724 3163.651 0.828 36.75717091579009 16827
340 152.1 68.29433990795515 95.79839114913925 3163.651 0.828 37.77749975292373 18213
350 173.8 72.09850805523581 105.04632444900363 3163.651 0.828 40.12958822337082 19734
360 192 108.11089375000005 161.34415897909676 3163.651 0.828 42.71723644746644 21472
370 213.5 128.6712725995311 192.40930585020803 3163.651 0.828 48.08470489911078 23392
380 214.4 334.91232882462674 467.52470890825975 3163.651 0.828 54.82471829827235 25527
390 232.1 456.9469676863425 548.5948853683287 3163.651 0.828 76.52642177731192 27671
400 238.8 814.6449949748737 897.2783626546003 3847.766 0.828 105.96614193785007 29992
410 262.7 747.6013479253919 867.9885822176437 4023.529 0.828 158.23066019147615 32380
420 259.4 1098.4346245181132 1143.8721223166624 4923.869 0.828 202.45829456965757 35007
430 254.3 1127.9815359811219 1113.3071056131269 4923.869 0.828 264.2694857583572 37601
440 274.3 1359.2289329201585 1297.6411435180207 4923.869 0.825 318.9830106616177 40144
450 283.9 1451.2527034166933 1388.729565897511 5390.059 0.798 385.5158659500542 42887
460 310.6 1450.5978303283973 1350.3947754809667 5390.059 0.798 451.684498272317 45726
470 356.8 1249.1240123318405 1225.107662730267 5390.059 0.798 515.2212120945276 48832
480 384.5 1187.9238267880385 1101.5707696972943 5390.059 0.76 565.1938302480911 52400
490 416.8 1085.1007248080666 1017.901483585811 5390.059 0.76 607.7646691972616 56245
500 459.7 840.9617350445945 874.4257732341049 5390.059 0.76 640.6969301309321 60413
510 445.1 893.0894156369359 914.8380302418959 5390.059 0.76 654.8580946931241 65010
520 416 993.053722596154 871.4626586495516 5390.059 0.76 670.1237489382531 69461
530 458.2 770.4334054997846 775.9137265829318 5390.059 0.76 688.3711062196928 73621
540 453.5 841.5844579933843 805.594217309882 5390.059 0.76 693.1792268199432 78203
550 462.3 894.8502530824135 823.2328813654052 5390.059 0.76 701.3135511131526 82738
560 476.5 851.3217196222429 768.2943028284187 5390.059 0.76 711.5551941026317 87361
570 490.9 867.1942446526815 831.8390345626168 5390.059 0.76 718.7842878883268 92126
580 499.6 799.9449811849481 746.9243485840409 5390.059 0.76 726.2923466068946 97035
590 549.6 812.5755693231459 761.7107602626128 5390.059 0.76 729.8987854573612 102031
600 580.2 754.8508912443967 733.0555035132767 5390.059 0.76 734.1246227273152 107527
610 674.2 553.2211053099977 629.9946721570676 5390.059 0.76 735.1857263277715 113329
620 595.2 307.41273874327976 332.94490390462437 5390.059 0.76 724.9683926260298 120071
630 567.3 190.61259668605672 186.7650708984304 5390.059 0.76 705.2474587337234 126023
640 585.3 61.36188399111575 78.77389958585987 5390.059 0.76 683.0788008215893 131696
651 474.8 141.71059730412816 198.4134276653823 5390.059 0.76 656.623434994075 137549
660 417.8 163.85757587362394 285.2200169023341 5390.059 0.76 639.4424251811353 142297
670 461.2 150.75516869037284 229.15063159850374 5390.059 0.76 625.8770146987541 146475
680 501.6 460.75076535087805 597.3780375034161 5390.059 0.76 611.3737023436829 151087
690 543.1 657.4212356840334 764.0982956486922 5390.059 0.76 606.5337911827448 156103
700 546.2 918.2019789454422 922.9433612296708 5390.059 0.76 608.2446985526267 161534
710 598.1 1014.6904275204834 1008.9031631545472 5390.059 0.76 618.3825860799061 166996
720 578.5 1101.3061355229065 1004.7984427584961 5390.059 0.76 632.0856633656498 172977
730 611.5 959.1562557645135 982.369565907477 5390.059 0.76 647.2703247110685 178762
740 623.4 714.4988022136648 787.0497422727723 5390.059 0.76 657.5862778495974 184877
750 558.4 244.14473549426822 403.26100082070417 5390.059 0.76 659.4427522382281 191111
760 353 27.538449291784595 36.87487173530263 5390.059 0.76 647.652802694527 196695
770 131.4 17.648734398782317 17.725107948103513 5390.059 0.76 636.7200836658758 200225
780 30.9 15.244831715210355 16.632819525556645 5390.059 0.76 632.6838437672112 201539
790 6.5 16.41436923076923 24.280688574426467 5390.059 0.76 631.7386342297173 201848
800 2.4 18.830083333333334 21.093485945343147 5390.059 0.76 631.540548533279 201913
810 1.7 18.178529411764703 20.33433647832751 5390.059 0.76 631.4677285390986 201937
820 0.6 13.230166666666667 7.309519031524729 5390.059 0.76 631.4161033354128 201954
822 0 0 0 5390.059 0.76 631.3977377401463 201960
