10 0.1 104 0 104 104 0 0
20 0.1 296.0 0.0 296 104 104.0 1
30 0.1 779.0 0.0 779 104 200.0 2
40 0.1 1453.0 0.0 1453 104 393.0 3
50 0.1 2262.0 0.0 2262 104 658.0 4
60 0.1 2695.0 0.0 2695 104 978.8 5
70 0.1 2552.0 0.0 2695 104 1264.8333333333333 6
80 0.1 2357.0 0.0 2695 104 1448.7142857142858 7
90 0.1 3235.0 0.0 3235 104 1562.25 8
100 0.1 2934.0 0.0 3235 104 1748.111111111111 9
110 0.1 3164.0 0.0 3235 104 1866.7 10
120 0.1 3011.0 0.0 3235 104 1984.6363636363637 11
130 0.1 3003.0 0.0 3235 104 2070.1666666666665 12
140 0.1 2932.0 0.0 3235 104 2141.923076923077 13
150 0.1 3542.0 0.0 3542 104 2198.357142857143 14
160 0.1 3969.0 0.0 3969 104 2287.9333333333334 15
170 0.1 5443.0 0.0 5443 104 2393.0 16
180 0.1 5235.0 0.0 5443 104 2572.4117647058824 17
190 0.1 4209.0 0.0 5443 104 2720.3333333333335 18
200 0.1 4467.0 0.0 5443 104 2798.684210526316 19
210 0.1 4999.0 0.0 5443 104 2882.1 20
220 0.1 8412.0 0.0 8412 104 2982.904761904762 21
230 0.1 8629.0 0.0 8629 104 3229.681818181818 22
240 0.1 8258.0 0.0 8629 104 3464.4347826086955 23
250 0.1 8289.0 0.0 8629 104 3664.1666666666665 24
260 0.1 8667.0 0.0 8667 104 3849.16 25
270 0.1 10339.0 0.0 10339 104 4034.4615384615386 26
280 0.1 11713.0 0.0 11713 104 4267.962962962963 27
290 0.1 12733.0 0.0 12733 104 4533.857142857142 28
300 0.1 13544.0 0.0 13544 104 4816.586206896552 29
310 0.1 13227.0 0.0 13544 104 5107.5 30
320 0.1 15014.0 0.0 15014 104 5369.419354838709 31
330 0.1 16950.0 0.0 16950 104 5670.8125 32
340 0.1 16450.0 0.0 16950 104 6012.606060606061 33
350 0.1 18787.0 0.0 18787 104 6319.588235294118 34
360 0.1 20469.0 0.0 20469 104 6675.8 35
370 0.1 23337.0 0.0 23337 104 7058.944444444444 36
380 0.1 24545.0 0.0 24545 104 7498.891891891892 37
390 0.1 26212.0 0.0 26212 104 7947.473684210527 38
400 0.1 27328.0 0.0 27328 104 8415.794871794871 39
410 0.1 28345.0 0.0 28345 104 8888.6 40
420 0.1 29993.0 0.0 29993 104 9363.146341463415 41
430 0.1 29146.0 0.0 29993 104 9854.333333333334 42
440 0.1 29482.0 0.0 29993 104 10302.976744186046 43
450 0.1 30606.0 0.0 30606 104 10738.863636363636 44
460 0.1 30408.0 0.0 30606 104 11180.355555555556 45
470 0.1 33248.0 0.0 33248 104 11598.347826086956 46
480 0.1 36602.0 0.0 36602 104 12058.978723404256 47
490 0.1 40767.0 0.0 40767 104 12570.291666666666 48
500 0.1 43643.0 0.0 43643 104 13145.734693877552 49
510 0.1 45408.0 0.0 45408 104 13755.68 50
520 0.1 42609.0 0.0 45408 104 14376.313725490196 51
530 0.1 45161.0 0.0 45408 104 14919.25 52
540 0.1 46313.0 0.0 46313 104 15489.849056603774 53
550 0.1 45601.0 0.0 46313 104 16060.648148148148 54
560 0.1 47218.0 0.0 47218 104 16597.745454545453 55
570 0.1 47313.0 0.0 47313 104 17144.535714285714 56
580 0.1 49545.0 0.0 49545 104 17673.80701754386 57
590 0.1 52580.0 0.0 52580 104 18223.310344827587 58
600 0.1 53908.0 0.0 53908 104 18805.627118644068 59
610 0.1 55567.0 0.0 55567 104 19390.666666666668 60
620 0.1 64453.0 0.0 64453 104 19983.72131147541 61
630 0.1 60183.0 0.0 64453 104 20700.967741935485 62
640 0.1 62407.0 0.0 64453 104 21327.666666666668 63
651 0.1 52364.0 0.0 64453 104 21969.53125 64
660 0.1 38763.0 0.0 64453 104 22437.138461538463 65
670 0.1 48534.0 0.0 64453 104 22684.5 66
680 0.1 52002.0 0.0 64453 104 23070.31343283582 67
690 0.1 60308.0 0.0 64453 104 23495.779411764706 68
700 0.1 56204.0 0.0 64453 104 24029.289855072464 69
710 0.1 56777.0 0.0 64453 104 24488.928571428572 70
720 0.1 62106.0 0.0 64453 104 24943.690140845072 71
730 0.1 59743.0 0.0 64453 104 25459.833333333336 72
740 0.1 63504.0 0.0 64453 104 25929.46575342466 73
750 0.1 59924.0 0.0 64453 104 26437.229729729734 74
760 0.1 39164.0 0.0 64453 104 26883.720000000005 75
770 0.1 16410.0 0.0 64453 104 27045.302631578954 76
780 0.1 6689.0 0.0 64453 104 26907.181818181823 77
790 0.1 4362.0 0.0 64453 104 26647.974358974367 78
800 0.1 3183.0 0.0 64453 104 26365.873417721526 79
810 0.1 2701.0 0.0 64453 104 26076.08750000001 80
820 0.1 2762.0 0.0 64453 104 25787.506172839516 81
