10 0.1 188 0 188 188 0 0
20 0.1 373.0 0.0 373 188 188.0 1
30 0.1 611.0 0.0 611 188 280.5 2
40 0.1 1162.0 0.0 1162 188 390.6666666666667 3
50 0.1 1457.0 0.0 1457 188 583.5 4
60 0.1 1922.0 0.0 1922 188 758.2 5
70 0.1 2132.0 0.0 2132 188 952.1666666666666 6
80 0.1 2057.0 0.0 2132 188 1120.7142857142858 7
90 0.1 3084.0 0.0 3084 188 1237.75 8
100 0.1 3335.0 0.0 3335 188 1442.888888888889 9
110 0.1 3952.0 0.0 3952 188 1632.1 10
120 0.1 3820.0 0.0 3952 188 1843.0 11
130 0.1 3609.0 0.0 3952 188 2007.75 12
140 0.1 3554.0 0.0 3952 188 2130.923076923077 13
150 0.1 3486.0 0.0 3952 188 2232.571428571429 14
160 0.1 3725.0 0.0 3952 188 2316.133333333333 15
170 0.1 4645.0 0.0 4645 188 2404.1875 16
180 0.1 4939.0 0.0 4939 188 2536.0 17
190 0.1 4698.0 0.0 4939 188 2669.5 18
200 0.1 4901.0 0.0 4939 188 2776.2631578947367 19
210 0.1 5319.0 0.0 5319 188 2882.5 20
220 0.1 6990.0 0.0 6990 188 2998.5238095238096 21
230 0.1 8183.0 0.0 8183 188 3179.9545454545455 22
240 0.1 8281.0 0.0 8281 188 3397.478260869565 23
250 0.1 7963.0 0.0 8281 188 3600.9583333333335 24
260 0.1 8531.0 0.0 8531 188 3775.44 25
270 0.1 10371.0 0.0 10371 188 3958.346153846154 26
280 0.1 10684.0 0.0 10684 188 4195.851851851852 27
290 0.1 10925.0 0.0 10925 188 4427.571428571429 28
300 0.1 13534.0 0.0 13534 188 4651.620689655173 29
310 0.1 16285.0 0.0 16285 188 4947.700000000001 30
320 0.1 16922.0 0.0 16922 188 5313.41935483871 31
330 0.1 14884.0 0.0 16922 188 5676.187500000001 32
340 0.1 15565.0 0.0 16922 188 5955.212121212122 33
350 0.1 16856.0 0.0 16922 188 6237.852941176471 34
360 0.1 15433.0 0.0 16922 188 6541.228571428573 35
370 0.1 16782.0 0.0 16922 188 6788.222222222223 36
380 0.1 17523.0 0.0 17523 188 7058.324324324324 37
390 0.1 18326.0 0.0 18326 188 7333.710526315789 38
400 0.1 20098.0 0.0 20098 188 7615.5641025641025 39
410 0.1 23213.0 0.0 23213 188 7927.625 40
420 0.1 26873.0 0.0 26873 188 8300.439024390244 41
430 0.1 28970.0 0.0 28970 188 8742.642857142857 42
440 0.1 30244.0 0.0 30244 188 9213.046511627907 43
450 0.1 29630.0 0.0 30244 188 9691.022727272728 44
460 0.1 28905.0 0.0 30244 188 10134.111111111111 45
470 0.1 30425.0 0.0 30425 188 10542.173913043478 46
480 0.1 29991.0 0.0 30425 188 10965.212765957447 47
490 0.1 31501.0 0.0 31501 188 11361.583333333334 48
500 0.1 32392.0 0.0 32392 188 11772.591836734693 49
510 0.1 32878.0 0.0 32878 188 12184.98 50
520 0.1 35315.0 0.0 35315 188 12590.725490196079 51
530 0.1 36827.0 0.0 36827 188 13027.73076923077 52
540 0.1 36287.0 0.0 36827 188 13476.77358490566 53
550 0.1 36486.0 0.0 36827 188 13899.185185185184 54
560 0.1 37548.0 0.0 37548 188 14309.854545454546 55
570 0.1 37613.0 0.0 37613 188 14724.82142857143 56
580 0.1 42152.0 0.0 42152 188 15126.368421052632 57
590 0.1 43349.0 0.0 43349 188 15592.327586206897 58
600 0.1 42897.0 0.0 43349 188 16062.77966101695 59
610 0.1 44449.0 0.0 44449 188 16510.016666666666 60
620 0.1 45444.0 0.0 45444 188 16968.032786885247 61
630 0.1 45710.0 0.0 45710 188 17427.322580645163 62
640 0.1 46793.0 0.0 46793 188 17876.25396825397 63
650 0.1 48406.0 0.0 48406 188 18328.078125 64
660 0.1 48736.0 0.0 48736 188 18790.815384615384 65
670 0.1 48920.0 0.0 48920 188 19244.530303030304 66
680 0.1 48952.0 0.0 48952 188 19687.44776119403 67
690 0.1 46401.0 0.0 48952 188 20117.808823529413 68
700 0.1 48124.0 0.0 48952 188 20498.72463768116 69
710 0.1 47777.0 0.0 48952 188 20893.371428571427 70
720 0.1 48285.0 0.0 48952 188 21272.01408450704 71
730 0.1 44453.0 0.0 48952 188 21647.19444444444 72
740 0.1 39678.0 0.0 48952 188 21959.602739726026 73
750 0.1 31709.0 0.0 48952 188 22199.04054054054 74
760 0.1 23776.0 0.0 48952 188 22325.84 75
770 0.1 18326.0 0.0 48952 188 22344.92105263158 76
780 0.1 14808.0 0.0 48952 188 22292.727272727272 77
790 0.1 12523.0 0.0 48952 188 22196.76923076923 78
800 0.1 9.1e3 0.0 48952 188 22074.316455696204 79
810 0.1 3354.0 0.0 48952 188 21912.1375 80
820 0.1 1571.0 0.0 48952 188 21683.024691358023 81
830 0.1 676.0 0.0 48952 188 21437.756097560974 82
840 0.1 27.0 0.0 48952 27 21187.61445783132 83
848 0.1 667.0 0.0 48952 27 20935.702380952378 84
