0 1.2 17.62058333333333 9.731664147327981 37.25 7.381 0 0
10 3.1 72.44329032258067 164.89353887363373 908.585 7.024 17.62058333333333 12
20 6.7 34.727537313432855 44.819775069975904 908.585 6.789 57.143930232558155 43
30 12.8 26.955898437500007 24.653505323102582 908.585 5.617 43.49030909090911 110
40 19.2 27.686666666666657 23.34631583853519 908.585 5.535 34.597852941176484 238
50 22.6 33.69496017699117 38.57322025698644 908.585 5.518 31.511927906976744 430
60 27.8 26.01849640287769 24.678671055883846 908.585 5.387 32.264009146341465 656
70 26.9 25.747468401486984 21.131309357350876 908.585 5.041 30.40506638115632 934
80 36.7 32.116888283378735 31.43224821013251 908.585 5.041 29.363591853699084 1203
90 43.5 34.13980689655167 29.177583808476054 908.585 5.041 30.00719681528662 1570
100 51.9 32.9284315992293 32.22093309423311 908.585 5.018 30.903798004987515 2005
110 51.3 32.53440545808967 41.00662140185007 908.585 5.018 31.32011529318541 2524
120 50.1 36.57432534930143 55.72445768797305 908.585 5.018 31.5252291735265 3037
130 44.8 29.735674107142813 35.727765319609325 908.585 5.018 32.2402085924251 3538
140 44 31.489302272727258 30.04356311919856 908.585 5.018 31.95871550426492 3986
150 47.8 35.98501464435146 47.93950262533208 908.585 5.018 31.912049932218704 4426
160 57.9 36.756911917098385 36.025536433389654 908.585 4.842 32.309047716150076 4904
170 64.2 37.443068535825546 33.80042305752364 908.585 4.842 32.77873828196242 5483
180 64.5 31.882488372093025 27.958196146222303 908.585 4.842 33.26763624489795 6125
190 61.9 34.63291922455575 35.77151242090239 908.585 4.842 33.13566868537666 6770
200 64.2 40.011694704049845 40.32732588955187 908.585 4.842 33.26109811882528 7389
210 86.8 51.66765092165902 52.138947555299055 908.585 4.842 33.80074237330345 8031
220 100.8 62.35833432539681 62.838729121738695 908.585 4.842 35.54346364760085 8899
230 102.6 63.80755360623785 63.84184180589684 908.585 4.842 38.271775916018974 9907
240 96.3 91.08130841121495 232.42275088342691 3237.64 4.842 40.6681637245038 10933
250 101.5 121.40049359605894 354.34663941264927 3402.252 4.842 44.749187457969064 11896
260 123.5 104.58862753036428 99.45084290399313 3402.252 4.842 50.77514019053519 12911
270 126.5 327.077865612648 309.8130099699846 3402.252 4.842 55.47326382016115 14146
280 133.1 593.8138429752061 477.0505747519767 3402.252 4.842 77.76771721497627 15411
290 156.3 600.6176372360856 558.2579280128981 3402.252 4.842 118.79372327081583 16742
300 198.8 291.51253018108656 243.4774808608689 3402.252 4.842 159.93498399344443 18305
310 197.6 336.8582307692316 218.92206137252936 3402.252 4.842 172.82495402355494 20293
320 181.7 459.53379361585087 411.42303631644955 3402.252 4.842 187.38015429520868 22269
330 188.6 588.8514135737005 467.2248092447127 3402.252 4.842 207.91088428962897 24086
340 194.7 785.2636743708267 396.7342687096594 3402.252 4.842 235.57351474665032 25972
350 183.9 1231.4878189233289 459.43637988399007 3402.252 4.842 273.9075073963968 27919
360 199.1 1396.8997950778476 676.5904689578877 3402.252 0.337 333.084541904698 29758
370 209.9 1724.2690114340169 630.2860719400657 3402.252 0.337 399.79707360861755 31749
380 237 1902.193853586494 943.0973125807707 3402.252 0.337 481.9309248700071 33848
390 295.9 1549.0430378506246 1162.0465364906431 3402.252 0.334 574.8687773482797 36218
400 376.8 1255.6477253184717 1192.717150298829 3519.43 0.318 648.4471941955737 39177
410 446.1 1080.0071815736403 1182.199353512353 3613.238 0.318 701.7230493887529 42945
420 504.3 949.8743838984777 1111.5489204545115 3613.238 0.318 737.3203474876598 47406
430 524.5 882.508548903718 1135.8564744123164 3807.314 0.318 757.7575341951233 52449
440 562 831.2394249110329 1099.8650321241832 3807.314 0.318 769.0987321038587 57694
450 550.9 874.9189197676519 1242.2004814554382 3899.81 0.318 774.6145847363937 63314
460 544.7 912.8825639801744 1130.8451273099668 3899.81 0.318 782.6435370007123 68823
470 547.1 852.7785300676289 1099.134763049565 3899.81 0.318 792.1953342264715 74270
480 548.1 900.9301065498983 1089.5711572928565 3899.81 0.318 796.3519244930467 79741
490 570.5 832.1790022787023 1000.1228428120564 3899.81 0.318 803.0778053202228 85222
500 571.1 807.8237858518668 1042.2265401410575 3899.81 0.318 804.9036912358268 90927
510 641.7 728.3770456599644 981.9476325390789 3899.81 0.318 805.0762595873264 96638
520 699.7 603.7116508503664 889.7578532166501 3899.81 0.318 800.3003743243902 103055
530 693 682.494168975468 987.0913604570696 3899.81 0.318 787.8014529222554 110052
540 697.2 690.4950073149772 990.3086848920266 3899.81 0.318 781.563061735994 116982
550 717.2 655.8496569994461 947.6641627485762 3899.81 0.318 776.4407867354023 123954
560 724.8 675.9415190397393 952.6402385429608 3899.81 0.318 769.8449965605607 131126
570 770.5 603.296387410772 917.0254570426714 3899.81 0.318 764.9263528480792 138374
580 836 584.3458940191422 893.338088462624 3899.81 0.318 756.4011104539331 146079
590 874.9 547.5091776202993 907.729812638481 3899.81 0.318 747.0875199140122 154439
600 910.3 527.8468400527245 901.3878829116352 4273.625 0.318 736.3875241010376 163188
610 917.1 544.1953713880749 927.164228793877 4299.122 0.318 725.3692709891989 172291
620 921.9 521.6928535632953 877.4196359473253 4299.122 0.318 716.212831441294 181462
630 958.7 511.3959064357971 881.3270681705276 4299.122 0.318 706.8082254445914 190681
640 986.3 513.0679734360737 870.8607005589305 4299.122 0.318 697.4536710358125 200268
650 950.6 487.33992131285527 820.2146122543785 4299.122 0.318 688.7990882497113 210131
660 961 521.2478097814783 844.1603768559536 4299.122 0.318 680.0798340215905 219637
670 997.4 501.50584098656435 811.3462214671517 4299.122 0.318 673.4216192883662 229247
680 958.8 502.6149478514796 834.2451307968721 4299.122 0.318 666.2538205884938 239221
690 958.1 517.288788122322 827.6097946793982 4299.122 0.318 659.947901141036 248809
700 969.5 507.4961399690549 853.25319974755 4299.122 0.318 654.6581571036031 258390
710 935.7 505.77864967403815 846.4537321858803 4299.122 0.318 649.3362041553985 268085
720 1003.9 477.780490287879 922.8549113364647 4556.298 0.318 644.4945866739715 277442
730 932.8 514.2650460977693 1017.6354533261136 4845.353 0.318 638.6728356239195 287481
740 752.6 665.5976739303748 1077.6979809589839 4845.353 0.318 634.7629950843808 296809
750 514.2 897.1240066122124 1242.2429534214168 4845.353 0.318 635.5255159676015 304335
760 346.1 1333.8533140710797 1337.4921208706126 4845.353 0.318 639.8720084012705 309477
770 248 1432.7174479838723 1164.6982707236473 4845.353 0.318 647.5472325636387 312938
780 195.2 1061.8787049180326 1695.7250671983597 60000.653 0.318 653.7206980419633 315418
790 152.2 389.035379106439 418.25288661916886 60000.653 0.318 656.2310942023504 317370
800 73.3 182.86821691678045 1911.0725686136786 60000.653 0.318 654.9558289765813 318892
810 15.4 125.94040909090911 808.8004225189785 60000.653 0.318 653.8731845662885 319625
820 1 710.4752000000001 2023.1487593770169 60000.653 0.318 653.6189413313568 319779
830 0.5 1253.7904 2460.1000358029023 60000.653 0.318 653.6207192617632 319789
840 0.3 2222.134333333333 3124.239437569015 60000.653 0.318 653.6301029537764 319794
848 0.3 72.55666666666667 79.5212463279818 60000.653 0.318 653.6448170151689 319797
