10 0.1 82 0 82 82 0 0
20 0.1 176.0 0.0 176 82 82.0 1
30 0.1 505.0 0.0 505 82 129.0 2
40 0.1 872.0 0.0 872 82 254.33333333333334 3
50 0.1 1426.0 0.0 1426 82 408.75 4
60 0.1 1818.0 0.0 1818 82 612.2 5
70 0.1 1713.0 0.0 1818 82 813.1666666666666 6
80 0.1 1594.0 0.0 1818 82 941.7142857142857 7
90 0.1 2190.0 0.0 2190 82 1023.25 8
100 0.1 1892.0 0.0 2190 82 1152.888888888889 9
110 0.1 2074.0 0.0 2190 82 1226.8 10
120 0.1 1977.0 0.0 2190 82 1303.8181818181818 11
130 0.1 2061.0 0.0 2190 82 1359.9166666666667 12
140 0.1 2008.0 0.0 2190 82 1413.8461538461538 13
150 0.1 2241.0 0.0 2241 82 1456.2857142857142 14
160 0.1 2619.0 0.0 2619 82 1508.6 15
170 0.1 3553.0 0.0 3553 82 1578.0 16
180 0.1 3901.0 0.0 3901 82 1694.1764705882354 17
190 0.1 2965.0 0.0 3901 82 1816.7777777777778 18
200 0.1 2992.0 0.0 3901 82 1877.2105263157894 19
210 0.1 3356.0 0.0 3901 82 1932.95 20
220 0.1 6283.0 0.0 6283 82 2000.7142857142858 21
230 0.1 5806.0 0.0 6283 82 2195.3636363636365 22
240 0.1 5391.0 0.0 6283 82 2352.3478260869565 23
250 0.1 5709.0 0.0 6283 82 2478.9583333333335 24
260 0.1 5745.0 0.0 6283 82 2608.16 25
270 0.1 6467.0 0.0 6467 82 2728.8076923076924 26
280 0.1 7639.0 0.0 7639 82 2867.259259259259 27
290 0.1 8171.0 0.0 8171 82 3037.6785714285716 28
300 0.1 8769.0 0.0 8769 82 3214.689655172414 29
310 0.1 8583.0 0.0 8769 82 3399.8333333333335 30
320 0.1 10154.0 0.0 10154 82 3567.032258064516 31
330 0.1 10947.0 0.0 10947 82 3772.875 32
340 0.1 10645.0 0.0 10947 82 3990.2727272727275 33
350 0.1 12209.0 0.0 12209 82 4186.0 34
360 0.1 12921.0 0.0 12921 82 4415.228571428572 35
370 0.1 14575.0 0.0 14575 82 4651.5 36
380 0.1 15514.0 0.0 15514 82 4919.7027027027025 37
390 0.1 15821.0 0.0 15821 82 5198.5 38
400 0.1 16442.0 0.0 16442 82 5470.871794871795 39
410 0.1 17047.0 0.0 17047 82 5745.15 40
420 0.1 18164.0 0.0 18164 82 6020.804878048781 41
430 0.1 17866.0 0.0 18164 82 6309.928571428572 42
440 0.1 18261.0 0.0 18261 82 6578.674418604651 43
450 0.1 18564.0 0.0 18564 82 6844.181818181818 44
460 0.1 19227.0 0.0 19227 82 7104.622222222222 45
470 0.1 21139.0 0.0 21139 82 7368.152173913043 46
480 0.1 23277.0 0.0 23277 82 7661.148936170212 47
490 0.1 25311.0 0.0 25311 82 7986.479166666667 48
500 0.1 27389.0 0.0 27389 82 8340.040816326531 49
510 0.1 29253.0 0.0 29253 82 8721.02 50
520 0.1 28053.0 0.0 29253 82 9123.607843137255 51
530 0.1 28782.0 0.0 29253 82 9487.634615384615 52
540 0.1 29993.0 0.0 29993 82 9851.67924528302 53
550 0.1 29749.0 0.0 29993 82 10224.666666666666 54
560 0.1 30244.0 0.0 30244 82 10579.654545454545 55
570 0.1 30787.0 0.0 30787 82 10930.80357142857 56
580 0.1 31799.0 0.0 31799 82 11279.157894736842 57
590 0.1 33982.0 0.0 33982 82 11632.948275862069 58
600 0.1 35495.0 0.0 35495 82 12011.745762711864 59
610 0.1 36579.0 0.0 36579 82 12403.133333333333 60
620 0.1 42547.0 0.0 42547 82 12799.459016393443 61
630 0.1 42679.0 0.0 42679 82 13279.258064516129 62
640 0.1 43001.0 0.0 43001 82 13745.920634920634 63
651 0.1 34423.0 0.0 43001 82 14203.03125 64
660 0.1 2.64e4 0.0 43001 82 14514.107692307693 65
670 0.1 29780.0 0.0 43001 82 14694.19696969697 66
680 0.1 32615.0 0.0 43001 82 14919.358208955224 67
690 0.1 37989.0 0.0 43001 82 15179.588235294117 68
700 0.1 35331.0 0.0 43001 82 15510.159420289856 69
710 0.1 36245.0 0.0 43001 82 15793.314285714287 70
720 0.1 40398.0 0.0 43001 82 16081.366197183099 71
730 0.1 39447.0 0.0 43001 82 16419.097222222223 72
740 0.1 40148.0 0.0 43001 82 16734.54794520548 73
750 0.1 37905.0 0.0 43001 82 17050.945945945947 74
760 0.1 26820.0 0.0 43001 82 17329.0 75
770 0.1 12029.0 0.0 43001 82 17453.88157894737 76
780 0.1 5689.0 0.0 43001 82 17383.428571428576 77
790 0.1 4148.0 0.0 43001 82 17233.500000000007 78
800 0.1 2706.0 0.0 43001 82 17067.860759493677 79
810 0.1 2432.0 0.0 43001 82 16888.337500000005 80
820 0.1 2398.0 0.0 43001 82 16709.86419753087 81
