10 0.1 136 0 136 136 0 0
20 0.1 215.0 0.0 215 136 136.0 1
30 0.1 321.0 0.0 321 136 175.5 2
40 0.1 630.0 0.0 630 136 224.0 3
50 0.1 720.0 0.0 720 136 325.5 4
60 0.1 906.0 0.0 906 136 404.4 5
70 0.1 1160.0 0.0 1160 136 488.0 6
80 0.1 1043.0 0.0 1160 136 584.0 7
90 0.1 1607.0 0.0 1607 136 641.375 8
100 0.1 1676.0 0.0 1676 136 748.6666666666666 9
110 0.1 1952.0 0.0 1952 136 841.4 10
120 0.1 1842.0 0.0 1952 136 942.3636363636364 11
130 0.1 1887.0 0.0 1952 136 1017.3333333333334 12
140 0.1 1862.0 0.0 1952 136 1084.2307692307693 13
150 0.1 1807.0 0.0 1952 136 1139.7857142857142 14
160 0.1 1945.0 0.0 1952 136 1184.2666666666667 15
170 0.1 2225.0 0.0 2225 136 1231.8125 16
180 0.1 2347.0 0.0 2347 136 1290.235294117647 17
190 0.1 2389.0 0.0 2389 136 1348.9444444444443 18
200 0.1 2633.0 0.0 2633 136 1403.6842105263158 19
210 0.1 2755.0 0.0 2755 136 1465.15 20
220 0.1 3454.0 0.0 3454 136 1526.5714285714287 21
230 0.1 3850.0 0.0 3850 136 1614.1818181818182 22
240 0.1 4075.0 0.0 4075 136 1711.391304347826 23
250 0.1 4074.0 0.0 4075 136 1809.875 24
260 0.1 4328.0 0.0 4328 136 1900.44 25
270 0.1 5185.0 0.0 5185 136 1993.8076923076924 26
280 0.1 5308.0 0.0 5308 136 2112.0 27
290 0.1 5509.0 0.0 5509 136 2226.1428571428573 28
300 0.1 6597.0 0.0 6597 136 2339.344827586207 29
310 0.1 7876.0 0.0 7876 136 2481.266666666667 30
320 0.1 8327.0 0.0 8327 136 2655.2903225806454 31
330 0.1 7630.0 0.0 8327 136 2832.53125 32
340 0.1 8010.0 0.0 8327 136 2977.909090909091 33
350 0.1 8547.0 0.0 8547 136 3125.9117647058824 34
360 0.1 7861.0 0.0 8547 136 3280.8 35
370 0.1 8692.0 0.0 8692 136 3408.027777777778 36
380 0.1 9371.0 0.0 9371 136 3550.837837837838 37
390 0.1 10176.0 0.0 10176 136 3704.0 38
400 0.1 12185.0 0.0 12185 136 3869.948717948718 39
410 0.1 15230.0 0.0 15230 136 4077.825 40
420 0.1 17850.0 0.0 17850 136 4349.829268292683 41
430 0.1 19886.0 0.0 19886 136 4671.261904761905 42
440 0.1 22131.0 0.0 22131 136 5025.093023255814 43
450 0.1 21997.0 0.0 22131 136 5413.863636363636 44
460 0.1 21994.0 0.0 22131 136 5782.377777777778 45
470 0.1 22296.0 0.0 22296 136 6134.804347826087 46
480 0.1 21868.0 0.0 22296 136 6478.659574468085 47
490 0.1 22641.0 0.0 22641 136 6799.270833333333 48
500 0.1 23445.0 0.0 23445 136 7122.571428571428 49
510 0.1 24124.0 0.0 24124 136 7449.02 50
520 0.1 26093.0 0.0 26093 136 7775.980392156863 51
530 0.1 27710.0 0.0 27710 136 8128.2307692307695 52
540 0.1 27123.0 0.0 27710 136 8497.698113207547 53
550 0.1 27683.0 0.0 27710 136 8842.611111111111 54
560 0.1 28470.0 0.0 28470 136 9185.163636363637 55
570 0.1 28867.0 0.0 28867 136 9529.535714285714 56
580 0.1 31972.0 0.0 31972 136 9868.78947368421 57
590 0.1 32883.0 0.0 32883 136 10249.879310344828 58
600 0.1 33866.0 0.0 33866 136 10633.49152542373 59
610 0.1 35880.0 0.0 35880 136 11020.7 60
620 0.1 35790.0 0.0 35880 136 11428.22950819672 61
630 0.1 36651.0 0.0 36651 136 11821.161290322581 62
640 0.1 37668.0 0.0 37668 136 12215.285714285714 63
650 0.1 38853.0 0.0 38853 136 12612.984375 64
660 0.1 38218.0 0.0 38853 136 13016.676923076922 65
670 0.1 40211.0 0.0 40211 136 13398.515151515152 66
680 0.1 38764.0 0.0 40211 136 13798.701492537313 67
690 0.1 37310.0 0.0 40211 136 14165.838235294117 68
700 0.1 37997.0 0.0 40211 136 14501.260869565218 69
710 0.1 38365.0 0.0 40211 136 14836.914285714285 70
720 0.1 39245.0 0.0 40211 136 15168.295774647888 71
730 0.1 36724.0 0.0 40211 136 15502.694444444445 72
740 0.1 33353.0 0.0 40211 136 15793.397260273972 73
750 0.1 25406.0 0.0 40211 136 16030.68918918919 74
760 0.1 17496.0 0.0 40211 136 16155.693333333333 75
770 0.1 11648.0 0.0 40211 136 16173.328947368422 76
780 0.1 8532.0 0.0 40211 136 16114.558441558442 77
790 0.1 6443.0 0.0 40211 136 16017.346153846154 78
800 0.1 4469.0 0.0 40211 136 15896.151898734177 79
810 0.1 1697.0 0.0 40211 136 15753.3125 80
820 0.1 729.0 0.0 40211 136 15579.777777777777 81
830 0.1 272.0 0.0 40211 136 15398.670731707318 82
840 0.1 12.0 0.0 40211 12 15216.421686746988 83
848 0.1 267.0 0.0 40211 12 15035.416666666666 84
