40 0.3 42907.47066666666 2558.978296859161 46492.108 40684.645 0 0
50 0.5 44416.8726 2549.8161957628713 48527.212 40684.645 42907.47066666666 3
60 1.1 44200.69009090909 6287.1602209265775 58582.075 36031.062 43850.846875 8
70 1.5 47243.23159999999 8808.19084041593 71700.089 36031.062 44053.38768421053 19
80 1 49646.24139999999 7656.304559511762 71700.089 36031.062 45460.671764705876 34
90 1 44738.9158 6002.834936618494 71700.089 36031.062 46411.93759090908 44
100 1 45382.932400000005 8249.686677278482 71700.089 36031.062 46102.118740740734 54
110 1.2 48323.187333333335 8021.051216749082 71700.089 36031.062 45989.74587499999 64
120 1.9 46865.75410526316 7060.761951209508 71700.089 35093.191 46358.183999999994 76
130 1.6 47342.872375000006 9211.037499253187 72977.873 35093.191 46459.69802105263 95
140 0.9 45564.61222222222 5123.6078559288835 72977.873 35093.191 46587.002432432426 111
150 1.4 53184.27271428571 12172.775034415186 76857.911 35093.191 46510.32316666666 120
160 1.2 46435.59158333333 8294.928322051697 76857.911 35093.191 47207.601477611934 134
170 1.9 44627.88863157894 5814.893923953758 76857.911 35093.191 47144.148609589036 146
180 2.8 50533.117999999995 11481.839357344194 87548.039 35093.191 46854.39746060606 165
190 1.7 50490.43752941177 7933.402019880681 87548.039 35093.191 47388.09784974093 193
200 1.9 56637.44273684211 19636.518633158204 114212.638 35093.191 47639.23963333333 210
210 1.9 52005.43963157894 13937.729155204726 114212.638 34321.536 48385.81543668122 229
220 1.9 48476.38978947367 11284.8505016255 114212.638 34321.536 48663.12535483871 248
230 2.7 46404.13340740741 5990.183432593388 114212.638 34321.536 48649.83705617977 267
240 3.8 46507.04213157895 9146.80395226313 114212.638 33229.302 48443.59896598639 294
250 4.5 51805.38513333333 9250.596904064385 114212.638 33229.302 48221.94487048192 332
260 3 50536.10316666665 12196.11983820085 114212.638 33229.302 48649.67646684349 377
270 3.1 51026.12003225808 10882.62005467012 114212.638 33229.302 48788.725117936105 407
280 4.5 49351.76737777777 8740.895010435746 114212.638 33229.302 48947.07955251141 438
290 5.9 47159.687813559336 8138.317879017499 114212.638 33229.302 48984.78338716355 483
300 5.9 49436.99766101695 8214.555954578507 114212.638 33229.302 48786.11062177121 542
310 5.7 50013.93596491226 9819.705444691226 114212.638 33229.302 48850.00801830282 601
320 6 49742.478883333344 7410.879372882311 114212.638 33229.302 48950.83460334345 658
330 5.2 51387.925711538475 11401.854742701435 114212.638 33229.302 49016.98872144845 718
340 7.2 49650.29822222222 9734.37137639079 114212.638 33229.302 49177.10394675323 770
350 7.8 48111.99919230769 10143.469365337749 114212.638 33229.302 49217.56711520189 842
360 6.3 48339.94258730157 9486.727297923684 114212.638 33229.302 49123.83418260868 920
370 8.8 49512.43698863638 8940.694303967046 114212.638 33229.302 49073.594945066114 983
380 8.6 51670.05623255812 9110.62550354586 114212.638 33229.302 49109.652928104566 1071
390 7.7 53516.757233766235 9544.962915134349 114212.638 33229.302 49299.9681261884 1157
400 8.2 56308.8733292683 10930.03887893676 114212.638 33229.302 49563.090299027535 1234
410 9.1 56644.05813186812 9208.27545871021 114212.638 33229.302 49983.420244680834 1316
420 9.6 60133.49064583332 8711.615536759184 114212.638 33229.302 50414.20776972281 1407
430 12.3 62267.11894308942 7626.373127726286 114212.638 33229.302 51035.000288755815 1503
440 12 65994.85384166666 10289.493829459796 114212.638 33229.302 51884.662400984 1626
450 10.6 68332.0959716981 10206.751757547278 114212.638 33229.302 52854.43500859105 1746
460 11.7 70551.22341025635 10432.305985073594 114212.638 33229.302 53740.305452483786 1852
470 14 72150.79187142853 9550.722839443248 114212.638 33229.302 54739.227443880125 1969
480 15.7 73271.59293630571 10865.496981590293 114212.638 33229.302 55895.04490232335 2109
490 16.3 73758.73903680981 12250.031297364083 125689.193 33229.302 57098.980489849935 2266
500 19.6 72814.11846428568 12238.297978580153 125689.193 33229.302 58216.94699588307 2429
510 25.3 69765.30862845853 12288.335494634393 127023.874 33229.302 59306.869132190455 2625
520 23.6 70913.2277711864 13255.66937788948 127023.874 33229.302 60226.25245135509 2878
530 20.8 67946.09687500002 10714.629326921027 127023.874 33229.302 61036.18378580601 3114
540 22.4 64031.09213392862 10287.394302901705 127023.874 33229.302 61468.83337116193 3322
550 19.3 65814.80062694296 12048.26228101265 127023.874 33229.302 61630.69066469259 3546
560 24.3 65212.056851851834 10774.863738620523 127023.874 33229.302 61846.666386199504 3739
570 24.1 66792.80707468884 10344.599443264013 127023.874 33229.302 62052.0380293822 3982
580 19.4 66923.0944020618 11330.024124149832 127023.874 33229.302 62322.586298366085 4223
590 25.4 66373.06602362198 11715.840853886484 127023.874 33229.302 62524.64619696626 4417
600 26.2 64661.41150763358 11209.341255453786 127023.874 33229.302 62733.91586855062 4671
610 33 64063.98069999999 12378.081405376322 142687.757 33229.302 62836.288432394074 4933
620 31.9 63427.08076175546 12398.330656048485 142967.908 33229.302 62913.267046931396 5263
630 34.8 61341.18774425288 11573.573718770343 142967.908 33229.302 62942.63046058759 5582
640 36.1 58347.3080110803 9903.170068301413 142967.908 33229.302 62848.65034839796 5930
651 39.5 55414.1357544304 9776.682086857707 142967.908 33229.302 62590.34728310283 6291
660 24.5 57544.89235102041 10412.130920431493 142967.908 33229.302 62166.38623706251 6686
670 13.9 56128.128359712224 13179.736808903384 142967.908 33229.302 62003.02366281921 6931
680 14.3 55814.61823776223 15075.435915772005 142967.908 33229.302 61887.52006350777 7070
690 21.3 52848.50095774651 10145.73451307828 142967.908 33229.302 61767.122869402454 7213
700 19.6 55955.84287755103 8125.771326220706 142967.908 33229.302 61511.30998666845 7426
710 19.5 59895.72409743589 10942.577202759916 142967.908 33229.302 61368.45095316189 7622
720 25.9 60988.55411583008 10016.709869607877 142967.908 33229.302 61331.71285198924 7817
730 27.8 65662.70350000002 9556.025636377331 142967.908 33229.302 61320.70763744426 8076
740 33.2 67664.11006927703 12538.935402034767 142967.908 33229.302 61465.198282619094 8354
750 52.3 64975.866523900564 11982.005482039904 150568.705 33229.302 61702.135735206066 8686
760 50.9 62655.06852652263 10820.41794307634 150568.705 33229.302 61888.05833293516 9209
770 27 63992.37681111115 10256.920319195891 150568.705 33229.302 61928.23205062769 9718
780 8.8 72508.87264772732 10413.985947632278 150568.705 33229.302 61984.03091780134 9988
790 1.7 83777.47941176471 9675.004178261028 150568.705 33229.302 62075.950932909866 10076
800 0.2 97761.0075 13925.950499999995 150568.705 33229.302 62112.50359159811 10093
810 0.1 95670.413 0.0 150568.705 33229.302 62119.56619762256 10095
820 0.2 115128.3505 2497.9945000000007 150568.705 33229.302 62122.889379754335 10096
822 0 0 0 150568.705 33229.302 62133.38758952265 10098
