0 3.10234375 3.10234375
10 16.4078125 19.51015625
20 39.35625 58.86640625
30 74.8359375 133.70234375
40 119.1171875 252.81953125
50 135.55 388.36953125
60 168.6671875 557.03671875
70 163.22109375 720.2578125
80 219.86015625 940.11796875
90 271.1640625 1211.28203125
100 315.0265625 1526.30859375
110 322.521875 1848.83046875
120 309.53515625 2158.365625
130 270.00078125 2428.36640625
140 272.51015625 2700.8765625
150 285.09375 2985.9703125
160 359.80703125 3345.77734375
170 402.81171875 3748.5890625
180 393.6859375 4142.275
190 372.5109375 4514.7859375
200 387.075 4901.8609375
210 536.9796875 5438.840625
220 620.96640625 6059.80703125
230 630.49296875 6690.3
240 588.89609375 7279.19609375
250 620.346875 7899.54296875
260 760.71484375 8660.2578125
270 795.2390625 9455.496875
280 829.5078125 10285.0046875
290 952.41953125 11237.42421875
300 1207.74296875 12445.1671875
310 1212.93671875 13658.10390625
320 1135.80625 14793.91015625
330 1176.68515625 15970.5953125
340 1181.1046875 17151.7
350 1176.59609375 18328.29609375
360 1256.8796875 19585.17578125
370 1271.01796875 20856.19375
380 1354.67109375 22210.86484375
390 1600.24375 23811.10859375
400 1890.31015625 25701.41875
410 2147.278125 27848.696875
420 2364.6421875 30213.3390625
430 2373.28046875 32586.61953125
440 2532.67421875 35119.29375
450 2441.228125 37560.521875
460 2423.7921875 39984.3140625
470 2441.18203125 42425.49609375
480 2425.771875 44851.26796875
490 2519.0296875 47370.29765625
500 2520.6234375 49890.92109375
510 2772.00703125 52662.928125
520 3024.0890625 55687.0171875
530 2966.1734375 58653.190625
540 2981.04375 61634.234375
550 3021.709375 64655.94375
560 3088.8140625 67744.7578125
570 3207.896875 70952.6546875
580 3498.12421875 74450.77890625
590 3625.58515625 78076.3640625
600 3759.75078125 81836.11484375
610 3738.94921875 85575.0640625
620 3792.0890625 89367.153125
630 3905.04453125 93272.19765625
640 4028.5859375 97300.78359375
650 3862.5328125 101163.31640625
660 3914.63203125 105077.9484375
670 4051.39609375 109129.34453125
680 3933.83125 113063.17578125
690 3878.01875 116941.19453125
700 3949.3890625 120890.58359375
710 3812.49453125 124703.078125
720 4132.109375 128835.1875
730 3877.56875 132712.75625
740 3197.8578125 135910.6140625
750 2268.31796875 138178.93203125
760 1628.721875 139807.65390625
770 1259.14921875 141066.803125
780 1049.48046875 142116.28359375
790 875.61015625 142991.89375
800 457.54921875 143449.44296875
810 100.21640625 143549.659375
820 6.69765625 143556.35703125
830 2.6421875 143558.99921875
840 2.13203125 143561.13125
848 1.86484375 143562.99609375
