0 78.16953125 78.16953125
10 201.69140625 279.8609375
20 483.5125 763.3734375
30 814.56171875 1577.93515625
40 1283.9125 2861.84765625
50 1526.6796875 4388.52734375
60 1620.215625 6008.74296875
70 1487.975 7496.71796875
80 1602.1890625 9098.90703125
90 1926.7453125 11025.65234375
100 1824.32421875 12849.9765625
110 1894.54765625 14744.52421875
120 1708.4140625 16452.93828125
130 1962.29921875 18415.2375
140 2141.3875 20556.625
150 2419.96328125 22976.58828125
160 2888.0625 25864.65078125
170 2563.00234375 28427.653125
180 2466.146875 30893.8
190 2773.975 33667.775
200 3178.8015625 36846.5765625
210 3619.7984375 40466.375
220 4866.0546875 45332.4296875
230 4799.08125 50131.5109375
240 5333.8140625 55465.325
250 5315.73203125 60781.05703125
260 6153.20625 66934.26328125
270 7378.23671875 74312.5
280 7376.86484375 81689.36484375
290 8033.40859375 89722.7734375
300 7716.6765625 97439.45
310 8272.5125 105711.9625
320 9287.3515625 114999.3140625
330 9529.60390625 124528.91796875
340 10376.90546875 134905.8234375
350 12023.52578125 146929.34921875
360 13364.52265625 160293.871875
370 14600.515625 174894.3875
380 14468.7828125 189363.1703125
390 16156.253125 205519.4234375
400 16384.61640625 221904.03984375
410 17318.20625 239222.24609375
420 16618.69375 255840.93984375
430 16031.41875 271872.35859375
440 16523.16328125 288395.521875
450 16508.353125 304903.875
460 17881.56328125 322785.43828125
470 18456.2546875 341241.69296875
480 20617.63984375 361859.3328125
490 22188.80546875 384048.13828125
500 22714.059375 406762.19765625
510 20461.353125 427223.55078125
520 21259.76015625 448483.3109375
530 22904.65859375 471387.96953125
540 23199.45 494587.41953125
550 23521.36015625 518108.7796875
560 23184.51171875 541293.29140625
570 23792.9375 565086.22890625
580 24219.046875 589305.27578125
590 24585.1796875 613890.45546875
600 26076.93671875 639967.3921875
610 32533.18203125 672500.57421875
620 28439.6671875 700940.24140625
630 26596.17265625 727536.4140625
640 28668.43203125 756204.84609375
651 23785.4734375 779990.31953125
660 22902.5875 802892.90703125
670 26175.8109375 829068.71796875
680 27047.534375 856116.25234375
690 28711.16640625 884827.41875
700 28082.66796875 912910.08671875
710 27535.11875 940445.20546875
720 27037.9609375 967483.16640625
730 27658.9578125 995142.12421875
740 30893.06640625 1026035.190625
750 26535.5921875 1052570.7828125
760 15660.97734375 1068231.76015625
770 5236.5734375 1073468.33359375
780 1142.21953125 1074610.553125
790 260.228125 1074870.78125
800 149.303125 1075020.084375
810 90.3953125 1075110.4796875
820 14.40078125 1075124.88046875
822 0 1075124.88046875
