0 0.7 7
10 0.8 15
20 1.6 31
30 1 41
40 1 51
50 0.9 60
60 1.6 76
70 1.2 88
80 1.9 107
90 1.6 123
100 1 133
110 1.1 144
120 1.8 162
130 3.5 197
140 1.8 215
150 1.6 231
160 1.4 245
170 1.5 260
180 2.6 286
190 4.7 333
200 4.3 376
210 3 406
220 3.7 443
230 3.3 476
240 6.4 540
250 6.2 602
260 4.9 651
270 7.3 724
280 5.6 780
290 6.1 841
300 6 901
310 7.9 980
320 9.8 1078
330 10.6 1184
340 9.4 1278
350 11.7 1395
360 14 1535
370 17.1 1706
380 14.7 1853
390 15.7 2010
400 16.5 2175
410 15.4 2329
420 17.1 2500
430 18.8 2688
440 17.7 2865
450 21 3075
460 19.1 3266
470 16.8 3434
480 21.7 3651
490 24.4 3895
500 25.2 4147
510 21.8 4365
520 21.9 4584
530 22.7 4811
540 26.4 5075
550 26.3 5338
560 29.9 5637
570 28 5917
580 29.6 6213
590 28.4 6497
600 33.3 6830
610 19.7 7027
620 10.4 7131
630 14.2 7273
640 34.2 7615
651 25.3 7868
660 37.9 8247
670 34.1 8588
680 35.5 8943
690 39.7 9340
700 36.7 9707
710 34.4 10051
720 4.7 10098
730 0 10098
740 0 10098
750 0 10098
760 0 10098
770 0 10098
780 0 10098
790 0 10098
800 0 10098
810 0 10098
820 0 10098
822 0 10098
