0 7 7
10 15 15
20 31 31
30 41 41
40 48 49
50 52 53
60 57 57
70 54 59
80 63 64
90 69 71
100 69 73
110 68 73
120 67 73
130 86 86
140 95 99
150 97 99
160 99 102
170 95 103
180 93 103
190 123 123
200 147 150
210 158 160
220 176 176
230 182 188
240 208 209
250 225 225
260 244 246
270 286 286
280 297 302
290 299 304
300 300 304
310 322 327
320 360 362
330 414 414
340 436 438
350 475 478
360 552 552
370 635 636
380 696 696
390 776 776
400 859 859
410 922 922
420 997 998
430 1062 1063
440 1119 1119
450 1223 1223
460 1297 1301
470 1325 1336
480 1385 1385
490 1466 1467
500 1522 1528
510 1487 1533
520 1470 1533
530 1489 1533
540 1529 1533
550 1599 1599
560 1655 1660
570 1694 1697
580 1796 1798
590 1826 1835
600 1897 1898
610 1764 1921
620 1549 1921
630 1343 1921
640 1324 1921
651 1182 1921
660 1316 1921
670 1518 1921
680 1730 1921
690 1914 1921
700 2085 2085
710 2234 2235
720 2022 2236
730 1744 2236
740 1412 2236
750 889 2236
760 380 2236
770 110 2236
780 22 2236
790 5 2236
800 3 2236
810 2 2236
820 0 2236
822 0 2236
