0 1 10
10 2.3 33
20 4.6 79
30 6.4 143
40 8.3 226
50 8.6 312
60 9.9 411
70 12 531
80 16.2 693
90 16.9 862
100 19.2 1054
110 18.1 1235
120 21.3 1448
130 19.2 1640
140 22.7 1867
150 24.3 2110
160 28.4 2394
170 28.1 2675
180 30 2975
190 33.8 3313
200 39.7 3710
210 43.8 4148
220 46.9 4617
230 42.1 5038
240 45 5488
250 48.9 5977
260 48.2 6459
270 49.7 6956
280 51.3 7469
290 48.4 7953
300 53.9 8492
310 56.9 9061
320 51.4 9575
330 51.9 10094
340 51.4 10608
350 48.4 11092
360 52.7 11619
370 53.7 12156
380 54.3 12699
390 49.7 13196
400 50.4 13700
410 52.4 14224
420 43.5 14659
430 51.7 15176
440 43.9 15615
450 52.6 16141
460 51.6 16657
470 47.9 17136
480 52.8 17664
490 53.7 18201
500 40.6 18607
510 45.1 19058
520 45.5 19513
530 40.4 19917
540 47.9 20396
550 47.6 20872
560 49.7 21369
570 46.4 21833
580 55.6 22389
590 55.9 22948
600 52.3 23471
610 51.2 23983
620 50.4 24487
630 50.2 24989
640 64.1 25630
650 64.5 26275
660 57.8 26853
670 59.6 27449
680 54.9 27998
690 70.2 28700
700 79.3 29493
710 80 30293
720 79.7 31090
730 59.4 31684
740 48.4 32168
750 33.4 32502
760 19.8 32700
770 15.9 32859
780 7.9 32938
790 2.2 32960
800 0.8 32968
810 0.1 32969
820 0.2 32971
830 0.1 32972
834 0 32972
