10 0.3 3
20 4.7 50
30 8 130
40 10 230
50 8.7 317
60 9.6 413
70 13.3 546
80 18.3 729
90 18.5 914
100 21.1 1125
110 22.2 1347
120 23 1577
130 20.7 1784
140 24.4 2028
150 28.9 2317
160 30 2617
170 31.7 2934
180 34 3274
190 35.3 3627
200 41 4037
210 47.2 4509
220 55.6 5065
230 47 5535
240 51.6 6051
250 51.5 6566
260 49.2 7058
270 51.5 7573
280 53 8103
290 52.9 8632
300 48.1 9113
310 51 9623
320 41.5 10038
330 40.6 10444
340 33.2 10776
350 33.1 11107
360 32.1 11428
370 31.6 11744
380 28.8 12032
390 30.7 12339
400 28.4 12623
410 28 12903
420 25.3 13156
430 24 13396
440 21.6 13612
450 26.6 13878
460 25.3 14131
470 25.1 14382
480 23.1 14613
490 21.5 14828
500 19.3 15021
510 16.6 15187
520 19.1 15378
530 16.9 15547
540 17.9 15726
550 14.4 15870
560 14.2 16012
570 13.2 16144
580 15.9 16303
590 14.5 16448
600 12.8 16576
610 11.9 16695
620 9.6 16791
630 7.5 16866
640 10.3 16969
650 10.4 17073
660 11.1 17184
670 9.9 17283
680 10.9 17392
690 9.9 17491
700 7.8 17569
710 5.1 17620
720 2.9 17649
730 2 17669
740 1.1 17680
750 1 17690
760 0.5 17695
770 0.5 17700
780 1.3 17713
790 0.5 17718
800 0.1 17719
810 0 17719
820 0 17719
830 0 17719
834 0 17719
