280 0.8 8
290 10.4 112
300 28.7 399
310 46.5 864
320 71.7 1581
330 89.4 2475
340 101.1 3486
350 108.8 4574
360 105.5 5629
370 109 6719
380 130.6 8025
390 165.3 9678
400 200.5 11683
410 222.4 13907
420 208.1 15988
430 207.1 18059
440 213.1 20190
450 218.3 22373
460 232.4 24697
470 254.9 27246
480 276.5 30011
490 280.6 32817
500 293.5 35752
510 296.5 38717
520 350.8 42225
530 355.5 45780
540 349.2 49272
550 340 52672
560 362.8 56300
570 396.9 60269
580 437.2 64641
590 459 69231
600 491.4 74145
610 479.9 78944
620 482.6 83770
630 521.3 88983
640 538.7 94370
650 549.4 99864
660 524.9 105113
670 556.8 110681
680 583.3 116514
690 581.8 122332
700 585.2 128184
710 593.5 134119
720 596 140079
730 534.6 145425
740 433.6 149761
750 265.5 152416
760 115.4 153570
770 56.2 154132
780 24.1 154373
790 6.9 154442
800 2.2 154464
810 0.7 154471
820 0.6 154477
830 0.3 154480
834 0 154480
