290 2.2 22
300 6.3 85
310 9.7 182
320 14.1 323
330 17.3 496
340 19.6 692
350 23.3 925
360 22.1 1146
370 20.8 1354
380 21.1 1565
390 24.3 1808
400 28.4 2092
410 33.4 2426
420 29.9 2725
430 33.2 3057
440 26.1 3318
450 32 3638
460 31.9 3957
470 32.1 4278
480 35.7 4635
490 36.5 5000
500 27.8 5278
510 24.7 5525
520 31.5 5840
530 30.4 6144
540 34.5 6489
550 37.8 6867
560 36.5 7232
570 32.1 7553
580 42.2 7975
590 41.7 8392
600 43 8822
610 40.4 9226
620 37.1 9597
630 38.5 9982
640 53.1 10513
650 48.9 11002
660 45 11452
670 50.7 11959
680 43.1 12390
690 57.8 12968
700 67.3 13641
710 60.8 14249
720 72 14969
730 62.6 15595
740 67.3 16268
750 52.3 16791
760 48.8 17279
770 43.1 17710
780 19.4 17904
790 5.4 17958
800 1.7 17975
810 0.6 17981
820 0.2 17983
830 0.1 17984
834 0.1 17985
