320 0.1 1
330 0.9 10
340 1.9 29
350 3 59
360 4.4 103
370 5.3 156
380 4.6 202
390 3 232
400 3.8 270
410 5.8 328
420 6.1 389
430 8 469
440 6.7 536
450 6.1 597
460 7 667
470 7.3 740
480 8.2 822
490 8 902
500 7.3 975
510 8.7 1062
520 6.9 1131
530 11.1 1242
540 10.6 1348
550 11.6 1464
560 9.1 1555
570 9.7 1652
580 9.3 1745
590 11.8 1863
600 14.4 2007
610 14.4 2151
620 14.5 2296
630 13.5 2431
640 13.7 2568
650 16.3 2731
660 16.7 2898
670 15.6 3054
680 13.5 3189
690 19.5 3384
700 18.7 3571
710 19.3 3764
720 23.7 4001
730 21.8 4219
740 29.4 4513
750 33.6 4849
760 36.3 5212
770 32.8 5540
780 14.7 5687
790 4.4 5731
800 1.1 5742
810 0.5 5747
820 0 5747
830 0.2 5749
834 0 5749
