280 2.4 24
290 11.1 135
300 22.1 356
310 31.5 671
320 51.4 1185
330 59.6 1781
340 72.3 2504
350 67.7 3181
360 67.2 3853
370 82.9 4682
380 98.8 5670
390 122.6 6896
400 140.7 8303
410 147.5 9778
420 156.1 11339
430 157.2 12911
440 171 14621
450 158 16201
460 177.7 17978
470 193.6 19914
480 200.6 21920
490 215.2 24072
500 251.9 26591
510 238.5 28976
520 270 31676
530 288 34556
540 278.5 37341
550 279.8 40139
560 292.4 43063
570 335.5 46418
580 332.5 49743
590 346.4 53207
600 388.1 57088
610 401.3 61101
620 411.3 65214
630 422.9 69443
640 411 73553
650 423.6 77789
660 422.3 82012
670 450.6 86518
680 480.6 91324
690 437.9 95703
700 427 99973
710 435.1 104324
720 383.2 108156
730 330.7 111463
740 255.6 114019
750 161.7 115636
760 48 116116
770 0.9 116125
780 0 116125
790 0 116125
800 0 116125
810 0 116125
820 0 116125
830 0 116125
834 0 116125
