0 9 9
10 19 10
20 25 6
30 29 4
40 34 5
50 36 2
60 43 7
70 57 14
80 63 6
90 65 2
100 70 5
110 70 0
120 81 11
130 74 -7
140 85 11
150 95 10
160 110 15
170 106 -4
180 123 17
190 145 22
200 164 19
210 186 22
220 207 21
230 222 15
240 229 7
250 266 37
260 296 30
270 350 54
280 398 48
290 402 4
300 425 23
310 482 57
320 454 -28
330 471 17
340 453 -18
350 438 -15
360 500 62
370 570 70
380 587 17
390 588 1
400 555 -33
410 568 13
420 589 21
430 618 29
440 607 -11
450 634 27
460 646 12
470 637 -9
480 673 36
490 767 94
500 749 -18
510 754 5
520 703 -51
530 718 15
540 773 55
550 867 94
560 890 23
570 909 19
580 862 -47
590 916 54
600 933 17
610 1024 91
620 1012 -12
630 976 -36
640 998 22
650 1021 23
660 1044 23
670 1066 22
680 1066 0
690 1052 -14
700 1049 -3
710 979 -70
720 742 -237
730 473 -269
740 386 -87
750 345 -41
760 267 -78
770 85 -182
780 25 -60
790 7 -18
800 1 -6
810 0 -1
820 0 0
830 1 1
834 0 -1
