0 0.9 3.0721111111111115 3.9976328118982405 14.378 1.595 0 0
10 1 1.5763 0.07528485903553252 14.378 1.469 3.0721111111111115 9
20 0.6 1.5146666666666668 0.13447263249036545 14.378 1.356 2.284842105263158 19
30 0.4 1.6190000000000002 0.2575965838282797 14.378 1.353 2.1 25
40 0.6 1.4963333333333333 0.23443596614474968 14.378 1.132 2.033655172413793 29
50 1.1 1.483090909090909 0.11239092048855394 14.378 1.132 1.941542857142857 35
60 1.1 2.058727272727273 1.6135931722772732 14.378 1.132 1.831913043478261 46
70 1.7 1.5160588235294117 0.08908850232030369 14.378 1.132 1.8756842105263158 57
80 1.3 1.5992307692307692 0.3012928945130032 14.378 1.132 1.7930675675675678 74
90 1.1 1.4380909090909093 0.08323947331257785 14.378 1.132 1.7641034482758622 87
100 1.9 1.4827894736842107 0.09735046776162512 14.378 1.132 1.7275102040816326 98
110 0.9 1.462888888888889 0.09462962238167691 14.378 1.132 1.6877692307692307 117
120 2.4 2.6461249999999996 5.265045261854355 27.889 1.132 1.671706349206349 126
130 1.3 1.4084615384615387 0.10851062718931147 27.889 1.132 1.8276133333333333 150
140 2.4 1.451083333333333 0.073115158407056 27.889 1.132 1.7941840490797545 163
150 2 1.4617499999999997 0.0857711344217854 27.889 1.132 1.750149732620321 187
160 3.1 1.4683548387096774 0.10846184058775536 27.889 1.132 1.7222850241545895 207
170 1.3 1.5323846153846157 0.16356534260586858 27.889 1.132 1.6892100840336135 238
180 3.7 1.7507027027027018 1.9005283030076754 27.889 1.13 1.6810876494023905 251
190 4.3 1.3978372093023257 0.1198995568454983 27.889 1.13 1.6900312499999999 288
200 4.1 1.4954634146341457 0.18588327015878975 27.889 1.13 1.6520725075528702 331
210 4.3 1.464906976744186 0.18695849731629452 27.889 1.13 1.6348118279569892 372
220 4 1.4197499999999998 0.14507424823172443 27.889 1.13 1.6172072289156625 415
230 3.6 1.4014722222222222 0.11075711316788622 27.889 1.13 1.5998483516483515 455
240 3.5 2.1075142857142857 3.8537919683748125 27.889 1.13 1.585303462321792 491
250 6 1.40115 0.13993770340166853 27.889 1.13 1.620051330798479 526
260 6.3 1.5424920634920642 0.26834098616805974 27.889 1.13 1.5976382252559724 586
270 7.5 1.6610800000000003 0.5253613552594061 27.889 1.13 1.5922850539291218 649
280 7.2 1.5173055555555548 0.6626857944692629 27.889 1.13 1.599411602209945 724
290 13.7 1.446401459854014 0.5927929127192156 27.889 1.123 1.5919849246231157 796
300 33.3 1.447864864864865 0.9233777706139673 27.889 0.958 1.5706077170418007 933
310 55.3 1.501132007233272 1.245403915947752 27.889 0.859 1.5383222748815166 1266
320 73.7 1.6505671641791033 1.2491863821169555 27.889 0.859 1.5270159428257282 1819
330 97.3 1.5708170606372056 1.3856919626123623 27.889 0.832 1.5626408450704221 2556
340 107.9 1.6252548656163113 1.3495448362239182 27.889 0.832 1.5648951544346839 3529
350 116.7 1.6366546700942586 1.597094958013387 27.889 0.832 1.579028862847222 4608
360 121 1.7023404958677693 1.7227829297115587 27.889 0.832 1.5906737662337662 5775
370 126.5 1.7207707509881438 1.67332036805994 27.889 0.832 1.6100176091624911 6985
380 142 1.8854718309859142 1.925611998540935 27.889 0.832 1.6269997575757578 8250
390 173.8 2.1806121979286486 2.480081534098742 27.889 0.832 1.6649553257497414 9670
400 209.4 2.7912220630372437 3.2430458592128075 27.889 0.832 1.743515252454417 11408
410 235.4 2.897879779099406 3.497822807417349 32.483 0.832 1.9060021478299496 13502
420 224.9 2.9394508670520216 3.418509373211635 35.314 0.832 2.0532574419777987 15856
430 229 2.713551528384283 3.112176227064514 35.314 0.832 2.1633402375034505 18105
440 229.4 2.569437663469928 2.8043854219507702 35.314 0.832 2.2251192939445934 20395
450 235.2 2.9586573129251676 3.4181907457604392 35.314 0.832 2.2599320375512364 22689
460 249.7 2.744511413696423 3.0365198932403428 35.314 0.832 2.325560480811469 25041
470 270.6 3.038826681448634 3.3308167439401952 35.314 0.832 2.363548732660323 27538
480 297.2 3.2544054508748297 3.5268708748278854 35.314 0.832 2.423967398492262 30244
490 307.3 3.285315327041969 3.6853094117431318 35.314 0.832 2.498270803227359 33216
500 314.3 3.4078460069996868 3.6139747739007775 35.314 0.832 2.5649187632615926 36289
510 315.5 3.2384313787638566 3.3471013997185577 35.314 0.832 2.632105827754107 39432
520 365.9 3.77023667668762 4.038240420823842 35.927 0.832 2.6770246319299296 42587
530 380.2 3.624711204629146 3.681727063148191 35.927 0.832 2.763519958482894 46246
540 379.4 3.7392569847127 3.6911235676241905 35.927 0.832 2.8289421355498705 50048
550 374.8 4.064878601921019 4.090635510643816 35.927 0.832 2.8930878682069743 53842
560 388.8 4.268573045267495 4.244461565896943 35.927 0.832 2.9693488800138894 57590
570 423.9 4.400417551309257 4.382842635340188 43.389 0.832 3.0515145905852483 61478
580 457.6 5.283350961538451 5.067854773891621 53.927 0.832 3.1385240348768177 65717
590 487.8 6.399624846248451 5.630103649274325 53.927 0.832 3.2781500007113054 70293
600 524.5 6.034089037178271 5.0819539736746 53.927 0.832 3.480708890396559 75171
610 520.9 5.463478402764438 4.47201523879242 53.927 0.832 3.647248868384399 80416
620 517.7 6.154762410662547 4.915219689696931 53.927 0.832 3.757739258394158 85625
630 551.2 6.601415820029032 5.430400613600332 53.927 0.832 3.8944035263540426 90802
640 573.8 8.003817183687712 5.692349559912736 53.927 0.832 4.049324428432001 96314
650 584.2 7.845316330023975 5.249761414924415 53.927 0.832 4.271670677693724 102052
660 564.8 8.61523742917844 5.748613508023133 53.927 0.832 4.465168350418002 107894
670 595.9 9.036182245343204 6.045805712687936 53.927 0.832 4.671608171425549 113542
680 620.4 10.173103642811094 6.101743655073558 53.927 0.832 4.8892506757265615 119501
690 619.1 11.811250848005214 6.763702523502246 53.927 0.832 5.150028081619665 125705
700 623.3 12.343146157548532 6.498654424546119 53.927 0.832 5.462695866440227 131896
710 628.2 12.453580706781203 6.618963914546332 53.927 0.832 5.7731726429641865 138129
720 608.7 10.697708230655492 6.643468120686633 53.927 0.832 6.063776014292538 144411
730 546.3 7.473721764598198 5.693576175572597 53.927 0.832 6.251198740182591 150498
740 463.5 4.901793311758361 4.428043245867092 53.927 0.832 6.2940212617256845 155961
750 297.7 3.6030446758481585 3.9285582158142067 53.927 0.832 6.253839834117908 160596
760 137.3 2.346813546977422 2.829305840384286 53.927 0.832 6.205595825716955 163573
770 62.1 1.691768115942029 2.547366464480881 53.927 0.832 6.173475567761567 164946
780 29.6 1.417155405405406 0.5176799688740954 53.927 0.832 6.156665815047681 165567
790 8.8 1.4875 0.15917121998881345 53.927 0.832 6.148207659333302 165863
800 2.6 1.6443846153846153 0.15302892560233802 53.927 0.832 6.145736193213656 165951
810 0.9 1.6431111111111114 0.07341426510554785 53.927 0.832 6.145031064545084 165977
820 0.6 1.6048333333333333 0.07479620459770814 53.927 0.832 6.144786963960812 165986
830 0.4 1.69625 0.09680489398785574 53.927 0.832 6.144622861342711 165992
834 0 0 0 53.927 0.832 6.144515669052263 165996
