0 0.1 11.28930890807942 0 11.28930890807942 11.28930890807942 0 0
10 0.1 0.6993006993006993 0.0 11.28930890807942 0.6993006993006993 11.28930890807942 1
20 0.1 0.4008016032064128 0.0 11.28930890807942 0.4008016032064128 5.99430480369006 2
30 0.1 0.7035175879396985 0.0 11.28930890807942 0.4008016032064128 4.129803736862177 3
40 0.1 3.6036036036036037 0.0 11.28930890807942 0.4008016032064128 3.2732321996315576 4
50 0.1 1.7034068136272544 0.0 11.28930890807942 0.4008016032064128 3.3393064804259667 5
60 0.1 1.2036108324974923 0.0 11.28930890807942 0.4008016032064128 3.0666565359595146 6
70 0.1 1.6096579476861168 0.0 11.28930890807942 0.4008016032064128 2.800507149750654 7
80 0.1 2.404809619238477 0.0 11.28930890807942 0.4008016032064128 2.651650999492587 8
90 0.1 2.119071644803229 0.0 11.28930890807942 0.4008016032064128 2.6242241794643526 9
100 0.1 2.7054108216432864 0.0 11.28930890807942 0.4008016032064128 2.57370892599824 10
110 0.1 3.0211480362537766 0.0 11.28930890807942 0.4008016032064128 2.5856818256023355 11
120 0.1 2.716297786720322 0.0 11.28930890807942 0.4008016032064128 2.6219706764899557 12
130 0.1 2.1233569261880687 0.0 11.28930890807942 0.4008016032064128 2.629226608046138 13
140 0.1 2.3162134944612287 0.0 11.28930890807942 0.4008016032064128 2.5930930593419896 14
150 0.1 2.62891809908999 0.0 11.28930890807942 0.4008016032064128 2.5746344216832724 15
160 0.1 3.128153380423814 0.0 11.28930890807942 0.4008016032064128 2.5780271515211926 16
170 0.1 3.7298387096774195 0.0 11.28930890807942 0.4008016032064128 2.610387517927229 17
180 0.1 4.665314401622718 0.0 11.28930890807942 0.4008016032064128 2.6725792508022392 18
190 0.1 3.939393939393939 0.0 11.28930890807942 0.4008016032064128 2.777460048213843 19
200 0.1 4.339051463168516 0.0 11.28930890807942 0.4008016032064128 2.835556742772848 20
210 0.1 4.281345565749235 0.0 11.28930890807942 0.4008016032064128 2.907151729458356 21
220 0.1 5.94159113796576 0.0 11.28930890807942 0.4008016032064128 2.969615085653396 22
230 0.1 6.002034587995931 0.0 11.28930890807942 0.4008016032064128 3.0988314357539335 23
240 0.1 5.852674066599395 0.0 11.28930890807942 0.4008016032064128 3.219798233764017 24
250 0.1 5.386178861788618 0.0 11.28930890807942 0.4008016032064128 3.325113267077432 25
260 0.1 6.445115810674723 0.0 11.28930890807942 0.4008016032064128 3.40438502072017 26
270 0.1 5.708460754332314 0.0 11.28930890807942 0.4008016032064128 3.5170046796073757 27
280 0.1 6.415478615071284 0.0 11.28930890807942 0.4008016032064128 3.595270967990409 28
290 0.1 5.549845837615622 0.0 11.28930890807942 0.4008016032064128 3.6925195075449215 29
300 0.1 12.072434607645874 0.0 12.072434607645874 0.4008016032064128 3.754430385213945 30
310 0.1 17.50503018108652 0.0 17.50503018108652 0.4008016032064128 4.022753102066588 31
320 0.1 22.968906720160483 0.0 22.968906720160483 0.4008016032064128 4.4440742607859605 32
330 0.1 27.344521224086872 0.0 27.344521224086872 0.4008016032064128 5.005432820160946 33
340 0.1 29.764243614931235 0.0 29.764243614931235 0.4008016032064128 5.6624648320411195 34
350 0.1 31.08910891089109 0.0 31.08910891089109 0.4008016032064128 6.351087082980838 35
360 0.1 30.387288977159884 0.0 31.08910891089109 0.4008016032064128 7.038254355978345 36
370 0.1 32.9126213592233 0.0 32.9126213592233 0.4008016032064128 7.6693093457400074 37
380 0.1 32.743362831858406 0.0 32.9126213592233 0.4008016032064128 8.333607030305357 38
390 0.1 36.12204724409449 0.0 36.12204724409449 0.4008016032064128 8.959498204704154 39
400 0.1 40.68767908309456 0.0 40.68767908309456 0.4008016032064128 9.638561930688912 40
410 0.1 43.320610687022906 0.0 43.320610687022906 0.4008016032064128 10.395857470991489 41
420 0.1 43.30783938814531 0.0 43.320610687022906 0.4008016032064128 11.179780166611286 42
430 0.1 43.0188679245283 0.0 43.320610687022906 0.4008016032064128 11.926944334553935 43
440 0.1 42.965061378659115 0.0 43.320610687022906 0.4008016032064128 12.633578961598808 44
450 0.1 42.59615384615385 0.0 43.320610687022906 0.4008016032064128 13.307611904200149 45
460 0.1 44.33872502378687 0.0 44.33872502378687 0.4008016032064128 13.94431933772088 46
470 0.1 44.834123222748815 0.0 44.834123222748815 0.4008016032064128 14.591008820403136 47
480 0.1 45.1071761416589 0.0 45.1071761416589 0.4008016032064128 15.221073703785336 48
490 0.1 45.09056244041945 0.0 45.1071761416589 0.4008016032064128 15.830994161701124 49
500 0.1 45.4632282712512 0.0 45.4632282712512 0.4008016032064128 16.41618552727549 50
510 0.1 46.12476370510397 0.0 46.12476370510397 0.4008016032064128 16.985735385000503 51
520 0.1 46.51384909264566 0.0 46.51384909264566 0.4008016032064128 17.546101314233262 52
530 0.1 46.774193548387096 0.0 46.774193548387096 0.4008016032064128 18.092662593071232 53
540 0.1 46.553352219074604 0.0 46.774193548387096 0.4008016032064128 18.62380205520671 54
550 0.1 47.243346007604565 0.0 47.243346007604565 0.4008016032064128 19.131612058186125 55
560 0.1 46.26300851466414 0.0 47.243346007604565 0.4008016032064128 19.633607307282883 56
570 0.1 47.26749760306807 0.0 47.26749760306807 0.4008016032064128 20.10078978460536 57
580 0.1 47.45437079731028 0.0 47.45437079731028 0.4008016032064128 20.569181298716785 58
590 0.1 48.19512195121951 0.0 48.19512195121951 0.4008016032064128 21.02486247665905 59
600 0.1 48.6646884272997 0.0 48.6646884272997 0.4008016032064128 21.47770013456839 60
610 0.1 48.6646884272997 0.0 48.6646884272997 0.4008016032064128 21.923388467236116 61
620 0.1 48.81656804733728 0.0 48.81656804733728 0.4008016032064128 22.354699756914563 62
630 0.1 49.157581764122895 0.0 49.157581764122895 0.4008016032064128 22.7747294123181 63
640 0.1 49.20159680638723 0.0 49.20159680638723 0.4008016032064128 23.18696148031505 64
650 0.1 49.45705824284304 0.0 49.45705824284304 0.4008016032064128 23.5871866391777 65
660 0.1 49.25668979187314 0.0 49.45705824284304 0.4008016032064128 23.979154390748384 66
670 0.1 49.3545183714002 0.0 49.45705824284304 0.4008016032064128 24.356431038526367 67
680 0.1 49.25668979187314 0.0 49.45705824284304 0.4008016032064128 24.724049969892157 68
690 0.1 49.404761904761905 0.0 49.45705824284304 0.4008016032064128 25.079595474558552 69
700 0.1 49.20477137176938 0.0 49.45705824284304 0.4008016032064128 25.42709785213289 70
710 0.1 49.306930693069305 0.0 49.45705824284304 0.4008016032064128 25.761994662268613 71
720 0.1 49.20477137176938 0.0 49.45705824284304 0.4008016032064128 26.0890076626964 72
730 0.1 49.353233830845774 0.0 49.45705824284304 0.4008016032064128 26.40566196008096 73
740 0.1 49.353233830845774 0.0 49.45705824284304 0.4008016032064128 26.71576428265886 74
750 0.1 49.30417495029821 0.0 49.45705824284304 0.4008016032064128 27.01759720996802 75
760 0.1 49.298597194388776 0.0 49.45705824284304 0.4008016032064128 27.31084165391973 76
770 0.1 26.713709677419356 0.0 49.45705824284304 0.4008016032064128 27.596396920679073 77
780 0.1 13.440320962888666 0.0 49.45705824284304 0.4008016032064128 27.58508041756036 78
790 0.1 6.181455633100698 0.0 49.45705824284304 0.4008016032064128 27.40603282952654 79
800 0.1 1.903807615230461 0.0 49.45705824284304 0.4008016032064128 27.140725614571217 80
810 0.1 0.8008008008008007 0.0 49.45705824284304 0.4008016032064128 26.829158725690466 81
820 0.1 0.499001996007984 0.0 49.45705824284304 0.4008016032064128 26.51173972660645 82
830 0.1 0.3 0.0 49.45705824284304 0.3 26.198333247924538 83
834 0.1 0.1 0.0 49.45705824284304 0.1 25.89001975687782 84
