0 0 0
10 0 0
20 0 0
30 0 0
40 0.1 1
50 0.9 10
60 0.6 16
70 0.1 17
80 0.7 24
90 0.9 33
100 1.5 48
110 0.9 57
120 1.3 70
130 1.9 89
140 1.3 102
150 1 112
160 1.6 128
170 1.7 145
180 2 165
190 2.1 186
200 2.2 208
210 2.2 230
220 1.8 248
230 2.3 271
240 2.7 298
250 2.8 326
260 2.6 352
270 2.1 373
280 1.7 390
290 2.8 418
300 2.5 443
310 3 473
320 4.8 521
330 6.3 584
340 8.7 671
350 9.3 764
360 9.1 855
370 10.8 963
380 9.4 1057
390 8.6 1143
400 12 1263
410 11.7 1380
420 15.2 1532
430 19 1722
440 17.2 1894
450 14.7 2041
460 15.6 2197
470 16.8 2365
480 16.6 2531
490 17.1 2702
500 22.9 2931
510 19.2 3123
520 20.1 3324
530 23.2 3556
540 24.7 3803
550 25.1 4054
560 23.7 4291
570 24.7 4538
580 24.6 4784
590 24.8 5032
600 31 5342
610 31.4 5656
620 36.7 6023
630 33.3 6356
640 32.2 6678
650 32.5 7003
660 38.8 7391
670 37.1 7762
680 37.6 8138
690 37.2 8510
700 38.9 8899
710 40.7 9306
720 36.2 9668
730 39.8 10066
740 38.4 10450
750 36.3 10813
760 28.4 11097
770 24.3 11340
780 11.3 11453
790 3.4 11487
800 1 11497
810 0.3 11500
820 0 11500
830 0 11500
834 0.1 11501
