0 0.1 3505.4921875 0 3505.4921875 3505.4921875 0 0
10 0.1 3508.81640625 0.0 3508.81640625 3505.4921875 3505.4921875 1
20 0.1 3505.91796875 0.0 3508.81640625 3505.4921875 3507.154296875 2
30 0.1 3498.66015625 0.0 3508.81640625 3498.66015625 3506.7421875 3
40 0.1 3490.58984375 0.0 3508.81640625 3490.58984375 3504.7216796875 4
50 0.1 3479.92578125 0.0 3508.81640625 3479.92578125 3501.8953125 5
60 0.1 3482.859375 0.0 3508.81640625 3479.92578125 3498.2337239583335 6
70 0.1 3477.890625 0.0 3508.81640625 3477.890625 3496.0373883928573 7
80 0.1 3471.7421875 0.0 3508.81640625 3471.7421875 3493.76904296875 8
90 0.1 3467.87890625 0.0 3508.81640625 3467.87890625 3491.3216145833335 9
100 0.1 3464.98828125 0.0 3508.81640625 3464.98828125 3488.97734375 10
110 0.1 3461.12109375 0.0 3508.81640625 3461.12109375 3486.7965198863635 11
120 0.1 3458.953125 0.0 3508.81640625 3458.953125 3484.6569010416665 12
130 0.1 3459.56640625 0.0 3508.81640625 3458.953125 3482.6796875 13
140 0.1 3463.81640625 0.0 3508.81640625 3458.953125 3481.028738839286 14
150 0.1 3459.828125 0.0 3508.81640625 3458.953125 3479.88125 15
160 0.1 3454.390625 0.0 3508.81640625 3454.390625 3478.6279296875 16
170 0.1 3452.57421875 0.0 3508.81640625 3452.57421875 3477.202205882353 17
180 0.1 3448.3671875 0.0 3508.81640625 3448.3671875 3475.833984375 18
190 0.1 3448.984375 0.0 3508.81640625 3448.3671875 3474.388363486842 19
200 0.1 3446.0390625 0.0 3508.81640625 3446.0390625 3473.1181640625 20
210 0.1 3418.625 0.0 3508.81640625 3418.625 3471.828683035714 21
220 0.1 3410.68359375 0.0 3508.81640625 3410.68359375 3469.410333806818 22
230 0.1 3400.625 0.0 3508.81640625 3400.625 3466.8569972826085 23
240 0.1 3400.0078125 0.0 3508.81640625 3400.0078125 3464.0973307291665 24
250 0.1 3379.140625 0.0 3508.81640625 3379.140625 3461.53375 25
260 0.1 3363.32421875 0.0 3508.81640625 3363.32421875 3458.364783653846 26
270 0.1 3349.02734375 0.0 3508.81640625 3349.02734375 3454.8447627314813 27
280 0.1 3345.6328125 0.0 3508.81640625 3345.6328125 3451.0655691964284 28
290 0.1 3311.86328125 0.0 3508.81640625 3311.86328125 3447.4299568965516 29
300 0.1 3303.859375 0.0 3508.81640625 3303.859375 3442.911067708333 30
310 0.1 3273.625 0.0 3508.81640625 3273.625 3438.4255292338707 31
320 0.1 3258.94921875 0.0 3508.81640625 3258.94921875 3433.2755126953125 32
330 0.1 3253.26953125 0.0 3508.81640625 3253.26953125 3427.9928977272725 33
340 0.1 3256.47265625 0.0 3508.81640625 3253.26953125 3422.8539751838234 34
350 0.1 3246.2265625 0.0 3508.81640625 3246.2265625 3418.1002232142855 35
360 0.1 3246.96875 0.0 3508.81640625 3246.2265625 3413.3259548611113 36
370 0.1 3247.3203125 0.0 3508.81640625 3246.2265625 3408.829814189189 37
380 0.1 3248.28125 0.0 3508.81640625 3246.2265625 3404.5795641447367 38
390 0.1 3248.06640625 0.0 3508.81640625 3246.2265625 3400.5719150641025 39
400 0.1 3230.90234375 0.0 3508.81640625 3230.90234375 3396.75927734375 40
410 0.1 3229.2265625 0.0 3508.81640625 3229.2265625 3392.713986280488 41
420 0.1 3231.546875 0.0 3508.81640625 3229.2265625 3388.8214285714284 42
430 0.1 3231.62109375 0.0 3508.81640625 3229.2265625 3385.1638808139537 43
440 0.1 3231.94921875 0.0 3508.81640625 3229.2265625 3381.6742720170455 44
450 0.1 3232.359375 0.0 3508.81640625 3229.2265625 3378.347048611111 45
460 0.1 3232.16796875 0.0 3508.81640625 3229.2265625 3375.1734035326085 46
470 0.1 3232.56640625 0.0 3508.81640625 3229.2265625 3372.1307347074467 47
480 0.1 3230.796875 0.0 3508.81640625 3229.2265625 3369.22314453125 48
490 0.1 3230.83984375 0.0 3508.81640625 3229.2265625 3366.398118622449 49
500 0.1 3229.94140625 0.0 3508.81640625 3229.2265625 3363.686953125 50
510 0.1 3231.3359375 0.0 3508.81640625 3229.2265625 3361.0644914215686 51
520 0.1 3232.12890625 0.0 3508.81640625 3229.2265625 3358.5697115384614 52
530 0.1 3231.40234375 0.0 3508.81640625 3229.2265625 3356.1840359669814 53
540 0.1 3230.984375 0.0 3508.81640625 3229.2265625 3353.8732638888887 54
550 0.1 3232.8125 0.0 3508.81640625 3229.2265625 3351.6389204545453 55
560 0.1 3231.9375 0.0 3508.81640625 3229.2265625 3349.517020089286 56
570 0.1 3216.078125 0.0 3508.81640625 3216.078125 3347.454221491228 57
580 0.1 3212.2578125 0.0 3508.81640625 3212.2578125 3345.1891163793102 58
590 0.1 3195.7421875 0.0 3508.81640625 3195.7421875 3342.9360434322034 59
600 0.1 3131.9765625 0.0 3508.81640625 3131.9765625 3340.4828125 60
610 0.1 3131.0546875 0.0 3508.81640625 3131.0546875 3337.0646772540986 61
620 0.1 3134.828125 0.0 3508.81640625 3131.0546875 3333.7419354838707 62
630 0.1 3139.0625 0.0 3508.81640625 3131.0546875 3330.5845734126983 63
640 0.1 3143.2578125 0.0 3508.81640625 3131.0546875 3327.592041015625 64
650 0.1 3139.98046875 0.0 3508.81640625 3131.0546875 3324.756129807692 65
660 0.1 3138.9140625 0.0 3508.81640625 3131.0546875 3321.9564985795455 66
670 0.1 3137.90625 0.0 3508.81640625 3131.0546875 3319.224521921642 67
680 0.1 3120.07421875 0.0 3508.81640625 3120.07421875 3316.5580767463234 68
690 0.1 3121.70703125 0.0 3508.81640625 3120.07421875 3313.7104846014495 69
700 0.1 3106.48828125 0.0 3508.81640625 3106.48828125 3310.967578125 70
710 0.1 3058.265625 0.0 3508.81640625 3058.265625 3308.087588028169 71
720 0.1 3042.31640625 0.0 3508.81640625 3042.31640625 3304.6178385416665 72
730 0.1 3043.54296875 0.0 3508.81640625 3042.31640625 3301.0246682363013 73
740 0.1 3046.94921875 0.0 3508.81640625 3042.31640625 3297.545185810811 74
750 0.1 3055.68359375 0.0 3508.81640625 3042.31640625 3294.20390625 75
760 0.1 3067.1640625 0.0 3508.81640625 3042.31640625 3291.0654810855262 76
770 0.1 3086.94140625 0.0 3508.81640625 3042.31640625 3288.1576704545455 77
780 0.1 3174.05078125 0.0 3508.81640625 3042.31640625 3285.5779747596152 78
790 0.1 3194.96484375 0.0 3508.81640625 3042.31640625 3284.1662381329115 79
800 0.1 3227.5234375 0.0 3508.81640625 3042.31640625 3283.051220703125 80
810 0.1 3227.81640625 0.0 3508.81640625 3042.31640625 3282.365692515432 81
820 0.1 3228.98828125 0.0 3508.81640625 3042.31640625 3281.700457317073 82
830 0.1 3229.23046875 0.0 3508.81640625 3042.31640625 3281.0653708584337 83
834 0.1 3230.2578125 0.0 3508.81640625 3042.31640625 3280.448288690476 84
