0 0.1 0.05078125 0 0.05078125 0.05078125 0 0
10 0.1 0.0390625 0.0 0.05078125 0.0390625 0.05078125 1
20 0.1 0.03125 0.0 0.05078125 0.03125 0.044921875 2
30 0.1 0.03125 0.0 0.05078125 0.03125 0.040364583333333336 3
40 0.1 0.01953125 0.0 0.05078125 0.01953125 0.0380859375 4
50 0.1 0.01953125 0.0 0.05078125 0.01953125 0.034375 5
60 0.1 0.01953125 0.0 0.05078125 0.01953125 0.031901041666666664 6
70 0.1 0.01171875 0.0 0.05078125 0.01171875 0.030133928571428572 7
80 0.1 0.01171875 0.0 0.05078125 0.01171875 0.02783203125 8
90 0.1 0.01171875 0.0 0.05078125 0.01171875 0.026041666666666668 9
100 0.1 0.01171875 0.0 0.05078125 0.01171875 0.024609375 10
110 0.1 0.0 0.0 0.05078125 0.0 0.0234375 11
120 0.1 0.0 0.0 0.05078125 0.0 0.021484375 12
130 0.1 0.0 0.0 0.05078125 0.0 0.019831730769230768 13
140 0.1 0.0 0.0 0.05078125 0.0 0.018415178571428572 14
150 0.1 0.0 0.0 0.05078125 0.0 0.0171875 15
160 0.1 0.078125 0.0 0.078125 0.0 0.01611328125 16
170 0.1 0.0703125 0.0 0.078125 0.0 0.019761029411764705 17
180 0.1 0.12890625 0.0 0.12890625 0.0 0.022569444444444444 18
190 0.1 0.109375 0.0 0.12890625 0.0 0.02816611842105263 19
200 0.1 0.08984375 0.0 0.12890625 0.0 0.0322265625 20
210 0.1 0.078125 0.0 0.12890625 0.0 0.034970238095238096 21
220 0.1 0.0703125 0.0 0.12890625 0.0 0.036931818181818184 22
230 0.1 0.05859375 0.0 0.12890625 0.0 0.03838315217391304 23
240 0.1 0.12890625 0.0 0.12890625 0.0 0.039225260416666664 24
250 0.1 0.109375 0.0 0.12890625 0.0 0.0428125 25
260 0.1 0.08984375 0.0 0.12890625 0.0 0.04537259615384615 26
270 0.1 0.078125 0.0 0.12890625 0.0 0.04701967592592592 27
280 0.1 0.140625 0.0 0.140625 0.0 0.048130580357142856 28
290 0.1 0.12109375 0.0 0.140625 0.0 0.05132004310344827 29
300 0.1 0.1796875 0.0 0.1796875 0.0 0.05364583333333333 30
310 0.1 0.23046875 0.0 0.23046875 0.0 0.057711693548387094 31
320 0.1 0.19921875 0.0 0.23046875 0.0 0.0631103515625 32
330 0.1 0.30859375 0.0 0.30859375 0.0 0.06723484848484848 33
340 0.1 0.26171875 0.0 0.30859375 0.0 0.07433363970588236 34
350 0.1 0.37109375 0.0 0.37109375 0.0 0.0796875 35
360 0.1 0.4609375 0.0 0.4609375 0.0 0.08778211805555555 36
370 0.1 0.62109375 0.0 0.62109375 0.0 0.09786739864864864 37
380 0.1 0.671875 0.0 0.671875 0.0 0.11163651315789473 38
390 0.1 0.5703125 0.0 0.671875 0.0 0.12600160256410256 39
400 0.1 0.55859375 0.0 0.671875 0.0 0.137109375 40
410 0.1 0.46875 0.0 0.671875 0.0 0.14738948170731708 41
420 0.1 0.62890625 0.0 0.671875 0.0 0.15504092261904762 42
430 0.1 0.609375 0.0 0.671875 0.0 0.1660610465116279 43
440 0.1 0.73828125 0.0 0.73828125 0.0 0.17613636363636365 44
450 0.1 0.9296875 0.0 0.9296875 0.0 0.18862847222222223 45
460 0.1 1.1796875 0.0 1.1796875 0.0 0.2047384510869565 46
470 0.1 1.16015625 0.0 1.1796875 0.0 0.2254820478723404 47
480 0.1 1.2890625 0.0 1.2890625 0.0 0.24495442708333334 48
490 0.1 1.3203125 0.0 1.3203125 0.0 0.26626275510204084 49
500 0.1 1.26953125 0.0 1.3203125 0.0 0.28734375 50
510 0.1 1.30859375 0.0 1.3203125 0.0 0.30660232843137253 51
520 0.1 1.33984375 0.0 1.33984375 0.0 0.3258713942307692 52
530 0.1 1.37109375 0.0 1.37109375 0.0 0.34500294811320753 53
540 0.1 1.30078125 0.0 1.37109375 0.0 0.36400462962962965 54
550 0.1 1.33984375 0.0 1.37109375 0.0 0.3810369318181818 55
560 0.1 1.28125 0.0 1.37109375 0.0 0.39815848214285715 56
570 0.1 1.390625 0.0 1.390625 0.0 0.4136513157894737 57
580 0.1 1.328125 0.0 1.390625 0.0 0.43049568965517243 58
590 0.1 1.19921875 0.0 1.390625 0.0 0.4457097457627119 59
600 0.1 1.171875 0.0 1.390625 0.0 0.45826822916666665 60
610 0.1 1.21875 0.0 1.390625 0.0 0.4699667008196721 61
620 0.1 1.1796875 0.0 1.390625 0.0 0.4820438508064516 62
630 0.1 1.23046875 0.0 1.390625 0.0 0.49311755952380953 63
640 0.1 1.19140625 0.0 1.390625 0.0 0.504638671875 64
650 0.1 1.3203125 0.0 1.390625 0.0 0.5152043269230769 65
660 0.1 1.328125 0.0 1.390625 0.0 0.5274029356060606 66
670 0.1 1.28125 0.0 1.390625 0.0 0.5393540111940298 67
680 0.1 1.23046875 0.0 1.390625 0.0 0.5502642463235294 68
690 0.1 1.19921875 0.0 1.390625 0.0 0.5601222826086957 69
700 0.1 1.171875 0.0 1.390625 0.0 0.5692522321428571 70
710 0.1 1.140625 0.0 1.390625 0.0 0.5777398767605634 71
720 0.1 1.12109375 0.0 1.390625 0.0 0.5855577256944444 72
730 0.1 1.1015625 0.0 1.390625 0.0 0.5928938356164384 73
740 0.1 1.078125 0.0 1.390625 0.0 0.5997677364864865 74
750 0.1 1.1484375 0.0 1.390625 0.0 0.6061458333333334 75
760 0.1 1.359375 0.0 1.390625 0.0 0.6132812500000001 76
770 0.1 1.1484375 0.0 1.390625 0.0 0.6229707792207793 77
780 0.1 1.12109375 0.0 1.390625 0.0 0.629707532051282 78
790 0.1 0.94921875 0.0 1.390625 0.0 0.6359276107594937 79
800 0.1 0.80078125 0.0 1.390625 0.0 0.63984375 80
810 0.1 0.6796875 0.0 1.390625 0.0 0.6418306327160493 81
820 0.1 0.5703125 0.0 1.390625 0.0 0.6422923018292683 82
830 0.1 0.48046875 0.0 1.390625 0.0 0.6414250753012049 83
834 0.1 0.41015625 0.0 1.390625 0.0 0.6395089285714286 84
