0 1 9.339699999999999 3.992105736325129 19.951 7.136 0 0
10 2.3 34.558173913043476 91.89427277922125 444.292 6.028 9.339699999999999 10
20 5.8 233.32096551724126 890.9998279671254 5081.556 6.028 26.91621212121212 33
30 8.9 232.2883707865168 975.0502620971823 6753.206 6.028 158.47089010989004 91
40 11.7 268.7161709401709 1239.7592913816923 8914.066 6.028 194.96953333333326 180
50 11.9 124.41350420168072 539.7157034517039 8914.066 6.028 224.02123905723903 297
60 13.2 422.67027272727245 1788.593077486316 9823.978 6.028 195.52768028846154 416
70 16.5 279.15733333333327 1370.5386137561652 12117.2 6.028 250.24085948905105 548
80 22.6 151.7543761061949 836.4222494103016 12117.2 6.028 256.93261009817667 713
90 23.6 168.84842796610172 928.5952813350359 12117.2 5.639 231.61814696485627 939
100 27.4 127.12843065693424 578.4497720009581 12117.2 5.639 219.0107821276596 1175
110 25.8 89.03433720930231 354.5263909603498 12117.2 5.639 201.6362035886819 1449
120 29.9 52.812280936454854 42.69405958891639 12117.2 5.639 184.61729232571767 1707
130 27.5 54.2354581818182 45.37111408423441 12117.2 5.639 164.97138085742773 2006
140 31.3 64.06010862619812 57.52646329997088 12117.2 5.639 151.6209298553266 2281
150 34.4 64.75686918604649 55.60880808136407 12117.2 5.639 141.05557247494218 2594
160 39.8 59.00672613065321 50.727730141158915 12117.2 5.639 132.12202791014298 2938
170 39.4 88.79500000000006 85.910642067362 12117.2 5.639 123.39903926858513 3336
180 43 70.54492093023264 64.94445490555597 12117.2 5.639 119.74381367292226 3730
190 46.3 84.90042548596116 88.25983443870295 12117.2 5.639 114.6583512019231 4160
200 54.5 167.50754495412843 157.69525708110996 12117.2 5.639 111.67805277958038 4623
210 60.1 177.36109650582355 152.39158905416417 12117.2 5.639 117.56564434984523 5168
220 66.1 335.2924236006046 281.1704358865589 12117.2 5.639 123.79498509273706 5769
230 58.2 744.2966219931263 469.64459807160193 12117.2 5.105 145.53679020217726 6430
240 63.4 902.2129936908509 491.5895180197045 12117.2 5.105 195.23419780376489 7012
250 67.8 916.0405604719753 561.6602047911375 12117.2 5.105 253.85629518702575 7646
260 66.1 1464.3405143721657 759.2394320994156 12117.2 5.105 307.7920150168186 8324
270 65.8 1731.429810030394 839.0162847125353 12117.2 5.105 392.87588347245406 8985
280 72.6 2146.6356308539985 1009.0663369245026 12117.2 0.843 484.21348418541936 9643
290 81.4 2179.247959459464 1419.6868317533224 12117.2 0.832 600.6102899025944 10369
300 104.5 1885.8278296650708 1573.3565031753155 12117.2 0.832 715.5178337655375 11183
310 128.4 1490.445802180684 1449.9530882296406 12117.2 0.813 815.5320589630361 12228
320 152.1 1247.0134536489165 1487.2074209416155 12117.2 0.813 879.6668462847841 13512
330 170.5 1147.8612609970705 1469.7425696892358 12117.2 0.803 916.8340244794788 15033
340 187 1006.668634759358 1414.3135996076494 12117.2 0.803 940.3673879794485 16738
350 188.6 994.7119639448568 1398.412499143973 12117.2 0.803 947.0302927235603 18608
360 192 1043.5068864583332 1453.6179499779928 12117.2 0.803 951.4182907680301 20494
370 207 902.4282874396137 1326.0335625107875 12117.2 0.803 959.3066687338275 22414
380 227.7 858.3941357048728 1373.7793970881667 12117.2 0.803 954.4978854762297 24484
390 259.8 739.7161312548126 1300.7593473130785 12117.2 0.803 946.3207531482383 26761
400 297.1 649.1197223157178 1202.651135444429 12117.2 0.803 928.038154705542 29359
410 320.1 616.6959915651361 1168.030749425057 12117.2 0.799 902.4066464274669 32330
420 312.1 592.5195575136179 1165.22337895712 12117.2 0.799 876.6668753482875 35531
430 326.2 591.8965944205994 1140.57269014949 12117.2 0.799 853.7230747956122 38652
440 324.8 607.0343282019703 1273.6727130747818 12117.2 0.799 833.3461606623085 41914
450 327.4 589.0732480146618 1156.240495465176 12117.2 0.799 817.0700694389087 45162
460 350.7 548.2218608497284 1117.1193121253339 12117.2 0.799 801.6587721942357 48436
470 372.6 530.9894911433161 1119.3084853960006 12117.2 0.799 784.5476456115357 51943
480 394.9 502.6608890858444 1067.287485735293 12117.2 0.799 767.5766620560814 55669
490 412.8 474.2957768895346 1012.3068633913399 12117.2 0.799 750.0290692576066 59618
500 429.3 429.3186170510139 1065.0270753793664 12117.2 0.799 732.1734072412386 63746
510 420.6 455.41192249167716 1111.948286471808 12117.2 0.799 713.0644312967561 68039
520 474.2 421.96764023618977 1075.7697135962642 12117.2 0.799 698.064272780123 72245
530 492.8 385.32511850649365 1006.2166877149389 12117.2 0.799 681.058151856807 76987
540 494.8 413.7686774454332 1026.1644108728603 12117.2 0.799 663.2668756760056 81915
550 494.7 393.0175259753394 948.4776192314437 12117.2 0.799 649.0546439450629 86863
560 511.2 387.64271967918614 956.5009617231593 12117.2 0.799 635.2585909813746 91810
570 556 356.2530451438863 962.917371132838 12117.2 0.799 622.1984773426053 96922
580 588.4 337.9564663494216 883.8226918546007 12117.2 0.799 607.7700254874027 102482
590 613 312.3039174551398 794.9763000699611 12117.2 0.799 593.1198309432848 108366
600 665.4 300.29530748422013 800.9942752530073 12117.2 0.799 578.0852310473729 114496
610 671 295.0350238450085 806.1266639544182 12117.2 0.799 562.8279949649195 121150
620 674.6 304.28885161577176 835.345258897265 12117.2 0.799 548.7744142030347 127860
630 700.9 281.3482291339702 785.5614680468718 12117.2 0.799 536.5216200838001 134606
640 722.9 286.1987254115367 742.7308732146514 12117.2 0.799 523.8922355047134 141615
650 740.2 276.6442002161567 710.557963703792 12117.2 0.799 512.3480255636773 148844
660 719.2 271.6968704115679 719.2166399189651 12117.2 0.799 501.18178953061187 156246
670 763.8 270.8153211573711 688.4588731196249 12117.2 0.799 491.08343089734313 163438
680 786.9 254.17708705045015 683.166891439743 12117.2 0.799 481.2491594496011 171076
690 784.2 276.22596824789514 669.1655546411179 12117.2 0.799 471.26380005029455 178945
700 787.9 269.8445751998995 588.3773072336444 12117.2 0.799 463.0754000171316 186787
710 795.5 262.4669890634839 579.3231042941668 12117.2 0.799 455.2544879485887 194666
720 760 271.4973782894739 557.992103815737 12117.2 0.799 447.68555603318504 202621
730 658.8 288.5007471159686 609.3983932451869 12117.2 0.799 441.31592525960764 210221
740 553.1 361.5538199240642 698.4413563022362 12117.2 0.799 436.6724538464731 216809
750 380.6 492.53574750394114 828.5848305813468 12117.2 0.799 434.80377900512724 222340
760 198.3 915.7119914271307 1061.9860088819257 12117.2 0.799 435.7753985434189 226146
770 114.4 1030.7417893356594 1237.258280439539 12117.2 0.799 439.9472235358065 228129
780 52 63.5699173076923 237.26147108498364 12117.2 0.799 442.89510219258256 229273
790 15.5 16.388561290322574 24.845541721990017 12117.2 0.799 442.036724887181 229793
800 4.5 16.658377777777776 27.828984017298612 12117.2 0.799 441.74981017012533 229948
810 1.5 14.209266666666668 17.37855198980117 12117.2 0.799 441.66663757592613 229993
820 0.6 6.9265 3.2291809462049867 12117.2 0.799 441.6387608909254 230008
830 0.5 15.0958 17.14072317494218 12117.2 0.799 441.62742126131445 230014
834 0.1 4.043 0.0 12117.2 0.799 441.61814960068506 230019
