10 0.1 154 0 154 154 0 0
20 0.1 333.0 0.0 333 154 154.0 1
30 0.1 1541.0 0.0 1541 154 243.5 2
40 0.1 2802.0 0.0 2802 154 676.0 3
50 0.1 3110.0 0.0 3110 154 1207.5 4
60 0.1 1329.0 0.0 3110 154 1588.0 5
70 0.1 3773.0 0.0 3773 154 1544.8333333333333 6
80 0.1 3872.0 0.0 3872 154 1863.142857142857 7
90 0.1 3322.0 0.0 3872 154 2114.25 8
100 0.1 3731.0 0.0 3872 154 2248.4444444444443 9
110 0.1 3965.0 0.0 3965 154 2396.7 10
120 0.1 3468.0 0.0 3965 154 2539.2727272727275 11
130 0.1 3105.0 0.0 3965 154 2616.666666666667 12
140 0.1 2968.0 0.0 3965 154 2654.230769230769 13
150 0.1 3605.0 0.0 3965 154 2676.6428571428573 14
160 0.1 4096.0 0.0 4096 154 2738.5333333333333 15
170 0.1 4312.0 0.0 4312 154 2823.375 16
180 0.1 4562.0 0.0 4562 154 2910.9411764705883 17
190 0.1 5077.0 0.0 5077 154 3002.6666666666665 18
200 0.1 5338.0 0.0 5338 154 3111.842105263158 19
210 0.1 6233.0 0.0 6233 154 3223.15 20
220 0.1 7103.0 0.0 7103 154 3366.4761904761904 21
230 0.1 7996.0 0.0 7996 154 3536.318181818182 22
240 0.1 7082.0 0.0 7996 154 3730.217391304348 23
250 0.1 7679.0 0.0 7996 154 3869.875 24
260 0.1 7643.0 0.0 7996 154 4022.24 25
270 0.1 7763.0 0.0 7996 154 4161.5 26
280 0.1 8288.0 0.0 8288 154 4294.888888888889 27
290 0.1 8038.0 0.0 8288 154 4437.5 28
300 0.1 8935.0 0.0 8935 154 4561.6551724137935 29
310 0.1 10972.0 0.0 10972 154 4707.433333333333 30
320 0.1 12948.0 0.0 12948 154 4909.5161290322585 31
330 0.1 13539.0 0.0 13539 154 5160.71875 32
340 0.1 14886.0 0.0 14886 154 5414.606060606061 33
350 0.1 15223.0 0.0 15223 154 5693.176470588235 34
360 0.1 15024.0 0.0 15223 154 5965.457142857143 35
370 0.1 16096.0 0.0 16096 154 6217.083333333333 36
380 0.1 16353.0 0.0 16353 154 6484.081081081081 37
390 0.1 17673.0 0.0 17673 154 6743.789473684211 38
400 0.1 19714.0 0.0 19714 154 7024.025641025641 39
410 0.1 21932.0 0.0 21932 154 7341.275 40
420 0.1 23126.0 0.0 23126 154 7697.1463414634145 41
430 0.1 22595.0 0.0 23126 154 8064.5 42
440 0.1 22183.0 0.0 23126 154 8402.418604651162 43
450 0.1 21757.0 0.0 23126 154 8715.613636363636 44
460 0.1 23197.0 0.0 23197 154 9005.422222222222 45
470 0.1 24224.0 0.0 24224 154 9313.934782608694 46
480 0.1 25080.0 0.0 25080 154 9631.170212765956 47
490 0.1 26907.0 0.0 26907 154 9953.02083333333 48
500 0.1 26851.0 0.0 26907 154 10299.020408163264 49
510 0.1 26735.0 0.0 26907 154 10630.06 50
520 0.1 27674.0 0.0 27674 154 10945.843137254902 51
530 0.1 30477.0 0.0 30477 154 11267.538461538461 52
540 0.1 30156.0 0.0 30477 154 11629.981132075472 53
550 0.1 30464.0 0.0 30477 154 11973.055555555555 54
560 0.1 30046.0 0.0 30477 154 12309.254545454545 55
570 0.1 31698.0 0.0 31698 154 12625.982142857143 56
580 0.1 33474.0 0.0 33474 154 12960.578947368422 57
590 0.1 36830.0 0.0 36830 154 13314.258620689656 58
600 0.1 39743.0 0.0 39743 154 13712.830508474577 59
610 0.1 39591.0 0.0 39743 154 14146.666666666666 60
620 0.1 39086.0 0.0 39743 154 14563.786885245901 61
630 0.1 39342.0 0.0 39743 154 14959.306451612903 62
640 0.1 41649.0 0.0 41649 154 15346.333333333334 63
650 0.1 44573.0 0.0 44573 154 15757.3125 64
660 0.1 44609.0 0.0 44609 154 16200.63076923077 65
670 0.1 45235.0 0.0 45235 154 16631.060606060608 66
680 0.1 45190.0 0.0 45235 154 17057.985074626864 67
690 0.1 46485.0 0.0 46485 154 17471.691176470587 68
700 0.1 47745.0 0.0 47745 154 17892.17391304348 69
710 0.1 48672.0 0.0 48672 154 18318.64285714286 70
720 0.1 49863.0 0.0 49863 154 18746.154929577464 71
730 0.1 46364.0 0.0 49863 154 19178.333333333332 72
740 0.1 41787.0 0.0 49863 154 19550.739726027397 73
750 0.1 32142.0 0.0 49863 154 19851.22972972973 74
760 0.1 19840.0 0.0 49863 154 20015.106666666667 75
770 0.1 10445.0 0.0 49863 154 20012.802631578947 76
780 0.1 6297.0 0.0 49863 154 19888.545454545456 77
790 0.1 2270.0 0.0 49863 154 19714.29487179487 78
800 0.1 596.0 0.0 49863 154 19493.481012658227 79
810 0.1 199.0 0.0 49863 154 19257.2625 80
820 0.1 82.0 0.0 49863 82 19021.975308641977 81
830 0.1 70.0 0.0 49863 70 18791.000000000004 82
834 0.1 19.0 0.0 49863 19 18565.445783132534 83
