0 1 9.339699999999999 3.992105736325129 19.951 7.136 0 0
10 2.6 30.549961538461538 58.221596742023735 245.563 6.028 9.339699999999999 10
20 9.3 145.58843010752685 709.6971431538524 5070.17 6.028 24.65822222222222 36
30 14.4 143.50778472222225 772.5433647243639 6740.989 6.028 111.84046511627905 129
40 18.3 171.75671038251357 997.466259569578 8902.489 6.028 128.54410622710625 273
50 17.3 86.44453179190755 448.5143171276478 8902.489 5.226 145.88600657894733 456
60 19.5 285.32890256410246 1479.011777928963 9804.125 5.226 129.53723847376787 629
70 25.3 182.12303952569178 1112.3369810338538 12106.31 5.226 166.40541140776696 824
80 34.5 99.35688985507247 677.9688108386864 12106.31 5.226 170.09766759517177 1077
90 35.4 112.48055649717506 760.4768920174969 12106.31 5.226 152.9348206751055 1422
100 40.3 86.35372456575682 477.84501900196534 12106.31 5.226 144.8713018018018 1776
110 40.3 56.94838709677416 284.417703610833 12106.31 5.226 134.048638366223 2179
120 44.3 35.57684424379239 32.098407213574106 12106.31 5.226 122.0147881487219 2582
130 39.9 37.39133333333337 33.32732317531287 12106.31 5.226 109.35627272727272 3025
140 47.1 42.54824840764334 44.00208522481065 12106.31 5.067 100.97017143691588 3424
150 53.2 41.80921616541349 41.095430138257285 12106.31 5.067 93.90554351732992 3895
160 58.4 40.14933047945198 39.27705565858475 12106.31 5.067 87.64504065958889 4427
170 59.8 58.459138795986604 65.24511381714733 12106.31 5.067 82.10971941728197 5011
180 64 47.3816640625 49.66835339147009 12106.31 5.067 79.58822766981636 5609
190 69.1 56.828344428364794 66.54944632626848 12106.31 5.06 76.28974779964794 6249
200 80.7 114.01237422552676 107.6874270752071 12106.31 5.06 74.35202017291067 6940
210 91 116.31527362637348 106.07096789660136 12106.31 5.06 78.48341370853235 7747
220 102.5 219.47249365853662 183.777186431407 12106.31 5.06 82.46019464017559 8657
230 89 494.49780561797735 265.50183897071787 12106.31 5.06 96.96521493493081 9682
240 96.7 597.6777900723887 235.88066472952218 12106.31 5.06 130.43135244040863 10572
250 100.4 643.3252559760957 302.9760656999841 12106.31 5.06 169.58789158505934 11539
260 97.4 991.1872648870645 299.9508953102126 12106.31 5.06 207.5080314119429 12543
270 101.2 1179.5974683794454 333.7903447150058 12106.31 5.06 263.97792661093445 13517
280 107.5 1461.7257906976722 374.35318217118805 12106.31 0.815 327.75430325555783 14529
290 125 1458.808707200001 751.4865427025153 12106.31 0.775 405.8765378749037 15604
300 159.1 1203.6970993086104 865.80967470373 12106.31 0.753 483.96869473122103 16854
310 195.6 975.9695526584846 832.3542580542615 12106.31 0.753 546.0499032800216 18445
320 230.2 831.9189674196366 930.0203706471414 12106.31 0.753 587.2695902651828 20401
330 259.6 744.7392900616346 905.4141510768143 12106.31 0.753 612.0761297625863 22703
340 279.5 681.2220039355964 922.5343712153523 12106.31 0.753 625.6890616625165 25299
350 284.4 663.4390302390983 896.9898834114662 12106.31 0.753 631.2138916494624 28094
360 284 695.8919845070437 927.8182912580514 12106.31 0.753 634.1762128773673 30938
370 303.3 619.2580517639301 865.4814880870723 12106.31 0.741 639.3651758541062 33778
380 338.2 580.1478784742777 899.6899614046663 12106.31 0.741 637.7084724946346 36811
390 395.6 481.4719668857436 828.7308074893017 12106.31 0.741 632.8650935735079 40193
400 452.2 426.3328907563014 792.3307451530276 12106.31 0.741 619.2994135087998 44149
410 489.5 402.17057997957227 754.8884869996064 12106.31 0.741 601.3709835220151 48671
420 469 394.51953049040543 781.4328454956545 12106.31 0.741 583.167534032782 53566
430 481.2 402.0381309226926 765.9465315480431 12106.31 0.741 567.9801003501785 58256
440 482.4 401.82439241293577 853.0176807728826 12106.31 0.741 555.3189606773641 63068
450 493.6 397.0742811993534 765.2955687955659 12106.31 0.741 544.4125534820008 67892
460 525.8 364.5505433624933 736.8537269827132 12106.31 0.741 534.426535576976 72828
470 561 352.0204636363646 749.299046513273 12106.31 0.741 522.9877633634711 78086
480 596.9 329.0681633439443 713.881414820515 12106.31 0.741 511.5281171262666 83696
490 615.5 318.54420747359933 703.2805213283976 12106.31 0.741 499.3817560698156 89665
500 640.4 289.62654309806476 740.3650966465607 12106.31 0.741 487.7656517950325 95820
510 630.1 301.34345103951716 766.2696157533462 12106.31 0.741 475.3528832465959 102224
520 723.8 276.4081391268311 723.944896302923 12106.31 0.741 465.2498338815943 108525
530 742.3 257.70116879967804 711.025001098169 12106.31 0.741 453.44263998859765 115763
540 738.5 272.1575799593752 700.8704534573707 12106.31 0.741 441.6475582371376 123186
550 731.3 265.24402803227116 686.6262646749212 12106.31 0.741 432.06132936869614 130571
560 764.7 258.3071961553556 689.6824507485189 12106.31 0.741 423.21378415189594 137884
570 833.7 239.34946407580748 696.689370036291 12106.31 0.741 414.54868408105506 145531
580 892.8 221.7592243503583 613.6370741907634 12106.31 0.741 405.0558987248813 153868
590 929.3 203.57351092219872 563.4258252928182 12106.31 0.741 395.0036080739086 162796
600 1002 200.02075199600887 586.1666420008004 12106.31 0.741 384.66616702404 172089
610 999 196.4829842842843 587.9885453194466 12106.31 0.741 374.50660841583897 182109
620 1005.6 203.38743993635623 629.9428631875044 12106.31 0.741 365.2485903882895 192099
630 1053.4 186.0887649515845 594.4466433695482 12106.31 0.741 357.19696797506873 202155
640 1091.4 187.34266923218001 539.8735092369652 12106.31 0.741 348.72236980285777 212689
650 1113 183.19823845462727 527.104758637552 12106.31 0.741 340.845471675246 223603
660 1077.8 180.2136834292075 529.2393016541373 12106.31 0.741 333.3705375767363 234733
670 1142.8 178.0617128106394 522.8186847984506 12106.31 0.741 326.6469098207414 245511
680 1186.3 167.891836887803 520.1715190001149 12106.31 0.741 320.0382142492967 256939
690 1177.5 180.3060571549877 501.4128585294089 12106.31 0.741 313.3235600627973 268802
700 1184.2 177.38855125823363 458.2280682883777 12106.31 0.741 307.74120264668886 280577
710 1195 171.07709029288728 453.5799293397133 12106.31 0.741 302.4623524428988 292419
720 1157.3 176.00470396612798 444.5889203662427 12106.31 0.741 297.3039628477277 304369
730 1011.3 186.4044773064376 492.52104408277995 12106.31 0.741 292.86075389470227 315942
740 835.4 238.51824838400785 576.7500288406711 12106.31 0.741 289.55888051402377 326055
750 547.5 342.4662383561642 718.7632493557402 12106.31 0.741 288.2838148285483 334409
760 268.8 675.9370818452375 980.2620188253484 12106.31 0.741 289.1566089842417 339884
770 149.4 784.5206311914312 1109.7147792585663 12106.31 0.741 292.19149190243223 342572
780 67.4 45.26136201780414 176.8996123766147 12106.31 0.741 294.3292786471201 344066
790 19.4 13.051448453608254 22.75394857678491 12106.31 0.741 293.8423268115102 344740
800 5.9 12.650525423728816 25.189754457026492 12106.31 0.741 293.6844025987581 344934
810 1.9 11.170526315789473 16.24842277161377 12106.31 0.741 293.6363407576386 344993
820 1 4.0672 2.6397427450416453 12106.31 0.741 293.62078521036955 345012
830 0.7 10.716142857142858 15.725274664224665 12106.31 0.741 293.6123928879898 345022
834 0.1 4.043 0.0 12106.31 0.741 293.60665344652193 345029
