10 0.1 121 0 121 121 0 0
20 0.1 219.0 0.0 219 121 121.0 1
30 0.1 746.0 0.0 746 121 170.0 2
40 0.1 1410.0 0.0 1410 121 362.0 3
50 0.1 1436.0 0.0 1436 121 624.0 4
60 0.1 775.0 0.0 1436 121 786.4 5
70 0.1 1828.0 0.0 1828 121 784.5 6
80 0.1 1882.0 0.0 1882 121 933.5714285714286 7
90 0.1 1793.0 0.0 1882 121 1052.125 8
100 0.1 1946.0 0.0 1946 121 1134.4444444444443 9
110 0.1 2083.0 0.0 2083 121 1215.6 10
120 0.1 1857.0 0.0 2083 121 1294.4545454545455 11
130 0.1 1865.0 0.0 2083 121 1341.3333333333333 12
140 0.1 1778.0 0.0 2083 121 1381.6153846153845 13
150 0.1 2127.0 0.0 2127 121 1409.9285714285713 14
160 0.1 2343.0 0.0 2343 121 1457.7333333333333 15
170 0.1 2535.0 0.0 2535 121 1513.0625 16
180 0.1 2488.0 0.0 2535 121 1573.1764705882354 17
190 0.1 2903.0 0.0 2903 121 1624.0 18
200 0.1 3032.0 0.0 3032 121 1691.3157894736842 19
210 0.1 3465.0 0.0 3465 121 1758.35 20
220 0.1 3886.0 0.0 3886 121 1839.6190476190477 21
230 0.1 4325.0 0.0 4325 121 1932.6363636363637 22
240 0.1 3911.0 0.0 4325 121 2036.6521739130435 23
250 0.1 4273.0 0.0 4325 121 2114.75 24
260 0.1 4345.0 0.0 4345 121 2201.08 25
270 0.1 4330.0 0.0 4345 121 2283.5384615384614 26
280 0.1 4584.0 0.0 4584 121 2359.3333333333335 27
290 0.1 4643.0 0.0 4643 121 2438.785714285714 28
300 0.1 5305.0 0.0 5305 121 2514.793103448276 29
310 0.1 7031.0 0.0 7031 121 2607.8 30
320 0.1 8501.0 0.0 8501 121 2750.483870967742 31
330 0.1 9596.0 0.0 9596 121 2930.1875 32
340 0.1 10835.0 0.0 10835 121 3132.181818181818 33
350 0.1 11671.0 0.0 11671 121 3358.735294117647 34
360 0.1 11641.0 0.0 11671 121 3596.2285714285713 35
370 0.1 12159.0 0.0 12159 121 3819.6944444444443 36
380 0.1 12668.0 0.0 12668 121 4045.0810810810813 37
390 0.1 14050.0 0.0 14050 121 4272.0 38
400 0.1 15975.0 0.0 15975 121 4522.717948717948 39
410 0.1 18120.0 0.0 18120 121 4809.025 40
420 0.1 18965.0 0.0 18965 121 5133.682926829269 41
430 0.1 19148.0 0.0 19148 121 5463.0 42
440 0.1 18661.0 0.0 19148 121 5781.2558139534885 43
450 0.1 18725.0 0.0 19148 121 6073.977272727273 44
460 0.1 19265.0 0.0 19265 121 6355.111111111111 45
470 0.1 20325.0 0.0 20325 121 6635.760869565217 46
480 0.1 21459.0 0.0 21459 121 6927.021276595745 47
490 0.1 23089.0 0.0 23089 121 7229.770833333333 48
500 0.1 23279.0 0.0 23279 121 7553.428571428572 49
510 0.1 24126.0 0.0 24126 121 7867.94 50
520 0.1 24822.0 0.0 24822 121 8186.725490196079 51
530 0.1 26997.0 0.0 26997 121 8506.634615384615 52
540 0.1 27346.0 0.0 27346 121 8855.509433962265 53
550 0.1 27445.0 0.0 27445 121 9197.925925925925 54
560 0.1 27273.0 0.0 27445 121 9529.690909090908 55
570 0.1 28738.0 0.0 28738 121 9846.535714285714 56
580 0.1 30667.0 0.0 30667 121 10177.964912280702 57
590 0.1 33035.0 0.0 33035 121 10531.224137931034 58
600 0.1 35848.0 0.0 35848 121 10912.64406779661 59
610 0.1 36474.0 0.0 36474 121 11328.233333333334 60
620 0.1 36461.0 0.0 36474 121 11740.459016393443 61
630 0.1 36667.0 0.0 36667 121 12139.177419354839 62
640 0.1 38673.0 0.0 38673 121 12528.507936507936 63
650 0.1 40371.0 0.0 40371 121 12937.015625 64
660 0.1 40936.0 0.0 40936 121 13359.076923076924 65
670 0.1 41476.0 0.0 41476 121 13776.90909090909 66
680 0.1 41922.0 0.0 41922 121 14190.328358208955 67
690 0.1 42811.0 0.0 42811 121 14598.14705882353 68
700 0.1 43206.0 0.0 43206 121 15007.028985507246 69
710 0.1 43622.0 0.0 43622 121 15409.871428571429 70
720 0.1 44301.0 0.0 44301 121 15807.225352112677 71
730 0.1 41688.0 0.0 44301 121 16202.972222222223 72
740 0.1 37324.0 0.0 44301 121 16552.08219178082 73
750 0.1 28599.0 0.0 44301 121 16832.783783783783 74
760 0.1 17529.0 0.0 44301 121 16989.666666666668 75
770 0.1 9035.0 0.0 44301 121 16996.763157894737 76
780 0.1 5301.0 0.0 44301 121 16893.363636363636 77
790 0.1 2012.0 0.0 44301 121 16744.74358974359 78
800 0.1 550.0 0.0 44301 121 16558.25316455696 79
810 0.1 173.0 0.0 44301 121 16358.15 80
820 0.1 59.0 0.0 44301 59 16158.333333333334 81
830 0.1 58.0 0.0 44301 58 15962.0 82
834 0.1 19.0 0.0 44301 19 15770.385542168675 83
