40 0.1 41986.692 0 41986.692 41986.692 0 0
50 0.9 44189.20855555556 2574.1944715996588 47390.737 40203.396 41986.692 1
60 0.6 47564.64266666666 3101.2564180020468 50658.044 40203.396 43968.956900000005 10
70 0.1 49324.187 0.0 50658.044 40203.396 45317.3390625 16
80 0.7 60394.406857142865 15321.43485306476 81830.318 40203.396 45553.03600000001 17
90 0.9 47303.078777777766 7560.344628864695 81830.318 39613.307 49881.76916666667 24
100 1.5 53434.79926666667 16687.064358191314 104681.479 38926.897 49178.48996969697 33
110 0.9 53234.03711111111 21645.241598091507 108051.718 35498.285 50508.586625 48
120 1.3 55098.41861538461 20716.854201744987 122905.199 35498.285 50938.9209122807 57
130 1.9 50383.89889473684 8800.387186256055 122905.199 35498.285 51711.39905714286 70
140 1.3 48849.34584615383 8398.48783592676 122905.199 35498.285 51428.00014606742 89
150 1 48391.6253 7295.485548031332 122905.199 35498.285 51099.348127450976 102
160 1.6 49764.413124999985 10037.88488527297 122905.199 35498.285 50857.58716071428 112
170 1.7 52115.97935294118 9845.24828975554 122905.199 35498.285 50720.940406249996 128
180 2 50523.49045000001 9271.34861594377 122905.199 35498.285 50884.49669655172 145
190 2.1 51711.662 10245.703940525798 122905.199 35498.285 50840.73836363637 165
200 2.2 49439.09463636365 8380.640898265827 122905.199 35498.285 50939.068451612904 186
210 2.2 50294.68277272727 6936.12187944465 122905.199 35498.285 50780.417375000005 208
220 1.8 50542.15822222221 9118.029755494425 122905.199 35498.285 50733.95580434783 230
230 2.3 53991.91017391304 9773.982644946975 122905.199 35498.285 50720.03501209678 248
240 2.7 53862.64944444443 8352.654290713795 122905.199 35498.285 50997.721833948344 271
250 2.8 59576.373785714284 9338.6222907759 122905.199 35498.285 51257.29581208054 298
260 2.6 65654.89719230769 8708.490822442851 122905.199 35498.285 51971.81784662577 326
270 2.1 64811.715428571435 9101.852074676515 122905.199 35498.285 52982.49984375 352
280 1.7 71433.95247058824 10663.55730089403 122905.199 35498.285 53648.48785254692 373
290 2.8 76518.45517857143 8306.315530860196 122905.199 35498.285 54423.751694871804 390
300 2.5 79634.36576 9787.114239797838 122905.199 35498.285 55903.77967942585 418
310 3 85166.71656666667 12726.812458920851 122905.199 35498.285 57242.977539503394 443
320 4.8 80798.17289583336 9579.59289324603 122905.199 35498.285 59014.0392114165 473
330 6.3 78720.27322222224 11873.534436198759 123470.596 35498.285 61021.022737044164 521
340 8.7 77828.8841494253 12693.422954713427 123470.596 35498.285 62930.35969006851 584
350 9.3 73842.7026881721 15711.583075541004 149419.721 35498.285 64862.061073025354 671
360 9.1 73049.33856043962 16662.93267402706 149419.721 35498.285 65955.25435863876 764
370 10.8 67685.20873148138 12592.44217887389 149419.721 35498.285 66710.29723859651 855
380 9.4 67518.87954255316 13684.995203508139 149419.721 35498.285 66819.63310695742 963
390 8.6 67317.39819767443 14852.689828555514 149419.721 35498.285 66881.8177473983 1057
400 12 66390.63533333325 14271.896132768788 149419.721 35498.285 66914.59107961506 1143
410 11.7 63047.26926495726 13488.846201317418 149419.721 35498.285 66864.80906096596 1263
420 15.2 62388.05244736841 14836.721918224217 149419.721 35498.285 66541.14807826086 1380
430 19 61744.91039473684 11794.159631556115 149419.721 35498.285 66129.09159268928 1532
440 17.2 60540.34180232559 10537.855768102068 149419.721 35498.285 65645.35499128918 1722
450 14.7 60471.95940136053 12860.041269424226 149419.721 35498.285 65181.75294878562 1894
460 15.6 61477.169282051254 11850.846009731746 149419.721 35498.285 64842.53704899557 2041
470 16.8 59661.72134523809 13515.591905128535 149419.721 35498.285 64603.57602412378 2197
480 16.6 60951.266560240976 15477.441515930097 149419.721 35498.285 64252.526727695535 2365
490 17.1 57680.652871345024 11320.829674250364 149419.721 35498.285 64036.007886210966 2531
500 22.9 58659.999764192165 13559.341168212637 149419.721 35498.285 63633.80000037008 2702
510 19.2 59142.88384895833 13511.787840587993 149419.721 35498.285 63245.19534186283 2931
520 20.1 57687.02847263681 12532.833657029656 149419.721 35498.285 62992.987910983014 3123
530 23.2 56699.92826724135 12109.538556334492 149419.721 35498.285 62672.140183212985 3324
540 24.7 56735.23619433198 11275.14812762945 149419.721 35498.285 62282.50206046117 3556
550 25.1 56075.17831474098 10781.494167026278 149419.721 35498.285 61922.214216933986 3803
560 23.7 57981.301691983106 11493.51261018431 149419.721 35498.285 61560.19990725208 4054
570 24.7 55854.36024696352 11213.36893882865 149419.721 35498.285 61362.53062805871 4291
580 24.6 57484.16397967483 12513.187260173527 149419.721 35498.285 61062.72496826794 4538
590 24.8 55199.35118145159 12189.020483837441 149419.721 34728.137 60878.710335493284 4784
600 31 55076.25493548384 10957.912855010092 149419.721 34728.137 60598.80551232112 5032
610 31.4 54717.35003821659 9272.641786749764 149419.721 34728.137 60278.328035941566 5342
620 36.7 55015.442239782 10468.184558084706 149419.721 34046.035 59969.603302687385 5656
630 33.3 56930.358915915895 12886.117108633443 149419.721 34046.035 59667.730961646994 6023
640 32.2 54105.27555590062 11102.582454329013 149419.721 34046.035 59524.316095185626 6356
650 32.5 54725.71203076921 12808.879036893295 149419.721 34046.035 59263.02063941297 6678
660 38.8 54449.94169329894 11006.133558181344 149419.721 33889.804 59052.450127088356 7003
670 37.1 54181.604633423216 9243.075560884768 149419.721 33889.804 58810.83555905828 7391
680 37.6 55063.20344946809 10740.46263871947 149419.721 33889.804 58589.57239577425 7762
690 37.2 54515.25407526889 9829.034518090053 149419.721 33889.804 58426.643577414565 8138
700 38.9 53985.55968637531 10139.292446161002 149419.721 33889.804 58255.66391880138 8510
710 40.7 52965.239388206355 10300.640549406282 149419.721 33540.908 58069.00580593322 8899
720 36.2 54937.23041988954 11297.958459894562 149419.721 33540.908 57845.791435417974 9306
730 39.8 54263.27401758795 10022.577814627004 149419.721 33336.107 57736.88586160527 9668
740 38.4 55597.768611979176 10899.674355962228 149419.721 33336.107 57599.542575899046 10066
750 36.3 55940.09952892563 11823.12473403614 149419.721 33336.107 57525.984566124374 10450
760 28.4 58053.787556338044 12241.301958904862 149419.721 33336.107 57472.74529224079 10813
770 24.3 62813.95797530868 10420.728358453485 149419.721 33336.107 57487.61561782461 11097
780 11.3 71989.16812389379 12981.909346225968 149419.721 33336.107 57601.75152548498 11340
790 3.4 80437.35858823529 9494.151081675709 149419.721 33336.107 57743.703684362146 11453
800 1 91682.7109 14999.918981546989 149419.721 33336.107 57810.873899973856 11487
810 0.3 107496.054 1246.385982280768 149419.721 33336.107 57840.33535687568 11497
820 0 0 0 149419.721 33336.107 57853.28902260866 11500
830 0 0 0 149419.721 33336.107 57853.28902260866 11500
834 0.1 134711.167 0.0 149419.721 33336.107 57853.28902260866 11500
