0 98.88671875 98.88671875
10 211.346875 310.23359375
20 1479.0734375 1789.30703125
30 2466.59375 4255.90078125
40 2684.8296875 6940.73046875
50 1462.515625 8403.24609375
60 3724.76015625 12128.00625
70 3182.2765625 15310.2828125
80 2976.88203125 18287.16484375
90 3784.41953125 22071.584375
100 3354.35390625 25425.93828125
110 2899.69765625 28325.6359375
120 2688.765625 31014.4015625
130 2319.90625 33334.3078125
140 2884.17421875 36218.48203125
150 3260.3578125 39478.83984375
160 3496.5265625 42975.36640625
170 3631.01953125 46606.3859375
180 3805.871875 50412.2578125
190 4327.703125 54739.9609375
200 4877.75859375 59617.71953125
210 5563.99140625 65181.7109375
220 6243.20078125 71424.91171875
230 5356.99140625 76781.903125
240 5781.73984375 82563.64296875
250 6066.33828125 88629.98125
260 5999.44765625 94629.42890625
270 6313.88671875 100943.315625
280 6337.57265625 107280.88828125
290 6162.878125 113443.76640625
300 7149.75703125 120593.5234375
310 7605.903125 128199.4265625
320 6774.8125 134974.2390625
330 7074.59921875 142048.83828125
340 6782.6703125 148831.50859375
350 6519.69296875 155351.2015625
360 7174.8015625 162526.003125
370 7143.9609375 169669.9640625
380 7003.5765625 176673.540625
390 7204.19453125 183877.73515625
400 7099.79921875 190977.534375
410 7765.89453125 198743.42890625
420 6376.18671875 205119.615625
430 7361.46875 212481.084375
440 6385.05234375 218866.13671875
450 7585.22578125 226451.3625
460 7460.6984375 233912.0609375
470 7173.3671875 241085.428125
480 7758.73671875 248844.16484375
490 7637.19609375 256481.3609375
500 6290.89453125 262772.25546875
510 6562.0671875 269334.32265625
520 7198.47421875 276532.796875
530 6648.1578125 283180.9546875
540 7336.7515625 290517.70625
550 7049.9421875 297567.6484375
560 7133.39921875 304701.04765625
570 7004.41875 311705.46640625
580 8173.29453125 319878.7609375
590 8406.62109375 328285.38203125
600 8205.22421875 336490.60625
610 8080.921875 344571.528125
620 7746.5265625 352318.0546875
630 7797.8828125 360115.9375
640 9470.68359375 369586.62109375
650 9681.99453125 379268.615625
660 8939.0015625 388207.6171875
670 9099.11640625 397306.73359375
680 8730.05546875 406036.7890625
690 10365.415625 416402.2046875
700 11085.8375 427488.0421875
710 11109.79140625 438597.83359375
720 11035.45625 449633.28984375
730 8937.37421875 458570.6640625
740 7903.93515625 466474.59921875
750 5649.6984375 472124.29765625
760 3693.05546875 475817.353125
770 2887.7515625 478705.1046875
780 1373.60859375 480078.71328125
790 391.27109375 480469.984375
800 117.8390625 480587.8234375
810 28.596875 480616.4203125
820 25.1765625 480641.596875
830 15.54296875 480657.13984375
834 1.53125 480658.67109375
