0 1.915625 1.915625
10 10.3875 12.303125
20 57.409375 69.7125
30 87.35 157.0625
40 111.0125 268.075
50 104.7859375 372.8609375
60 117.65859375 490.51953125
70 148.3171875 638.83671875
80 209.59765625 848.434375
90 213.096875 1061.53125
100 245.57421875 1307.10546875
110 246.9296875 1554.03515625
120 262.8171875 1816.85234375
130 246.4078125 2063.26015625
140 284.90703125 2348.1671875
150 322.778125 2670.9453125
160 348.99296875 3019.93828125
170 369.05 3388.98828125
180 388.1546875 3777.14296875
190 409.815625 4186.95859375
200 494.41953125 4681.378125
210 547.996875 5229.375
220 645.034375 5874.409375
230 555.8546875 6430.2640625
240 587.10390625 7017.36796875
250 622.42734375 7639.7953125
260 582.41953125 8222.21484375
270 637.83203125 8860.046875
280 657.46171875 9517.50859375
290 716.37265625 10233.88125
300 843.68359375 11077.56484375
310 981.3234375 12058.88828125
320 1100.85625 13159.74453125
330 1208.91484375 14368.659375
340 1256.421875 15625.08125
350 1279.79140625 16904.87265625
360 1251.40234375 18156.275
370 1326.3203125 19482.5953125
380 1444.23359375 20926.82890625
390 1665.9984375 22592.82734375
400 1858.39296875 24451.2203125
410 2001 26452.2203125
420 1920.6609375 28372.88125
430 1965.4953125 30338.3765625
440 1938.3453125 32276.721875
450 1978.428125 34255.15
460 2105.81953125 36360.96953125
470 2255.19453125 38616.1640625
480 2351.57265625 40967.73671875
490 2381.35625 43349.09296875
500 2480.65546875 45829.7484375
510 2403.6359375 48233.384375
520 2723.87734375 50957.26171875
530 2778.31484375 53735.5765625
540 2773.903125 56509.4796875
550 2703.0046875 59212.484375
560 2833.7640625 62046.2484375
570 3043.89609375 65090.14453125
580 3252.59453125 68342.7390625
590 3386.84765625 71729.58671875
600 3675.3734375 75404.96015625
610 3647.23125 79052.19140625
620 3656.25703125 82708.4484375
630 3746.90390625 86455.35234375
640 3897.05859375 90352.4109375
650 4010.39765625 94362.80859375
660 3883.0421875 98245.85078125
670 4117.70625 102363.55703125
680 4274.48359375 106638.040625
690 4237.56953125 110875.61015625
700 4297.975 115173.58515625
710 4355.25859375 119528.84375
720 4318.9515625 123847.7953125
730 3846.46328125 127694.25859375
740 3222.25625 130916.51484375
750 2200.5203125 133117.03515625
760 1149.63671875 134266.671875
770 597.93359375 134864.60546875
780 305.040625 135169.64609375
790 92.47890625 135262.125
800 27.78828125 135289.91328125
810 8.93125 135298.84453125
820 3.75625 135302.60078125
830 2.81953125 135305.4203125
834 0.75703125 135306.17734375
