0 0.9 9
10 1 19
20 0.6 25
30 0.4 29
40 0.6 35
50 1.1 46
60 1.1 57
70 1.7 74
80 1.5 89
90 1 99
100 1.8 117
110 0.9 126
120 2.4 150
130 1.3 163
140 2.5 188
150 2 208
160 3 238
170 1.3 251
180 3.7 288
190 4.4 332
200 4 372
210 4.3 415
220 4 455
230 3.6 491
240 3.9 530
250 6.3 593
260 6.1 654
270 7.6 730
280 6.7 797
290 5.4 851
300 8.8 939
310 10.9 1048
320 8.4 1132
330 8.2 1214
340 11 1324
350 9 1414
360 13.9 1553
370 18.4 1737
380 17.9 1916
390 15.7 2073
400 14.4 2217
410 14 2357
420 15.8 2515
430 19.6 2711
440 17.1 2882
450 20.2 3084
460 20 3284
470 19 3474
480 23.4 3708
490 26.6 3974
500 25.4 4228
510 23.5 4463
520 23.1 4694
530 24.1 4935
540 26.5 5200
550 34.8 5548
560 32 5868
570 33.1 6199
580 30.5 6504
590 31 6814
600 34.6 7160
610 40.3 7563
620 37.8 7941
630 37.7 8318
640 36.7 8685
650 35.7 9042
660 42.5 9467
670 41.2 9879
680 41.2 10291
690 35.8 10649
700 36.6 11015
710 39 11405
720 9.6 11501
730 0 11501
740 0 11501
750 0 11501
760 0 11501
770 0 11501
780 0 11501
790 0 11501
800 0 11501
810 0 11501
820 0 11501
830 0 11501
834 0 11501
