0 9 9
10 19 19
20 25 25
30 29 29
40 34 35
50 36 39
60 41 43
70 57 57
80 65 65
90 66 67
100 69 72
110 69 72
120 80 81
130 74 81
140 86 86
150 96 96
160 110 113
170 106 116
180 123 124
190 146 146
200 164 167
210 185 186
220 207 207
230 220 222
240 232 232
250 267 268
260 302 302
270 357 357
280 407 407
290 433 434
300 496 497
310 575 575
320 611 611
330 630 631
340 653 656
350 650 656
360 698 698
370 774 775
380 859 859
390 930 931
400 954 958
410 977 982
420 983 992
430 989 992
440 988 1002
450 1043 1045
460 1087 1095
470 1109 1115
480 1177 1178
490 1272 1272
500 1297 1306
510 1340 1344
520 1370 1371
530 1379 1392
540 1397 1403
550 1494 1499
560 1577 1578
570 1661 1661
580 1720 1720
590 1782 1799
600 1818 1823
610 1907 1908
620 1918 1930
630 1962 1970
640 2007 2007
650 2039 2048
660 2076 2077
670 2117 2121
680 2153 2156
690 2139 2162
700 2116 2162
710 2099 2162
720 1833 2162
730 1435 2162
740 1051 2162
750 688 2162
760 404 2162
770 161 2162
780 48 2162
790 14 2162
800 4 2162
810 1 2162
820 1 2162
830 1 2162
834 0 2162
