0 0.8 8
10 1.6 24
20 3.1 55
30 5.5 110
40 6 170
50 6.5 235
60 8.1 316
70 10 416
80 9.7 513
90 13.5 648
100 14.7 795
110 15.9 954
120 12.1 1075
130 13.4 1209
140 11.8 1327
150 10.4 1431
160 13.7 1568
170 14.7 1715
180 16.3 1878
190 21.1 2089
200 24.1 2330
210 25.7 2587
220 30.4 2891
230 28.6 3177
240 35.1 3528
250 36.5 3893
260 40.6 4299
270 43.6 4735
280 48 5215
290 52.6 5741
300 55.2 6293
310 61.9 6912
320 67 7582
330 73.4 8316
340 83 9146
350 86.3 10009
360 90.8 10917
370 96.3 11880
380 105.2 12932
390 110.5 14037
400 108.8 15125
410 109.8 16223
420 124.3 17466
430 123 18696
440 130.5 20001
450 113.8 21139
460 113.1 22270
470 127.6 23546
480 132.7 24873
490 157.2 26445
500 159.1 28036
510 176.4 29800
520 177.2 31572
530 232.7 33899
540 212 36019
550 213.2 38151
560 211.1 40262
570 198.7 42249
580 203.1 44280
590 217 46450
600 226.4 48714
610 219.3 50907
620 236.4 53271
630 228 55551
640 231.2 57863
650 211.1 59974
660 214.9 62123
670 223 64353
680 233.8 66691
690 223 68921
700 219.4 71115
710 223.6 73351
720 210.5 75456
730 214.2 77598
740 196.2 79560
750 134.1 80901
760 63.5 81536
770 18.7 81723
780 4.2 81765
790 1.5 81780
800 0.6 81786
810 0.1 81787
813 0 81787
