10 0.2 2
20 3.1 33
30 6.5 98
40 11.9 217
50 15.1 368
60 15.2 520
70 16.4 684
80 22 904
90 25.1 1155
100 28.5 1440
110 27.3 1713
120 25.2 1965
130 19 2155
140 17.8 2333
150 19.5 2528
160 27 2798
170 30.7 3105
180 33.1 3436
190 31.7 3753
200 39.4 4147
210 42.3 4570
220 44.7 5017
230 48 5497
240 52.6 6023
250 64.4 6667
260 67.3 7340
270 68.8 8028
280 66.6 8694
290 64.2 9336
300 67.4 10010
310 60.7 10617
320 57.1 11188
330 56.6 11754
340 79.9 12553
350 96.5 13518
360 98.3 14501
370 90.8 15409
380 88.3 16292
390 88 17172
400 79.3 17965
410 71.8 18683
420 68.3 19366
430 72.5 20091
440 64 20731
450 50.4 21235
460 54.6 21781
470 58 22361
480 57.4 22935
490 54.7 23482
500 59.1 24073
510 54.1 24614
520 43.3 25047
530 40.2 25449
540 41.5 25864
550 33.1 26195
560 38.8 26583
570 41.3 26996
581 41.1 27407
590 33.2 27739
600 31.3 28052
610 30.8 28360
620 29.1 28651
630 25.2 28903
640 27.3 29176
650 28 29456
660 33.3 29789
670 25.5 30044
680 27.3 30317
690 23.3 30550
700 22.6 30776
710 23.6 31012
720 29.2 31304
730 30.9 31613
740 25.9 31872
750 22.7 32099
760 21.8 32317
770 20.2 32519
780 28.9 32808
790 32 33128
800 17.8 33306
810 3.9 33345
820 1.2 33357
830 0.8 33365
840 0.7 33372
850 0.7 33379
860 0.4 33383
870 0.3 33386
874 0 33386
