310 5 50
320 16.6 216
330 26.1 477
340 16.8 645
350 13.7 782
360 23.5 1017
370 29.8 1315
380 40.9 1724
390 76.1 2485
400 126.6 3751
410 148.4 5235
420 182.9 7064
430 195.6 9020
440 191.6 10936
450 204.3 12979
460 198.1 14960
470 198.6 16946
480 212.5 19071
490 220.2 21273
500 250.8 23781
510 285.1 26632
520 302.5 29657
530 306.8 32725
540 315.4 35879
550 297.6 38855
560 325.4 42109
570 345.5 45564
581 387.5 49439
590 370.7 53146
600 379.4 56940
610 364.4 60584
620 346.4 64048
630 353.1 67579
640 376.2 71341
650 397.2 75313
660 382.8 79141
670 380.1 82942
680 366.8 86610
690 354.4 90154
700 352.5 93679
710 392.8 97607
720 438.8 101995
730 443.7 106432
740 412.4 110556
750 295.6 113512
760 165.4 115166
770 72.8 115894
780 38.5 116279
790 13.8 116417
800 2.5 116442
810 0.4 116446
820 0 116446
830 0 116446
840 0 116446
850 0 116446
860 0 116446
870 0 116446
874 0 116446
