10 0.3 3
20 1.1 14
30 2.5 39
40 3.9 78
50 4.6 124
60 3.8 162
70 3.6 198
80 4.9 247
90 7.9 326
100 9.1 417
110 9.3 510
120 8.2 592
130 6.9 661
140 4.7 708
150 5.5 763
160 7.4 837
170 8.4 921
180 9 1011
190 9.4 1105
200 12 1225
210 14.3 1368
220 17.3 1541
230 16.6 1707
240 17.6 1883
250 18.4 2067
260 20.3 2270
270 25.4 2524
280 27.5 2799
290 27.5 3074
300 28.7 3361
310 32.2 3683
320 34 4023
330 43.5 4458
340 45.1 4909
350 48.5 5394
360 49.1 5885
370 49.3 6378
380 51.7 6895
390 58.7 7482
400 58.4 8066
410 62 8686
420 75.9 9445
430 67.3 10118
440 64.7 10765
450 61 11375
460 62.2 11997
470 78.4 12781
480 83.8 13619
490 93.8 14557
500 94.8 15505
510 98.9 16494
520 107.1 17565
530 144.4 19009
540 149.1 20500
550 128.2 21782
560 112 22902
570 101.3 23915
580 115.2 25067
590 135.4 26421
600 140.8 27829
610 135.8 29187
620 134.6 30533
630 135.2 31885
640 136.3 33248
650 123.4 34482
660 126.9 35751
670 120.4 36955
680 132.9 38284
690 121.3 39497
700 139.6 40893
710 151.9 42412
720 148.8 43900
730 162.2 45522
740 141 46932
750 81.1 47743
760 29.9 48042
770 7.9 48121
780 2.2 48143
790 0.9 48152
800 0.1 48153
810 0.1 48154
813 0 48154
