400 0.1 1
410 0.5 6
420 1.7 23
430 2.9 52
440 3.9 91
450 4 131
460 4.2 173
470 3.5 208
480 4.2 250
490 4.9 299
500 6 359
510 12.8 487
520 15.1 638
530 27.4 912
540 29.7 1209
550 36.2 1571
560 37.2 1943
570 29.3 2236
580 22.3 2459
590 25.8 2717
600 33.6 3053
610 35 3403
620 39 3793
630 37.2 4165
640 35.5 4520
650 32.1 4841
660 32.6 5167
670 26.8 5435
680 24.3 5678
690 22.8 5906
700 20 6106
710 22.4 6330
720 31.9 6649
730 39.7 7046
740 44.9 7495
750 42.6 7921
760 24.5 8166
770 10.4 8270
780 1.9 8289
790 0.6 8295
800 0 8295
810 0.2 8297
813 0 8297
