310 5.7 57
320 16.2 219
330 15.4 373
340 2.9 402
350 3.7 439
360 15.8 597
370 20.2 799
380 32.2 1121
390 58.7 1708
400 84.7 2555
410 91.9 3474
420 103.9 4513
430 99.2 5505
440 118 6685
450 127.5 7960
460 116.6 9126
470 94.8 10074
480 110.4 11178
490 102 12198
500 108.3 13281
510 129.1 14572
520 159.7 16169
530 149.3 17662
540 151.7 19179
550 153.7 20716
560 154.3 22259
570 164.3 23902
581 172.3 25625
590 181.7 27442
600 187.3 29315
610 178.7 31102
620 153.2 32634
630 188.3 34517
640 144.8 35965
650 160 37565
660 119.7 38762
670 146.9 40231
680 162.5 41856
690 185.6 43712
700 207.2 45784
710 183.1 47615
720 154.5 49160
730 118.7 50347
740 141.8 51765
750 80.6 52571
760 28.8 52859
770 3.8 52897
780 0 52897
790 0 52897
800 0 52897
810 0 52897
820 0 52897
830 0 52897
840 0 52897
850 0 52897
860 0 52897
870 0 52897
874 0 52897
