0 0.7 1.7672857142857143 0.7143875927345471 3.137 1.128 0 0
10 0.8 2.3941250000000003 1.8995601094398145 7.093 1.116 1.7672857142857143 7
20 2.7 1.3280740740740742 0.22143888479265952 7.093 1.018 2.1016 15
30 5.8 3.0066379310344824 9.419412762093991 72.219 0.912 1.6043333333333334 42
40 7.3 1.278191780821918 0.33959281248078477 72.219 0.727 2.4176699999999998 100
50 9.2 1.491163043478261 1.3424846552209755 72.219 0.727 1.9368497109826588 173
60 9.8 1.418397959183673 0.9475457852251128 72.219 0.727 1.782120754716981 265
70 10.1 1.5954257425742568 2.3704366324886754 72.219 0.727 1.6839256198347108 363
80 9.8 4.854091836734693 20.014907747592225 138.572 0.727 1.6646616379310344 464
90 16.7 1.4239221556886226 0.8676721627228887 138.572 0.547 2.2208256227758003 562
100 18.6 1.2337688172043002 0.5723135892183387 138.572 0.547 2.038270233196159 729
110 19.9 1.17080904522613 0.506744693748047 138.572 0.547 1.874732240437158 915
120 18.2 1.3894065934065931 1.3028090022026493 138.572 0.547 1.7489865350089764 1114
130 15.5 1.4146000000000007 1.6618729061300186 138.572 0.547 1.698489969135802 1296
140 12.9 1.3387906976744177 0.6189181693718347 138.572 0.547 1.6681640248104752 1451
150 11.8 1.5939491525423732 1.9043757812098439 138.572 0.547 1.6412721518987337 1580
160 16.6 1.1889819277108433 0.37180955211893935 138.572 0.547 1.637983510011778 1698
170 17.5 1.3229371428571435 1.1863510689952286 138.572 0.547 1.5979973175965663 1864
180 19.7 1.7682639593908631 2.738027679735085 138.572 0.547 1.5743898970083372 2039
190 23.3 2.9527210300429156 14.353415229801081 149.537 0.547 1.591470930232558 2236
200 26.4 1.3791666666666662 1.0139799185647247 149.537 0.547 1.71993236127987 2469
210 29.8 1.3515872483221487 0.8557212355620005 149.537 0.547 1.687015367727771 2733
220 38.4 1.2206666666666701 0.9255400553715771 149.537 0.547 1.6540369515011544 3031
230 37 1.171699999999999 0.7057233163139709 149.537 0.547 1.605306588579795 3415
240 40.2 1.6083830845771145 1.8904857999238889 149.537 0.547 1.5629196829590488 3785
250 41.9 1.403090692124106 1.2589143375136262 149.537 0.547 1.5672846907093383 4187
260 46 1.485923913043479 1.7501742536455664 149.537 0.547 1.5523482414242293 4606
270 53.9 1.3659183673469393 1.4034893253856786 149.537 0.524 1.5463168180023688 5066
280 57.9 1.363283246977548 1.5830604460126263 149.537 0.524 1.5289689562890278 5605
290 63.6 1.4478333333333337 1.547605825083469 149.537 0.524 1.513456015523933 6184
300 65.2 1.4292868098159526 1.451182796284096 149.537 0.524 1.507336363636364 6820
310 72.3 1.6699294605809114 2.932580622195111 149.537 0.521 1.5005258297644541 7472
320 74.7 1.646317269076307 2.5376873342544353 149.537 0.521 1.515471384990848 8195
330 93.8 1.510932835820894 1.708807928352598 149.537 0.516 1.5264020353388505 8942
340 98.2 1.6454368635437873 1.9358695466942673 149.537 0.506 1.5249334008097166 9880
350 106.1 1.6516437323279916 1.9961157529750215 149.537 0.506 1.5358277481126865 10862
360 110.1 1.855954586739328 2.3936903529190836 149.537 0.462 1.546133942799631 11923
370 113.7 2.0744731750219882 2.7401691701963387 149.537 0.449 1.5723250153562653 13024
380 121.7 2.16637797863599 3.028013415722062 149.537 0.449 1.6126429630675798 14161
390 132.5 2.566543396226421 3.5758909665065532 149.537 0.409 1.6564650149564313 15378
400 133.8 2.820857997010462 3.730155644313883 149.537 0.409 1.728658863677184 16703
410 145 5.42977862068966 11.398418903421991 149.537 0.409 1.8096611606895405 18041
420 172.6 3.041219582850514 3.6679598720921365 149.537 0.409 2.0789736801600744 19491
430 173.3 3.0934045008655557 3.9080025850943074 149.537 0.409 2.1572522505538014 21217
440 171.8 2.903128055878923 3.876856883858449 149.537 0.409 2.2279429629629637 22950
450 159.4 2.4901769134253473 2.9642213775671484 149.537 0.409 2.274966150478353 24668
460 170 2.711369411764704 3.1130979272601467 149.537 0.409 2.288028596451147 26262
470 199.6 4.071603707414823 5.163386469210604 149.537 0.409 2.3137663614905946 27962
480 235.5 4.888814437367299 5.49061612040965 149.537 0.409 2.430885105814807 29958
490 263.9 4.753136036377412 4.81132609432841 149.537 0.409 2.6100211679509786 32313
500 277.5 8.354609729729765 18.200211676982452 197.611 0.409 2.771833943694208 34952
510 302.8 6.908773117569357 6.3623224206981215 197.611 0.409 3.182473613062265 37727
520 309.4 6.133350032320625 5.484425067932315 197.611 0.409 3.4593288430867397 40755
530 371.5 24.07772974427991 17.46138121953283 197.611 0.409 3.648008666104132 43849
540 385.8 54.37787325038882 64.87202084924249 310.922 0.409 5.243677949709864 47564
550 373.9 15.663012570205915 10.390404699341737 310.922 0.409 8.930032534712769 51422
560 332.9 8.471733253229157 6.917760771670345 310.922 0.409 9.386416798100106 55161
570 294.3 6.806663948352034 5.98704019845949 310.922 0.409 9.334356932809023 58490
580 334.1 7.584468721939561 6.667204047083152 310.922 0.409 9.21326565526671 61433
590 375.3 11.091757527311488 8.60715938880522 310.922 0.409 9.129253388705342 64774
600 397.9 16.738990701181127 11.253697359000109 310.922 0.409 9.236733331387626 68527
610 386.1 15.180384097384131 9.952495209647324 310.922 0.409 9.648443839130548 72506
620 396.8 14.683035282258071 9.721553262724267 310.922 0.409 9.928130370447963 76367
630 391.5 14.993963473818647 10.890503095213964 310.922 0.409 10.162990178626995 80335
640 385.6 16.410096991701273 11.50109724715056 310.922 0.409 10.387479916913941 84250
650 349.2 17.612606815578427 16.05289620706883 310.922 0.409 10.651062549656093 88106
660 367 14.261848773841928 9.845356818974844 310.922 0.409 10.916458219611776 91598
670 348.6 11.192721744119348 7.646994733290523 310.922 0.409 11.04533237813326 95268
680 347.3 15.807792110567231 12.149020585734519 310.922 0.409 11.050535198574229 98754
690 357.7 13.826017332960573 11.16961782174021 310.922 0.409 11.212155448169264 102227
700 391.2 25.67374463190184 20.540753155912718 310.922 0.409 11.30052435635703 105804
710 401.9 37.320200049763656 19.56400217694954 310.922 0.409 11.813011484195552 109716
720 403.4 58.897129400099026 22.369233937686843 310.922 0.409 12.714346964434865 113735
730 410.2 49.584140663091354 31.33539351903295 310.922 0.409 14.296268729461904 117769
740 364.2 17.330307797913303 13.721643612715091 310.922 0.409 15.484006999204073 121871
750 238.8 4.145452680067007 4.132843054130222 310.922 0.409 15.537580951773919 125513
760 98.5 3.2453868020304517 4.969991464273625 310.922 0.409 15.32488204939758 127901
770 25.9 1.2122316602316603 0.7480575001653379 310.922 0.409 15.232565561814315 128886
780 6.7 5.817358208955223 13.44160909177781 310.922 0.409 15.204447814472104 129145
790 1.9 2.29521052631579 1.85256995262335 310.922 0.409 15.199580348574436 129212
800 0.7 1.351857142857143 0.21749510902312166 310.922 0.409 15.197683102351602 129231
810 0.3 1.4509999999999998 0.2538713585000613 310.922 0.409 15.196933162073075 129238
813 0 0 0 310.922 0.409 15.196614085313483 129241
