0 8 8
10 13 5
20 25 12
30 31 6
40 39 8
50 44 5
60 58 14
70 64 6
80 83 19
90 86 3
100 86 0
110 66 -20
120 64 -2
130 66 2
140 67 1
150 87 20
160 102 15
170 98 -4
180 118 20
190 129 11
200 139 10
210 152 13
220 165 13
230 172 7
240 205 33
250 227 22
260 261 34
270 282 21
280 311 29
290 318 7
300 389 71
310 444 55
320 477 33
330 546 69
340 654 108
350 699 45
360 772 73
370 868 96
380 941 73
390 948 7
400 968 20
410 959 -9
420 931 -28
430 1008 77
440 1020 12
450 991 -29
460 972 -19
470 991 19
480 1026 35
490 1033 7
500 1036 3
510 1064 28
520 1059 -5
530 1086 27
540 1129 43
550 1108 -21
560 1149 41
570 1146 -3
581 1247 101
590 1059 -188
600 1049 -10
610 1108 59
620 1206 98
630 1192 -14
640 1177 -15
650 1101 -76
660 1174 73
670 1082 -92
680 1142 60
690 1251 109
700 1278 27
710 1259 -19
720 1008 -251
730 797 -211
740 708 -89
750 628 -80
760 581 -47
770 449 -132
780 204 -245
790 108 -96
800 31 -77
810 8 -23
820 4 -4
830 4 0
840 4 0
850 2 -2
860 2 0
870 0 -2
874 0 0
