0 0.1 6.311952725592566 0 6.311952725592566 6.311952725592566 0 0
10 0.1 0.5 0.0 6.311952725592566 0.5 6.311952725592566 1
20 0.1 0.7000000000000001 0.0 6.311952725592566 0.5 3.405976362796283 2
30 0.1 2.293120638085743 0.0 6.311952725592566 0.5 2.5039842418641887 3
40 0.1 5.36779324055666 0.0 6.311952725592566 0.5 2.4512683409195772 4
50 0.1 4.378109452736319 0.0 6.311952725592566 0.5 3.034573320846994 5
60 0.1 4.681274900398407 0.0 6.311952725592566 0.5 3.2584960094952145 6
70 0.1 4.780876494023905 0.0 6.311952725592566 0.5 3.461750136767099 7
80 0.1 5.153617443012884 0.0 6.311952725592566 0.5 3.6266409314241996 8
90 0.1 5.31062124248497 0.0 6.311952725592566 0.5 3.7963049882673863 9
100 0.1 8.40751730959446 0.0 8.40751730959446 0.5 3.9477366136891447 10
110 0.1 9.198813056379821 0.0 9.198813056379821 0.5 4.35317122240781 11
120 0.1 8.803165182987142 0.0 9.198813056379821 0.5 4.756974708572144 12
130 0.1 8.217821782178218 0.0 9.198813056379821 0.5 5.06822012968099 13
140 0.1 10.536779324055665 0.0 10.536779324055665 0.5 5.293191676287934 14
150 0.1 5.776892430278884 0.0 10.536779324055665 0.5 5.642764186139116 15
160 0.1 6.349206349206349 0.0 10.536779324055665 0.5 5.651147201397851 16
170 0.1 7.928642220019821 0.0 10.536779324055665 0.5 5.692209504210116 17
180 0.1 8.035714285714286 0.0 10.536779324055665 0.5 5.816455766199544 18
190 0.1 9.55223880597015 0.0 10.536779324055665 0.5 5.933258846174005 19
200 0.1 10.286844708209692 0.0 10.536779324055665 0.5 6.114207844163812 20
210 0.1 12.202380952380953 0.0 12.202380952380953 0.5 6.312904837689806 21
220 0.1 14.060963618485742 0.0 14.060963618485742 0.5 6.580608297448495 22
230 0.1 16.48780487804878 0.0 16.48780487804878 0.5 6.905841137493593 23
240 0.1 16.845180136319378 0.0 16.845180136319378 0.5 7.305089626683393 24
250 0.1 17.025440313111545 0.0 17.025440313111545 0.5 7.686693247068832 25
260 0.1 18.11949069539667 0.0 18.11949069539667 0.5 8.045875826532013 26
270 0.1 20.390243902439025 0.0 20.390243902439025 0.5 8.418972673527001 27
280 0.1 22.52427184466019 0.0 22.52427184466019 0.5 8.846518074559572 28
290 0.1 24.903474903474905 0.0 24.903474903474905 0.5 9.31816475628718 29
300 0.1 25.459825750242015 0.0 25.459825750242015 0.5 9.83767509452677 30
310 0.1 26.89655172413793 0.0 26.89655172413793 0.5 10.34161543825952 31
320 0.1 30.7177033492823 0.0 30.7177033492823 0.5 10.85895719719322 32
330 0.1 31.73996175908222 0.0 31.73996175908222 0.5 11.460737383620163 33
340 0.1 35.061262959472195 0.0 35.061262959472195 0.5 12.057185159369046 34
350 0.1 36.39774859287054 0.0 36.39774859287054 0.5 12.714444525086279 35
360 0.1 37.6425855513308 0.0 37.6425855513308 0.5 13.372314082524731 36
370 0.1 38.67924528301887 0.0 38.67924528301887 0.5 14.028267365465434 37
380 0.1 39.416745061147694 0.0 39.416745061147694 0.5 14.676977310664208 38
390 0.1 40.68117313150425 0.0 40.68117313150425 0.5 15.311330329907374 39
400 0.1 42.57332071901608 0.0 42.57332071901608 0.5 15.945576399947296 40
410 0.1 42.203548085901026 0.0 42.57332071901608 0.5 16.59503357846117 41
420 0.1 44.88636363636363 0.0 44.88636363636363 0.5 17.204760114352595 42
430 0.1 45.31104921077066 0.0 45.31104921077066 0.5 17.84851833579471 43
440 0.1 44.751381215469614 0.0 45.31104921077066 0.5 18.472666764771436 44
450 0.1 45.16129032258064 0.0 45.31104921077066 0.5 19.05663819700917 45
460 0.1 43.622920517560075 0.0 45.31104921077066 0.5 19.624130634521595 46
470 0.1 44.371482176360225 0.0 45.31104921077066 0.5 20.13474318522454 47
480 0.1 45.920303605313094 0.0 45.920303605313094 0.5 20.639675247539866 48
490 0.1 46.59735349716446 0.0 46.59735349716446 0.5 21.15560643851483 49
500 0.1 47.61459307764266 0.0 47.61459307764266 0.5 21.664441379687823 50
510 0.1 47.91464597478176 0.0 47.91464597478176 0.5 22.17326788356929 51
520 0.1 47.79693486590038 0.0 47.91464597478176 0.5 22.668294385323374 52
530 0.1 48.11957569913211 0.0 48.11957569913211 0.5 23.142419677409734 53
540 0.1 49.657198824681686 0.0 49.657198824681686 0.5 23.604959603737925 54
550 0.1 49.852796859666334 0.0 49.852796859666334 0.5 24.078636680482358 55
560 0.1 49.951219512195124 0.0 49.951219512195124 0.5 24.53888954082493 56
570 0.1 49.65312190287413 0.0 49.951219512195124 0.5 24.984719891199845 57
580 0.1 49.65312190287413 0.0 49.951219512195124 0.5 25.410037167263194 58
590 0.1 49.06588003933137 0.0 49.951219512195124 0.5 25.820936908544734 59
600 0.1 49.75466143277723 0.0 49.951219512195124 0.5 26.208352627391182 60
610 0.1 49.85422740524781 0.0 49.951219512195124 0.5 26.59435768977456 61
620 0.1 49.65853658536585 0.0 49.951219512195124 0.5 26.969516878733806 62
630 0.1 49.8545101842871 0.0 49.951219512195124 0.5 27.32966004868035 63
640 0.1 49.71209213051823 0.0 49.951219512195124 0.5 27.681610832049206 64
650 0.1 49.51550387596899 0.0 49.951219512195124 0.5 28.020541313564113 65
660 0.1 49.60552268244576 0.0 49.951219512195124 0.5 28.34622256450964 66
670 0.1 49.70530451866404 0.0 49.951219512195124 0.5 28.66352555134451 67
680 0.1 49.902152641878665 0.0 49.951219512195124 0.5 28.972963477334503 68
690 0.1 49.55925563173359 0.0 49.951219512195124 0.5 29.276285059429345 69
700 0.1 49.557522123893804 0.0 49.951219512195124 0.5 29.566041781890835 70
710 0.1 49.75562072336266 0.0 49.951219512195124 0.5 29.847611927552848 71
720 0.1 49.52561669829222 0.0 49.951219512195124 0.5 30.124112049716878 72
730 0.1 49.67441860465116 0.0 49.951219512195124 0.5 30.389886085998732 73
740 0.1 49.61538461538461 0.0 49.951219512195124 0.5 30.65048787679133 74
750 0.1 49.653808110781405 0.0 49.951219512195124 0.5 30.903353166639246 75
760 0.1 49.85163204747774 0.0 49.951219512195124 0.5 31.15006967906217 76
770 0.1 18.493150684931507 0.0 49.951219512195124 0.5 31.392947112418216 77
780 0.1 4.7713717693836974 0.0 49.951219512195124 0.5 31.227565106937618 78
790 0.1 1.7000000000000002 0.0 49.951219512195124 0.5 30.892676583677442 79
800 0.1 0.5015045135406219 0.0 49.951219512195124 0.5 30.52776812638147 80
810 0.1 0.10010010010010009 0.0 49.951219512195124 0.10010010010010009 30.15707351387726 81
