0 0.1 7.367053000765547 0 7.367053000765547 7.367053000765547 0 0
10 0.1 0.5 0.0 7.367053000765547 0.5 7.367053000765547 1
20 0.1 0.5994005994005994 0.0 7.367053000765547 0.5 3.9335265003827735 2
30 0.1 1.0999999999999999 0.0 7.367053000765547 0.5 2.822151200055382 3
40 0.1 1.9920318725099602 0.0 7.367053000765547 0.5 2.3916134000415363 4
50 0.1 2.002002002002002 0.0 7.367053000765547 0.5 2.311697094535221 5
60 0.1 2.2044088176352705 0.0 7.367053000765547 0.5 2.2600812457796846 6
70 0.1 2.689243027888446 0.0 7.367053000765547 0.5 2.2521280417590543 7
80 0.1 3.2803180914512926 0.0 7.367053000765547 0.5 2.306767415025228 8
90 0.1 3.489531405782652 0.0 7.367053000765547 0.5 2.4149397124059018 9
100 0.1 4.075546719681909 0.0 7.367053000765547 0.5 2.522398881743577 10
110 0.1 4.0241448692152915 0.0 7.367053000765547 0.5 2.6635941397379708 11
120 0.1 2.920443101711984 0.0 7.367053000765547 0.5 2.776973367194414 12
130 0.1 2.9000000000000004 0.0 7.367053000765547 0.5 2.788009500618842 13
140 0.1 5.389221556886228 0.0 7.367053000765547 0.5 2.7960088220032104 14
150 0.1 3.589232303090728 0.0 7.367053000765547 0.5 2.9688896709954116 15
160 0.1 7.263681592039801 0.0 7.367053000765547 0.5 3.007661085501369 16
170 0.1 4.408817635270541 0.0 7.367053000765547 0.5 3.258015232944806 17
180 0.1 6.293706293706294 0.0 7.367053000765547 0.5 3.3219486997406804 18
190 0.1 5.118110236220472 0.0 7.367053000765547 0.5 3.478356994159923 19
200 0.1 5.609284332688588 0.0 7.367053000765547 0.5 3.560344656262951 20
210 0.1 6.809338521400778 0.0 7.367053000765547 0.5 3.657913212283219 21
220 0.1 6.231155778894473 0.0 7.367053000765547 0.5 3.801159817243108 22
230 0.1 7.150050352467272 0.0 7.367053000765547 0.5 3.906811815575776 23
240 0.1 5.917753259779338 0.0 7.367053000765547 0.5 4.041946754612922 24
250 0.1 8.00405268490375 0.0 8.00405268490375 0.5 4.116979014819578 25
260 0.1 8.206686930091186 0.0 8.206686930091186 0.5 4.2664818482843545 26
270 0.1 8.483033932135728 0.0 8.483033932135728 0.5 4.412415369832756 27
280 0.1 10.392156862745098 0.0 10.392156862745098 0.5 4.557794604200719 28
290 0.1 9.415262636273539 0.0 10.392156862745098 0.5 4.758979509667767 29
300 0.1 9.613478691774034 0.0 10.392156862745098 0.5 4.914188947221292 30
310 0.1 10.778443113772456 0.0 10.778443113772456 0.5 5.065778938981058 31
320 0.1 13.786213786213786 0.0 13.786213786213786 0.5 5.244299694443289 32
330 0.1 19.38976377952756 0.0 19.38976377952756 0.5 5.503145576012092 33
340 0.1 22.27626459143969 0.0 22.27626459143969 0.5 5.911575523174312 34
350 0.1 20.70657507360157 0.0 22.27626459143969 0.5 6.379138067981894 35
360 0.1 22.789783889980352 0.0 22.789783889980352 0.5 6.777122429249108 36
370 0.1 28.09204218600192 0.0 28.09204218600192 0.5 7.2098970633229245 37
380 0.1 29.057337220602523 0.0 29.057337220602523 0.5 7.759427198130266 38
390 0.1 32.668566001899336 0.0 32.668566001899336 0.5 8.305527455116733 39
400 0.1 39.285714285714285 0.0 39.285714285714285 0.5 8.9146034187863 40
410 0.1 44.27767354596623 0.0 44.27767354596623 0.5 9.65536222041869 41
420 0.1 43.9622641509434 0.0 44.27767354596623 0.5 10.47970296626506 42
430 0.1 44.17744916820702 0.0 44.27767354596623 0.5 11.258367179862232 43
440 0.1 45.06641366223909 0.0 45.06641366223909 0.5 12.006528134142796 44
450 0.1 45.11278195488722 0.0 45.11278195488722 0.5 12.74119225698938 45
460 0.1 45.1219512195122 0.0 45.1219512195122 0.5 13.444922467813246 46
470 0.1 45.033112582781456 0.0 45.1219512195122 0.5 14.118901802955776 47
480 0.1 45.023696682464454 0.0 45.1219512195122 0.5 14.762947860868811 48
490 0.1 44.710211591536336 0.0 45.1219512195122 0.5 15.380514163350355 49
500 0.1 43.790849673202615 0.0 45.1219512195122 0.5 15.967108111914074 50
510 0.1 46.0 0.0 46.0 0.5 16.51267167193934 51
520 0.1 47.94520547945205 0.0 47.94520547945205 0.5 17.079735678248202 52
530 0.1 47.82187802516941 0.0 47.94520547945205 0.5 17.662103032987897 53
540 0.1 48.21782178217822 0.0 48.21782178217822 0.5 18.22061738469496 54
550 0.1 49.005964214711724 0.0 49.005964214711724 0.5 18.76602110101284 55
560 0.1 48.864758144126355 0.0 49.005964214711724 0.5 19.30602008518603 56
570 0.1 48.46382556987116 0.0 49.005964214711724 0.5 19.824594437097268 57
581 0.1 49.05284147557328 0.0 49.05284147557328 0.5 20.31837428421406 58
590 0.1 49.20792079207921 0.0 49.20792079207921 0.5 20.80539915186422 59
600 0.1 49.25521350546177 0.0 49.25521350546177 0.5 21.27877451253447 60
610 0.1 49.31372549019608 0.0 49.31372549019608 0.5 21.737404659959505 61
620 0.1 49.26108374384236 0.0 49.31372549019608 0.5 22.182184028189127 62
630 0.1 49.36708860759494 0.0 49.36708860759494 0.5 22.612007833199495 63
640 0.1 49.15590863952334 0.0 49.36708860759494 0.5 23.030055970299426 64
650 0.1 49.0234375 0.0 49.36708860759494 0.5 23.431992165210563 65
660 0.1 49.2156862745098 0.0 49.36708860759494 0.5 23.819741336949797 66
670 0.1 49.32170542635659 0.0 49.36708860759494 0.5 24.198785291241737 67
680 0.1 49.36585365853659 0.0 49.36708860759494 0.5 24.568239999111075 68
690 0.1 49.21259842519685 0.0 49.36708860759494 0.5 24.92762570432014 69
700 0.1 49.25373134328358 0.0 49.36708860759494 0.5 25.27455388604695 70
710 0.1 49.047141424272816 0.0 49.36708860759494 0.5 25.612288779810847 71
720 0.1 49.20477137176938 0.0 49.36708860759494 0.5 25.937772844317266 72
730 0.1 49.411764705882355 0.0 49.411764705882355 0.5 26.256498851542638 73
740 0.1 49.05284147557328 0.0 49.411764705882355 0.5 26.569407849574258 74
750 0.1 49.30555555555556 0.0 49.411764705882355 0.5 26.86918696458758 75
760 0.1 49.25074925074925 0.0 49.411764705882355 0.5 27.164402340784523 76
770 0.1 49.096385542168676 0.0 49.411764705882355 0.5 27.45123801493991 77
780 0.1 30.56640625 0.0 49.411764705882355 0.5 27.72873990631464 78
790 0.1 15.520446096654275 0.0 49.411764705882355 0.5 27.764659733449896 79
800 0.1 8.420056764427624 0.0 49.411764705882355 0.5 27.611607062989954 80
810 0.1 2.8913260219341974 0.0 49.411764705882355 0.5 27.374674343254615 81
820 0.1 1.1976047904191618 0.0 49.411764705882355 0.5 27.076096924701925 82
830 0.1 0.8 0.0 49.411764705882355 0.5 26.764307862843097 83
840 0.1 0.30120481927710846 0.0 49.411764705882355 0.30120481927710846 26.455208959714014 84
850 0.1 0.8016032064128256 0.0 49.411764705882355 0.30120481927710846 26.147514793355935 85
860 0.1 5.2 0.0 49.411764705882355 0.30120481927710846 25.852794891182178 86
870 0.1 0.4 0.0 49.411764705882355 0.30120481927710846 25.61540644415709 87
