0 0 0
10 0 0
20 0 0
30 0 0
40 0.1 1
50 0.6 7
60 0.7 14
70 1.1 25
80 0.9 34
90 1 44
100 1.5 59
110 1.9 78
120 1.6 94
130 1.7 111
140 1.8 129
150 0.8 137
160 0.7 144
170 1.9 163
180 1.2 175
190 2.2 197
200 2.1 218
210 1.8 236
220 2.5 261
230 3.3 294
240 2.3 317
250 3.1 348
260 2.5 373
270 3.5 408
280 3.5 443
290 3.6 479
300 2 499
310 3.1 530
320 3.6 566
330 2.9 595
340 3.6 631
350 4.4 675
360 4.6 721
370 5.8 779
380 4.8 827
390 5.5 882
400 7.2 954
410 12.5 1079
420 12.3 1202
430 13.3 1335
440 16.4 1499
450 21.7 1716
460 20 1916
470 17 2086
480 15.1 2237
490 18.6 2423
500 16.7 2590
510 18.2 2772
520 21.4 2986
530 22.3 3209
540 23.5 3444
550 24.9 3693
560 25.2 3945
570 21.6 4161
581 24.1 4402
590 23.5 4637
600 26.4 4901
610 30.2 5203
620 27.7 5480
630 29.6 5776
640 25.6 6032
650 22.1 6253
660 21 6463
670 26.2 6725
680 30.4 7029
690 29.8 7327
700 33 7657
710 25.8 7915
720 22.9 8144
730 22.4 8368
740 26.7 8635
750 31.5 8950
760 27.4 9224
770 27.6 9500
780 27 9770
790 12.9 9899
800 8.4 9983
810 2.4 10007
820 0.4 10011
830 0 10011
840 0 10011
850 0.2 10013
860 0 10013
870 0.2 10015
874 0 10015
