0 0.1 3514.00390625 0 3514.00390625 3514.00390625 0 0
10 0.1 3515.92578125 0.0 3515.92578125 3514.00390625 3514.00390625 1
20 0.1 3513.65625 0.0 3515.92578125 3513.65625 3514.96484375 2
30 0.1 3506.51953125 0.0 3515.92578125 3506.51953125 3514.5286458333335 3
40 0.1 3498.15234375 0.0 3515.92578125 3498.15234375 3512.5263671875 4
50 0.1 3489.32421875 0.0 3515.92578125 3489.32421875 3509.6515625 5
60 0.1 3480.6328125 0.0 3515.92578125 3480.6328125 3506.263671875 6
70 0.1 3478.4453125 0.0 3515.92578125 3478.4453125 3502.602120535714 7
80 0.1 3476.65625 0.0 3515.92578125 3476.65625 3499.58251953125 8
90 0.1 3471.58203125 0.0 3515.92578125 3471.58203125 3497.03515625 9
100 0.1 3464.32421875 0.0 3515.92578125 3464.32421875 3494.48984375 10
110 0.1 3464.6796875 0.0 3515.92578125 3464.32421875 3491.7475142045455 11
120 0.1 3462.7734375 0.0 3515.92578125 3462.7734375 3489.4918619791665 12
130 0.1 3466.15625 0.0 3515.92578125 3462.7734375 3487.4365985576924 13
140 0.1 3462.51171875 0.0 3515.92578125 3462.51171875 3485.916573660714 14
150 0.1 3465.09375 0.0 3515.92578125 3462.51171875 3484.35625 15
160 0.1 3458.28515625 0.0 3515.92578125 3458.28515625 3483.15234375 16
170 0.1 3460.6171875 0.0 3515.92578125 3458.28515625 3481.689568014706 17
180 0.1 3457.859375 0.0 3515.92578125 3457.859375 3480.5188802083335 18
190 0.1 3448.52734375 0.0 3515.92578125 3448.52734375 3479.3262746710525 19
200 0.1 3447.44921875 0.0 3515.92578125 3447.44921875 3477.786328125 20
210 0.1 3435.69140625 0.0 3515.92578125 3435.69140625 3476.3417038690477 21
220 0.1 3426.69921875 0.0 3515.92578125 3426.69921875 3474.493963068182 22
230 0.1 3420.73046875 0.0 3515.92578125 3420.73046875 3472.4159307065215 23
240 0.1 3411.90234375 0.0 3515.92578125 3411.90234375 3470.2623697916665 24
250 0.1 3398.98046875 0.0 3515.92578125 3398.98046875 3467.92796875 25
260 0.1 3381.49609375 0.0 3515.92578125 3381.49609375 3465.276141826923 26
270 0.1 3363.5 0.0 3515.92578125 3363.5 3462.1731770833335 27
280 0.1 3351.8203125 0.0 3515.92578125 3351.8203125 3458.6491350446427 28
290 0.1 3329.99609375 0.0 3515.92578125 3329.99609375 3454.9653825431033 29
300 0.1 3330.97265625 0.0 3515.92578125 3329.99609375 3450.799739583333 30
310 0.1 3296.01953125 0.0 3515.92578125 3296.01953125 3446.9343497983873 31
320 0.1 3279.31640625 0.0 3515.92578125 3279.31640625 3442.21826171875 32
330 0.1 3258.9453125 0.0 3515.92578125 3258.9453125 3437.2818418560605 33
340 0.1 3217.26953125 0.0 3515.92578125 3217.26953125 3432.0366498161766 34
350 0.1 3187.5078125 0.0 3515.92578125 3187.5078125 3425.9004464285713 35
360 0.1 3134.109375 0.0 3515.92578125 3134.109375 3419.2784288194443 36
370 0.1 3113.8125 0.0 3515.92578125 3113.8125 3411.5711570945946 37
380 0.1 3078.83984375 0.0 3515.92578125 3078.83984375 3403.7354029605262 38
390 0.1 3033.1640625 0.0 3515.92578125 3033.1640625 3395.404747596154 39
400 0.1 3032.69140625 0.0 3515.92578125 3032.69140625 3386.34873046875 40
410 0.1 3018.51171875 0.0 3515.92578125 3018.51171875 3377.7229420731705 41
420 0.1 3027.43359375 0.0 3515.92578125 3018.51171875 3369.1702938988096 42
430 0.1 3037.4296875 0.0 3515.92578125 3018.51171875 3361.2229287790697 43
440 0.1 3035.19921875 0.0 3515.92578125 3018.51171875 3353.8639914772725 44
450 0.1 3029.1796875 0.0 3515.92578125 3018.51171875 3346.7825520833335 45
460 0.1 3040.40234375 0.0 3515.92578125 3018.51171875 3339.8781419836955 46
470 0.1 3023.90625 0.0 3515.92578125 3018.51171875 3333.506316489362 47
480 0.1 3026.08984375 0.0 3515.92578125 3018.51171875 3327.0563151041665 48
490 0.1 3025.5234375 0.0 3515.92578125 3018.51171875 3320.914142219388 49
500 0.1 3012.3515625 0.0 3515.92578125 3012.3515625 3315.006328125 50
510 0.1 3013.71484375 0.0 3515.92578125 3012.3515625 3309.0719209558824 51
520 0.1 2996.125 0.0 3515.92578125 2996.125 3303.3919771634614 52
530 0.1 3000.0859375 0.0 3515.92578125 2996.125 3297.594487028302 53
540 0.1 3003.30078125 0.0 3515.92578125 2996.125 3292.0850694444443 54
550 0.1 2990.50390625 0.0 3515.92578125 2990.50390625 3286.834446022727 55
560 0.1 2990.02734375 0.0 3515.92578125 2990.02734375 3281.5428292410716 56
570 0.1 2989.50390625 0.0 3515.92578125 2989.50390625 3276.42852247807 57
581 0.1 2980.6875 0.0 3515.92578125 2980.6875 3271.481546336207 58
590 0.1 2960.54296875 0.0 3515.92578125 2960.54296875 3266.552833686441 59
600 0.1 2984.015625 0.0 3515.92578125 2960.54296875 3261.452669270833 60
610 0.1 2989.82421875 0.0 3515.92578125 2960.54296875 3256.9045210040986 61
620 0.1 2989.0546875 0.0 3515.92578125 2960.54296875 3252.5967741935483 62
630 0.1 2979.20703125 0.0 3515.92578125 2960.54296875 3248.413566468254 63
640 0.1 2972.91796875 0.0 3515.92578125 2960.54296875 3244.2072143554688 64
650 0.1 2976.36328125 0.0 3515.92578125 2960.54296875 3240.033533653846 65
660 0.1 2948.71484375 0.0 3515.92578125 2948.71484375 3236.0385298295455 66
670 0.1 2954.09375 0.0 3515.92578125 2948.71484375 3231.7501166044776 67
680 0.1 2963.890625 0.0 3515.92578125 2948.71484375 3227.666934742647 68
690 0.1 2965.30859375 0.0 3515.92578125 2948.71484375 3223.844089673913 69
700 0.1 2968.72265625 0.0 3515.92578125 2948.71484375 3220.1507254464286 70
710 0.1 2969.91015625 0.0 3515.92578125 2948.71484375 3216.6094850352115 71
720 0.1 2962.046875 0.0 3515.92578125 2948.71484375 3213.1831054687505 72
730 0.1 2982.0078125 0.0 3515.92578125 2948.71484375 3209.742883133562 73
740 0.1 3019.09375 0.0 3515.92578125 2948.71484375 3206.6653821790546 74
750 0.1 3049.75390625 0.0 3515.92578125 2948.71484375 3204.1644270833335 75
760 0.1 3068.59765625 0.0 3515.92578125 2948.71484375 3202.1327097039475 76
770 0.1 3071.0 0.0 3515.92578125 2948.71484375 3200.3984882305194 77
780 0.1 3086.8203125 0.0 3515.92578125 2948.71484375 3198.739533253205 78
790 0.1 3134.3203125 0.0 3515.92578125 2948.71484375 3197.3228342563293 79
800 0.1 3179.58203125 0.0 3515.92578125 2948.71484375 3196.5353027343754 80
810 0.1 3222.58984375 0.0 3515.92578125 2948.71484375 3196.3260030864203 81
820 0.1 3222.08984375 0.0 3515.92578125 2948.71484375 3196.6462938262202 82
830 0.1 3220.71875 0.0 3515.92578125 2948.71484375 3196.9528426204824 83
840 0.1 3221.77734375 0.0 3515.92578125 2948.71484375 3197.2357700892862 84
850 0.1 3225.015625 0.0 3515.92578125 2948.71484375 3197.524494485295 85
860 0.1 3225.6640625 0.0 3515.92578125 2948.71484375 3197.8441587936054 86
870 0.1 3226.68359375 0.0 3515.92578125 2948.71484375 3198.1639278017246 87
