0 0.1 3496.5859375 0 3496.5859375 3496.5859375 0 0
10 0.1 3499.11328125 0.0 3499.11328125 3496.5859375 3496.5859375 1
20 0.1 3497.328125 0.0 3499.11328125 3496.5859375 3497.849609375 2
30 0.1 3493.4765625 0.0 3499.11328125 3493.4765625 3497.67578125 3
40 0.1 3487.66796875 0.0 3499.11328125 3487.66796875 3496.6259765625 4
50 0.1 3481.29296875 0.0 3499.11328125 3481.29296875 3494.834375 5
60 0.1 3479.515625 0.0 3499.11328125 3479.515625 3492.5774739583335 6
70 0.1 3477.734375 0.0 3499.11328125 3477.734375 3490.711495535714 7
80 0.1 3478.3203125 0.0 3499.11328125 3477.734375 3489.08935546875 8
90 0.1 3475.51171875 0.0 3499.11328125 3475.51171875 3487.8927951388887 9
100 0.1 3467.7265625 0.0 3499.11328125 3467.7265625 3486.6546875 10
110 0.1 3464.55859375 0.0 3499.11328125 3464.55859375 3484.9339488636365 11
120 0.1 3462.1640625 0.0 3499.11328125 3462.1640625 3483.2360026041665 12
130 0.1 3463.96484375 0.0 3499.11328125 3462.1640625 3481.6150841346152 13
140 0.1 3462.31640625 0.0 3499.11328125 3462.1640625 3480.3543526785716 14
150 0.1 3461.85546875 0.0 3499.11328125 3461.85546875 3479.151822916667 15
160 0.1 3461.41015625 0.0 3499.11328125 3461.41015625 3478.07080078125 16
170 0.1 3458.87109375 0.0 3499.11328125 3458.87109375 3477.090762867647 17
180 0.1 3459.2734375 0.0 3499.11328125 3458.87109375 3476.078559027778 18
190 0.1 3458.79296875 0.0 3499.11328125 3458.79296875 3475.1940789473683 19
200 0.1 3451.640625 0.0 3499.11328125 3451.640625 3474.3740234375 20
210 0.1 3447.64453125 0.0 3499.11328125 3447.64453125 3473.291480654762 21
220 0.1 3438.4453125 0.0 3499.11328125 3438.4453125 3472.1257102272725 22
230 0.1 3433.2421875 0.0 3499.11328125 3433.2421875 3470.6613451086955 23
240 0.1 3430.55078125 0.0 3499.11328125 3430.55078125 3469.1022135416665 24
250 0.1 3427.671875 0.0 3499.11328125 3427.671875 3467.56015625 25
260 0.1 3411.703125 0.0 3499.11328125 3411.703125 3466.0259915865386 26
270 0.1 3405.25390625 0.0 3499.11328125 3405.25390625 3464.014033564815 27
280 0.1 3397.35546875 0.0 3499.11328125 3397.35546875 3461.915457589286 28
290 0.1 3399.35546875 0.0 3499.11328125 3397.35546875 3459.689251077586 29
300 0.1 3399.06640625 0.0 3499.11328125 3397.35546875 3457.678125 30
310 0.1 3377.7265625 0.0 3499.11328125 3377.7265625 3455.7874243951615 31
320 0.1 3361.03515625 0.0 3499.11328125 3361.03515625 3453.3480224609375 32
330 0.1 3351.5703125 0.0 3499.11328125 3351.5703125 3450.550662878788 33
340 0.1 3331.20703125 0.0 3499.11328125 3331.20703125 3447.639476102941 34
350 0.1 3309.50390625 0.0 3499.11328125 3309.50390625 3444.3128348214286 35
360 0.1 3308.24609375 0.0 3499.11328125 3308.24609375 3440.5681423611113 36
370 0.1 3310.05078125 0.0 3499.11328125 3308.24609375 3436.991870777027 37
380 0.1 3302.69921875 0.0 3499.11328125 3302.69921875 3433.6513157894738 38
390 0.1 3252.43359375 0.0 3499.11328125 3252.43359375 3430.2935697115386 39
400 0.1 3225.7890625 0.0 3499.11328125 3225.7890625 3425.8470703125 40
410 0.1 3192.359375 0.0 3499.11328125 3192.359375 3420.967606707317 41
420 0.1 3172.42578125 0.0 3499.11328125 3172.42578125 3415.5245535714284 42
430 0.1 3161.41796875 0.0 3499.11328125 3161.41796875 3409.87109375 43
440 0.1 3148.390625 0.0 3499.11328125 3148.390625 3404.224431818182 44
450 0.1 3099.796875 0.0 3499.11328125 3099.796875 3398.539236111111 45
460 0.1 3100.9375 0.0 3499.11328125 3099.796875 3392.0448369565215 46
470 0.1 3081.9609375 0.0 3499.11328125 3081.9609375 3385.851063829787 47
480 0.1 3047.5078125 0.0 3499.11328125 3047.5078125 3379.52001953125 48
490 0.1 3030.95703125 0.0 3499.11328125 3030.95703125 3372.7442602040815 49
500 0.1 3018.7890625 0.0 3499.11328125 3018.7890625 3365.908515625 50
510 0.1 3006.203125 0.0 3499.11328125 3006.203125 3359.102251838235 51
520 0.1 2997.7890625 0.0 3499.11328125 2997.7890625 3352.315730168269 52
530 0.1 2985.8203125 0.0 3499.11328125 2985.8203125 3345.626547759434 53
540 0.1 2981.71875 0.0 3499.11328125 2981.71875 3338.963469328704 54
550 0.1 2988.54296875 0.0 3499.11328125 2981.71875 3332.4681107954543 55
560 0.1 2992.40625 0.0 3499.11328125 2981.71875 3326.326590401786 56
570 0.1 3006.2109375 0.0 3499.11328125 2981.71875 3320.4683388157896 57
580 0.1 3006.94921875 0.0 3499.11328125 2981.71875 3315.0501077586205 58
590 0.1 2992.484375 0.0 3499.11328125 2981.71875 3309.8280587923728 59
600 0.1 2998.11328125 0.0 3499.11328125 2981.71875 3304.538997395833 60
610 0.1 3009.07421875 0.0 3499.11328125 2981.71875 3299.515625 61
620 0.1 2997.2421875 0.0 3499.11328125 2981.71875 3294.831086189516 62
630 0.1 2997.08203125 0.0 3499.11328125 2981.71875 3290.107452876984 63
640 0.1 2992.5078125 0.0 3499.11328125 2981.71875 3285.5289306640625 64
650 0.1 2976.85546875 0.0 3499.11328125 2976.85546875 3281.0209134615384 65
660 0.1 2960.48046875 0.0 3499.11328125 2960.48046875 3276.412346117424 66
670 0.1 2936.4765625 0.0 3499.11328125 2936.4765625 3271.6969449626868 67
680 0.1 2885.2578125 0.0 3499.11328125 2885.2578125 3266.7672334558824 68
690 0.1 2840.40234375 0.0 3499.11328125 2840.40234375 3261.2381114130435 69
700 0.1 2823.05078125 0.0 3499.11328125 2823.05078125 3255.226171875 70
710 0.1 2807.30078125 0.0 3499.11328125 2807.30078125 3249.1391945422533 71
720 0.1 2801.484375 0.0 3499.11328125 2801.484375 3243.0025499131943 72
730 0.1 2833.79296875 0.0 3499.11328125 2801.484375 3236.9543557363013 73
740 0.1 2909.97265625 0.0 3499.11328125 2801.484375 3231.506228885135 74
750 0.1 2973.58984375 0.0 3499.11328125 2801.484375 3227.2191145833335 75
760 0.1 3036.1328125 0.0 3499.11328125 2801.484375 3223.8818873355262 76
770 0.1 3104.75390625 0.0 3499.11328125 2801.484375 3221.4435876623374 77
780 0.1 3147.66015625 0.0 3499.11328125 2801.484375 3219.947566105769 78
790 0.1 3173.875 0.0 3499.11328125 2801.484375 3219.032535601266 79
800 0.1 3213.66796875 0.0 3499.11328125 2801.484375 3218.46806640625 80
810 0.1 3213.71875 0.0 3499.11328125 2801.484375 3218.408805941358 81
