0 0.1 0.01171875 0 0.01171875 0.01171875 0 0
10 0.1 0.01171875 0.0 0.01171875 0.01171875 0.01171875 1
20 0.1 0.01171875 0.0 0.01171875 0.01171875 0.01171875 2
30 0.1 0.01171875 0.0 0.01171875 0.01171875 0.01171875 3
40 0.1 0.0 0.0 0.01171875 0.0 0.01171875 4
50 0.1 0.0 0.0 0.01171875 0.0 0.009375 5
60 0.1 0.0 0.0 0.01171875 0.0 0.0078125 6
70 0.1 0.0 0.0 0.01171875 0.0 0.006696428571428571 7
80 0.1 0.0 0.0 0.01171875 0.0 0.005859375 8
90 0.1 0.0703125 0.0 0.0703125 0.0 0.005208333333333333 9
100 0.1 0.05859375 0.0 0.0703125 0.0 0.01171875 10
110 0.1 0.05078125 0.0 0.0703125 0.0 0.015980113636363636 11
120 0.1 0.0390625 0.0 0.0703125 0.0 0.018880208333333332 12
130 0.1 0.0390625 0.0 0.0703125 0.0 0.020432692307692308 13
140 0.1 0.03125 0.0 0.0703125 0.0 0.021763392857142856 14
150 0.1 0.01953125 0.0 0.0703125 0.0 0.022395833333333334 15
160 0.1 0.01953125 0.0 0.0703125 0.0 0.022216796875 16
170 0.1 0.01953125 0.0 0.0703125 0.0 0.022058823529411766 17
180 0.1 0.01171875 0.0 0.0703125 0.0 0.021918402777777776 18
190 0.1 0.08984375 0.0 0.08984375 0.0 0.02138157894736842 19
200 0.1 0.078125 0.0 0.08984375 0.0 0.0248046875 20
210 0.1 0.05859375 0.0 0.08984375 0.0 0.02734375 21
220 0.1 0.05078125 0.0 0.08984375 0.0 0.028764204545454544 22
230 0.1 0.05078125 0.0 0.08984375 0.0 0.029721467391304348 23
240 0.1 0.0390625 0.0 0.08984375 0.0 0.030598958333333332 24
250 0.1 0.03125 0.0 0.08984375 0.0 0.0309375 25
260 0.1 0.03125 0.0 0.08984375 0.0 0.030949519230769232 26
270 0.1 0.1015625 0.0 0.1015625 0.0 0.030960648148148147 27
280 0.1 0.08984375 0.0 0.1015625 0.0 0.033482142857142856 28
290 0.1 0.0703125 0.0 0.1015625 0.0 0.03542564655172414 29
300 0.1 0.05859375 0.0 0.1015625 0.0 0.03658854166666667 30
310 0.1 0.05078125 0.0 0.1015625 0.0 0.037298387096774195 31
320 0.1 0.0390625 0.0 0.1015625 0.0 0.0377197265625 32
330 0.1 0.0390625 0.0 0.1015625 0.0 0.037760416666666664 33
340 0.1 0.03125 0.0 0.1015625 0.0 0.037798713235294115 34
350 0.1 0.26171875 0.0 0.26171875 0.0 0.03761160714285714 35
360 0.1 0.21875 0.0 0.26171875 0.0 0.04383680555555555 36
370 0.1 0.1796875 0.0 0.26171875 0.0 0.048564189189189186 37
380 0.1 0.390625 0.0 0.390625 0.0 0.05201480263157894 38
390 0.1 0.55859375 0.0 0.55859375 0.0 0.060697115384615384 39
400 0.1 0.55078125 0.0 0.55859375 0.0 0.07314453125 40
410 0.1 0.69921875 0.0 0.69921875 0.0 0.08479420731707317 41
420 0.1 0.73828125 0.0 0.73828125 0.0 0.0994233630952381 42
430 0.1 0.94140625 0.0 0.94140625 0.0 0.11428052325581395 43
440 0.1 0.94921875 0.0 0.94921875 0.0 0.13307883522727273 44
450 0.1 0.9609375 0.0 0.9609375 0.0 0.15121527777777777 45
460 0.1 0.9609375 0.0 0.9609375 0.0 0.1688179347826087 46
470 0.1 1.0390625 0.0 1.0390625 0.0 0.1856715425531915 47
480 0.1 0.9609375 0.0 1.0390625 0.0 0.20345052083333334 48
490 0.1 1.26953125 0.0 1.26953125 0.0 0.2189094387755102 49
500 0.1 1.37890625 0.0 1.37890625 0.0 0.239921875 50
510 0.1 1.3984375 0.0 1.3984375 0.0 0.2622549019607843 51
520 0.1 1.33984375 0.0 1.3984375 0.0 0.2841045673076923 52
530 0.1 1.2890625 0.0 1.3984375 0.0 0.3040241745283019 53
540 0.1 1.3984375 0.0 1.3984375 0.0 0.322265625 54
550 0.1 1.26171875 0.0 1.3984375 0.0 0.3418323863636364 55
560 0.1 1.21875 0.0 1.3984375 0.0 0.35825892857142855 56
570 0.1 1.1796875 0.0 1.3984375 0.0 0.37335526315789475 57
581 0.1 1.1484375 0.0 1.3984375 0.0 0.3872575431034483 58
590 0.1 1.12890625 0.0 1.3984375 0.0 0.4001588983050847 59
600 0.1 1.109375 0.0 1.3984375 0.0 0.4123046875 60
610 0.1 1.08984375 0.0 1.3984375 0.0 0.4237320696721312 61
620 0.1 1.0703125 0.0 1.3984375 0.0 0.4344758064516129 62
630 0.1 1.05859375 0.0 1.3984375 0.0 0.4445684523809524 63
640 0.1 1.05078125 0.0 1.3984375 0.0 0.45416259765625 64
650 0.1 1.12109375 0.0 1.3984375 0.0 0.46334134615384615 65
660 0.1 1.1796875 0.0 1.3984375 0.0 0.4733072916666667 66
670 0.1 1.1484375 0.0 1.3984375 0.0 0.48385027985074625 67
680 0.1 1.12890625 0.0 1.3984375 0.0 0.49362362132352944 68
690 0.1 1.109375 0.0 1.3984375 0.0 0.5028306159420289 69
700 0.1 1.08984375 0.0 1.3984375 0.0 0.5114955357142857 70
710 0.1 1.078125 0.0 1.3984375 0.0 0.5196412852112676 71
720 0.1 1.05859375 0.0 1.3984375 0.0 0.5273980034722222 72
730 0.1 1.05078125 0.0 1.3984375 0.0 0.5346746575342466 73
740 0.1 1.0390625 0.0 1.3984375 0.0 0.5416490709459459 74
750 0.1 1.0390625 0.0 1.3984375 0.0 0.54828125 75
760 0.1 1.03125 0.0 1.3984375 0.0 0.5547388980263159 76
770 0.1 1.1796875 0.0 1.3984375 0.0 0.560927353896104 77
780 0.1 1.0703125 0.0 1.3984375 0.0 0.5688601762820514 78
790 0.1 0.91015625 0.0 1.3984375 0.0 0.5752076740506331 79
800 0.1 0.8515625 0.0 1.3984375 0.0 0.5793945312500002 80
810 0.1 0.71875 0.0 1.3984375 0.0 0.5827546296296298 81
820 0.1 0.609375 0.0 1.3984375 0.0 0.5844131097560977 82
830 0.1 0.51171875 0.0 1.3984375 0.0 0.584713855421687 83
840 0.1 0.4296875 0.0 1.3984375 0.0 0.5838448660714288 84
850 0.1 0.37109375 0.0 1.3984375 0.0 0.5820312500000002 85
860 0.1 0.37890625 0.0 1.3984375 0.0 0.5795784883720932 86
870 0.1 0.3203125 0.0 1.3984375 0.0 0.5772719109195404 87
