0 0.1 0.0 0 0.0 0.0 0 0
10 0.1 0.0 0.0 0.0 0.0 0.0 1
20 0.1 0.0 0.0 0.0 0.0 0.0 2
30 0.1 0.0 0.0 0.0 0.0 0.0 3
40 0.1 0.0 0.0 0.0 0.0 0.0 4
50 0.1 0.0 0.0 0.0 0.0 0.0 5
60 0.1 0.0 0.0 0.0 0.0 0.0 6
70 0.1 0.0 0.0 0.0 0.0 0.0 7
80 0.1 0.0 0.0 0.0 0.0 0.0 8
90 0.1 0.0 0.0 0.0 0.0 0.0 9
100 0.1 0.0 0.0 0.0 0.0 0.0 10
110 0.1 0.0 0.0 0.0 0.0 0.0 11
120 0.1 0.0 0.0 0.0 0.0 0.0 12
130 0.1 0.0 0.0 0.0 0.0 0.0 13
140 0.1 0.0 0.0 0.0 0.0 0.0 14
150 0.1 0.0 0.0 0.0 0.0 0.0 15
160 0.1 0.0 0.0 0.0 0.0 0.0 16
170 0.1 0.0 0.0 0.0 0.0 0.0 17
180 0.1 0.0 0.0 0.0 0.0 0.0 18
190 0.1 0.0 0.0 0.0 0.0 0.0 19
200 0.1 0.0 0.0 0.0 0.0 0.0 20
210 0.1 0.16015625 0.0 0.16015625 0.0 0.0 21
220 0.1 0.21875 0.0 0.21875 0.0 0.007279829545454545 22
230 0.1 0.1796875 0.0 0.21875 0.0 0.016474184782608696 23
240 0.1 0.1484375 0.0 0.21875 0.0 0.023274739583333332 24
250 0.1 0.12890625 0.0 0.21875 0.0 0.02828125 25
260 0.1 0.26171875 0.0 0.26171875 0.0 0.032151442307692304 26
270 0.1 0.51953125 0.0 0.51953125 0.0 0.04065393518518518 27
280 0.1 0.66015625 0.0 0.66015625 0.0 0.05775669642857143 28
290 0.1 0.71875 0.0 0.71875 0.0 0.0785290948275862 29
300 0.1 0.98828125 0.0 0.98828125 0.0 0.09986979166666667 30
310 0.1 0.98828125 0.0 0.98828125 0.0 0.12852822580645162 31
320 0.1 0.921875 0.0 0.98828125 0.0 0.1553955078125 32
330 0.1 1.078125 0.0 1.078125 0.0 0.1786221590909091 33
340 0.1 0.921875 0.0 1.078125 0.0 0.205078125 34
350 0.1 0.76953125 0.0 1.078125 0.0 0.2255580357142857 35
360 0.1 0.9609375 0.0 1.078125 0.0 0.2406684027777778 36
370 0.1 0.890625 0.0 1.078125 0.0 0.26013513513513514 37
380 0.1 0.828125 0.0 1.078125 0.0 0.2767269736842105 38
390 0.1 1.01171875 0.0 1.078125 0.0 0.29086538461538464 39
400 0.1 1.08984375 0.0 1.08984375 0.0 0.30888671875 40
410 0.1 1.0 0.0 1.08984375 0.0 0.3279344512195122 41
420 0.1 1.078125 0.0 1.08984375 0.0 0.3439360119047619 42
430 0.1 1.21875 0.0 1.21875 0.0 0.36101017441860467 43
440 0.1 1.1015625 0.0 1.21875 0.0 0.38050426136363635 44
450 0.1 1.1015625 0.0 1.21875 0.0 0.39652777777777776 45
460 0.1 1.30859375 0.0 1.30859375 0.0 0.4118546195652174 46
470 0.1 1.1796875 0.0 1.30859375 0.0 0.4309341755319149 47
480 0.1 1.30859375 0.0 1.30859375 0.0 0.446533203125 48
490 0.1 1.26171875 0.0 1.30859375 0.0 0.4641262755102041 49
500 0.1 1.30078125 0.0 1.30859375 0.0 0.480078125 50
510 0.1 1.328125 0.0 1.328125 0.0 0.4961703431372549 51
520 0.1 1.28125 0.0 1.328125 0.0 0.5121694711538461 52
530 0.1 1.30859375 0.0 1.328125 0.0 0.5266804245283019 53
540 0.1 1.26171875 0.0 1.328125 0.0 0.5411603009259259 54
550 0.1 1.37109375 0.0 1.37109375 0.0 0.5542613636363637 55
560 0.1 1.30859375 0.0 1.37109375 0.0 0.5688476562500001 56
570 0.1 1.33984375 0.0 1.37109375 0.0 0.581825657894737 57
580 0.1 1.44921875 0.0 1.44921875 0.0 0.5948949353448277 58
590 0.1 1.37890625 0.0 1.44921875 0.0 0.6093750000000001 59
600 0.1 1.3203125 0.0 1.44921875 0.0 0.6222005208333334 60
610 0.1 1.26953125 0.0 1.44921875 0.0 0.6336449795081969 61
620 0.1 1.23046875 0.0 1.44921875 0.0 0.6439012096774195 62
630 0.1 1.26953125 0.0 1.44921875 0.0 0.6532118055555557 63
640 0.1 1.23046875 0.0 1.44921875 0.0 0.6628417968750001 64
650 0.1 1.26953125 0.0 1.44921875 0.0 0.6715745192307694 65
660 0.1 1.30078125 0.0 1.44921875 0.0 0.6806344696969698 66
670 0.1 1.26171875 0.0 1.44921875 0.0 0.6898903917910448 67
680 0.1 1.21875 0.0 1.44921875 0.0 0.6982996323529412 68
690 0.1 1.1796875 0.0 1.44921875 0.0 0.7058423913043479 69
700 0.1 1.23828125 0.0 1.44921875 0.0 0.7126116071428572 70
710 0.1 1.19921875 0.0 1.44921875 0.0 0.7200154049295776 71
720 0.1 1.171875 0.0 1.44921875 0.0 0.7266710069444445 72
730 0.1 1.12890625 0.0 1.44921875 0.0 0.732769691780822 73
740 0.1 1.19140625 0.0 1.44921875 0.0 0.7381228885135135 74
750 0.1 1.16015625 0.0 1.44921875 0.0 0.7441666666666666 75
760 0.1 1.12890625 0.0 1.44921875 0.0 0.7496402138157895 76
770 0.1 0.9609375 0.0 1.44921875 0.0 0.7545657467532467 77
780 0.1 0.80859375 0.0 1.44921875 0.0 0.7572115384615384 78
790 0.1 0.69140625 0.0 1.44921875 0.0 0.7578619462025317 79
800 0.1 0.578125 0.0 1.44921875 0.0 0.75703125 80
810 0.1 0.48828125 0.0 1.44921875 0.0 0.7548225308641975 81
