0 0.8 37.193000000000005 73.35999943429661 231.26 7.502 0 0
10 2 30.144000000000005 45.08243587473951 231.26 2.578 37.193000000000005 8
20 5.3 28.58522641509435 42.97302921497389 231.26 1.582 32.15800000000001 28
30 10.3 35.659300970873794 51.82130833574026 231.26 1.452 29.820259259259267 81
40 13.7 24.396211678832117 37.38435683221142 231.26 1.123 33.08885326086958 184
50 16 29.319450000000018 37.85353333917457 231.26 1.123 29.378909657320875 321
60 16.8 23.565750000000023 30.460674121130182 231.26 1.123 29.359130977130985 481
70 18.5 26.324356756756774 36.69904219771249 231.26 1.123 27.859457627118655 649
80 19.9 49.11107035175885 112.88520558084755 1120.475 1.123 27.518937649880108 834
90 29.5 27.48563050847458 39.348187914804036 1120.475 1.078 31.67850629235239 1033
100 33.5 28.088722388059672 42.089677031032956 1120.475 1.078 30.747106927710856 1328
110 36 26.660424999999996 35.99627231240506 1120.475 1.078 30.21159350571257 1663
120 31.8 21.217930817610068 29.17374419939213 1120.475 1.078 29.579650519031144 2023
130 28.2 22.637031914893623 30.841189215781906 1120.475 1.078 28.443799658265696 2341
140 24.1 27.37533195020746 37.791872683077756 1120.475 1.078 27.819511246664124 2623
150 22.3 24.814125560538137 34.42735721187585 1120.475 1.078 27.7821344273743 2864
160 29 30.223227586206885 39.59456224921329 1120.475 1.078 27.567730158730157 3087
170 32.4 22.823160493827167 31.765686506955777 1120.475 1.078 27.795771098608228 3377
180 35.1 35.16304843304842 71.87288837054034 1120.475 1.078 27.36044933801675 3701
190 41.8 33.170112440191446 66.83976330343073 1120.475 1.078 28.036340819348464 4052
200 48.9 32.65920040899798 52.20306060064255 1120.475 1.078 28.51641163310962 4470
210 55.6 33.252334532374064 49.46816368762335 1120.475 1.078 28.92492619479734 4959
220 67 34.75428358208952 55.26409062986966 1120.475 1.076 29.361198005439707 5515
230 66.3 28.18207088989443 42.4919185135455 1120.475 1.029 29.945412611156016 6185
240 72.7 33.70892847317742 51.666600834018375 1120.475 1.029 29.774691880841118 6848
250 77.7 33.90100772200774 50.49520685697701 1120.475 1.029 30.15227471947194 7575
260 83.9 36.56596305125148 52.851856929565734 1120.475 1.029 30.50102538314176 8352
270 98.1 40.86881141692152 70.71718074686679 1120.475 1.029 31.054662931128274 9191
280 105.5 46.75858957345968 73.09109326661684 1120.475 1.029 32.001151297679904 10172
290 112.8 39.38090780141853 60.04177042409672 1120.475 0.938 33.38790620824797 11227
300 118.8 53.23519696969701 87.0204768988905 1120.475 0.938 33.93506167543505 12355
310 130.9 46.460585179526355 71.6822084522343 1120.475 0.938 35.62808100125527 13543
320 139.6 62.18005587392552 96.85798170758457 1120.475 0.938 36.582817600323196 14852
330 165.2 78.32405750605328 141.22453348485266 1546.641 0.938 38.78208794928607 16248
340 179.8 77.33419410456065 147.62353668177957 1827.062 0.938 42.43143620111732 17900
350 189.9 107.84357609268038 164.90120278235636 1827.062 0.938 45.61730069042543 19698
360 200.3 96.20200099850199 146.65016314185505 1827.062 0.938 51.08878733157384 21597
370 204.2 127.22364201762984 185.34101180831487 1827.062 0.938 54.91767576271186 23600
380 218.6 164.1460535224154 237.5123678593668 1827.062 0.938 60.67575949613914 25642
390 234 315.34471196581137 418.9854116753133 2005.907 0.926 68.80376232571511 27828
400 232 504.6722849137935 621.0474462140911 2977.957 0.926 87.92686701140278 30168
410 247.3 849.9809340881519 989.1534249816282 4767.383 0.914 117.68706676311253 32488
420 289.3 781.9032685793312 1034.645342459848 5121.61 0.854 169.4865786161723 34961
430 275 818.107020000001 846.4185229756124 5121.61 0.854 216.2906543826281 37854
440 278.6 1004.6378618090457 956.549469255856 5121.61 0.854 257.05006245690095 40604
450 269.5 1370.0506133580695 1320.3043810606998 5223.669 0.779 305.0514362525929 43390
460 281 1494.3131370106762 1410.6179464595132 5411.323 0.775 367.3314141694695 46085
470 318.4 1429.6377845477375 1381.1026926140357 5411.323 0.775 432.09915404438084 48895
480 357.5 1257.1041793007018 1236.6744754433598 5411.323 0.775 493.0865577872079 52079
490 399.5 1196.464049311642 1147.8836137947058 5411.323 0.775 542.1641262802316 55654
500 409.5 1041.0065995116045 1000.1424880654147 5411.323 0.775 585.98595384667 59649
510 444.2 1006.5171922557396 923.2997993528547 5411.323 0.775 615.2170900163159 63744
520 452.9 1001.9099637889167 944.8358091049264 5411.323 0.775 640.7084673393371 68186
530 560.2 477.16467386647645 629.5079295701634 5411.323 0.775 663.2056354259787 72715
540 548.1 235.48411840904868 294.1244321154011 5411.323 0.775 649.898161101677 78317
550 527.2 96.74472761760263 149.6609415093127 5411.323 0.775 622.7924620635341 83798
560 492.1 54.041612883560205 79.61439660168419 5411.323 0.775 591.6560114516676 89070
570 440.6 56.33828960508397 92.8318889669818 5411.323 0.775 563.5086307944382 93991
580 462.5 55.09865383783772 78.2260123169611 5411.323 0.775 540.7986648068543 98397
590 518.6 70.3743800617047 105.92530196989492 5411.323 0.775 518.9939769660853 103022
600 548.1 99.59454114212772 141.49763201174187 5411.323 0.775 497.4933371839424 108208
610 534 78.10480000000025 106.6386211438812 5411.323 0.775 478.3104496477235 113689
620 554.8 90.8943437274691 141.84840513383983 5411.323 0.775 460.3560169538519 119029
630 545.7 89.01621257100923 122.61590538694477 5411.323 0.775 443.9021501641558 124577
640 546.7 155.94286244741173 254.70397716596042 5411.323 0.775 429.0090255856163 130034
650 494.7 332.83985769153054 495.5035920673085 5411.323 0.775 417.9917436919287 135501
660 516.5 380.7724811229421 533.9776339392234 5411.323 0.775 414.99243875313306 140448
670 502.3 616.5623266971938 705.4607068219027 5411.323 0.775 413.7786317361776 145613
680 526.9 753.5697208198892 746.5303918275301 5411.323 0.775 420.54051136514533 150636
690 517.5 977.035817004831 882.9976812965925 5411.323 0.775 431.79564047977954 155905
700 554.4 965.6325680014404 928.3423058869938 5411.323 0.775 449.3125135460642 161080
710 573.3 1017.4513549624968 927.574876609372 5411.323 0.775 466.49178173012297 166624
720 573.8 827.8331479609636 852.6881605632523 5411.323 0.775 484.8179955383304 172357
730 595 589.8707233613416 687.7098369052047 5411.323 0.775 495.86951829080004 178095
740 550.7 165.40929289994398 325.10014903905187 5411.323 0.775 498.9084879458828 184045
750 372.6 27.921724637681194 37.07725510545497 5411.323 0.775 489.2194312906221 189552
760 171 19.03270350877189 21.147313138122318 5411.323 0.775 480.3265658067654 193278
770 53.1 13.015806026365357 17.62719236969066 5411.323 0.775 476.2811245256118 194988
780 12 28.805583333333338 44.83627924173744 5411.323 0.775 475.02296606467917 195519
790 4.4 13.778568181818184 11.224729305093462 5411.323 0.775 474.74926764091003 195639
800 1.2 14.46 7.9887319602883995 5411.323 0.775 474.6456167832668 195683
810 0.5 6.690599999999999 3.7055096599523254 5411.323 0.775 474.61739824216255 195695
813 0 0 0 5411.323 0.775 474.605443035258 195700
