10 0.1 120 0 120 120 0 0
20 0.1 182.0 0.0 182 120 120.0 1
30 0.1 655.0 0.0 655 120 151.0 2
40 0.1 1199.0 0.0 1199 120 319.0 3
50 0.1 1853.0 0.0 1853 120 539.0 4
60 0.1 2190.0 0.0 2190 120 801.8 5
70 0.1 2240.0 0.0 2240 120 1033.1666666666667 6
80 0.1 2824.0 0.0 2824 120 1205.5714285714287 7
90 0.1 3176.0 0.0 3176 120 1407.875 8
100 0.1 3678.0 0.0 3678 120 1604.3333333333333 9
110 0.1 4053.0 0.0 4053 120 1811.7 10
120 0.1 3673.0 0.0 4053 120 2015.4545454545455 11
130 0.1 3369.0 0.0 4053 120 2153.5833333333335 12
140 0.1 2975.0 0.0 4053 120 2247.076923076923 13
150 0.1 2741.0 0.0 4053 120 2299.0714285714284 14
160 0.1 3634.0 0.0 4053 120 2328.5333333333333 15
170 0.1 4271.0 0.0 4271 120 2410.125 16
180 0.1 4489.0 0.0 4489 120 2519.5882352941176 17
190 0.1 5017.0 0.0 5017 120 2629.0 18
200 0.1 4904.0 0.0 5017 120 2754.684210526316 19
210 0.1 5935.0 0.0 5935 120 2862.15 20
220 0.1 6441.0 0.0 6441 120 3008.4761904761904 21
230 0.1 7104.0 0.0 7104 120 3164.5 22
240 0.1 7087.0 0.0 7104 120 3335.782608695652 23
250 0.1 8975.0 0.0 8975 120 3492.0833333333335 24
260 0.1 10075.0 0.0 10075 120 3711.4 25
270 0.1 10703.0 0.0 10703 120 3956.153846153846 26
280 0.1 10898.0 0.0 10898 120 4206.037037037037 27
290 0.1 10481.0 0.0 10898 120 4445.035714285715 28
300 0.1 9663.0 0.0 10898 120 4653.172413793103 29
310 0.1 10938.0 0.0 10938 120 4820.166666666667 30
320 0.1 10762.0 0.0 10938 120 5017.5161290322585 31
330 0.1 11322.0 0.0 11322 120 5197.03125 32
340 0.1 13008.0 0.0 13008 120 5382.636363636364 33
350 0.1 16210.0 0.0 16210 120 5606.911764705882 34
360 0.1 16949.0 0.0 16949 120 5909.857142857143 35
370 0.1 18935.0 0.0 18935 120 6216.5 36
380 0.1 18417.0 0.0 18935 120 6560.243243243243 37
390 0.1 19767.0 0.0 19767 120 6872.263157894737 38
400 0.1 22102.0 0.0 22102 120 7202.897435897436 39
410 0.1 24995.0 0.0 24995 120 7575.375 40
420 0.1 27196.0 0.0 27196 120 8000.243902439024 41
430 0.1 28776.0 0.0 28776 120 8457.285714285714 42
440 0.1 31060.0 0.0 31060 120 8929.813953488372 43
450 0.1 28473.0 0.0 31060 120 9432.772727272728 44
460 0.1 28428.0 0.0 31060 120 9855.888888888889 45
470 0.1 28461.0 0.0 31060 120 10259.630434782608 46
480 0.1 30186.0 0.0 31060 120 10646.893617021276 47
490 0.1 30668.0 0.0 31060 120 11053.958333333334 48
500 0.1 33792.0 0.0 33792 120 11454.244897959185 49
510 0.1 34593.0 0.0 34593 120 11901.0 50
520 0.1 37583.0 0.0 37583 120 12345.941176470587 51
530 0.1 35993.0 0.0 37583 120 12831.26923076923 52
540 0.1 36727.0 0.0 37583 120 13268.283018867925 53
550 0.1 37448.0 0.0 37583 120 13702.703703703704 54
560 0.1 38015.0 0.0 38015 120 14134.436363636363 55
570 0.1 39558.0 0.0 39558 120 14560.875 56
581 0.1 40643.0 0.0 40643 120 14999.421052631578 57
590 0.1 41935.0 0.0 41935 120 15441.551724137931 58
600 0.1 43067.0 0.0 43067 120 15890.593220338984 59
610 0.1 40872.0 0.0 43067 120 16343.533333333333 60
620 0.1 41149.0 0.0 43067 120 16745.639344262294 61
630 0.1 41715.0 0.0 43067 120 17139.24193548387 62
640 0.1 40711.0 0.0 43067 120 17529.333333333332 63
650 0.1 44272.0 0.0 44272 120 17891.546875 64
660 0.1 42822.0 0.0 44272 120 18297.4 65
670 0.1 44958.0 0.0 44958 120 18668.984848484848 66
680 0.1 44565.0 0.0 44958 120 19061.358208955226 67
690 0.1 42105.0 0.0 44958 120 19436.41176470588 68
700 0.1 39195.0 0.0 44958 120 19764.942028985508 69
710 0.1 41372.0 0.0 44958 120 20042.514285714286 70
720 0.1 44342.0 0.0 44958 120 20342.929577464787 71
730 0.1 48769.0 0.0 48769 120 20676.25 72
740 0.1 46730.0 0.0 48769 120 21061.08219178082 73
750 0.1 37535.0 0.0 48769 120 21407.95945945946 74
760 0.1 26429.0 0.0 48769 120 21622.986666666668 75
770 0.1 16336.0 0.0 48769 120 21686.223684210527 76
780 0.1 10322.0 0.0 48769 120 21616.74025974026 77
790 0.1 8032.0 0.0 48769 120 21471.935897435902 78
800 0.1 5219.0 0.0 48769 120 21301.810126582284 79
810 0.1 3456.0 0.0 48769 120 21100.775000000005 80
820 0.1 2254.0 0.0 48769 120 20882.938271604944 81
830 0.1 2315.0 0.0 48769 120 20655.75609756098 82
840 0.1 1667.0 0.0 48769 120 20434.783132530127 83
850 0.1 2141.0 0.0 48769 120 20211.35714285715 84
860 0.1 2250.0 0.0 48769 120 19998.764705882357 85
870 0.1 924.0 0.0 48769 120 19792.383720930236 86
