10 0.1 131 0 131 131 0 0
20 0.1 266.0 0.0 266 131 131.0 1
30 0.1 750.0 0.0 750 131 198.5 2
40 0.1 1510.0 0.0 1510 131 382.3333333333333 3
50 0.1 1609.0 0.0 1609 131 664.25 4
60 0.1 1755.0 0.0 1755 131 853.2 5
70 0.1 1863.0 0.0 1863 131 1003.5 6
80 0.1 2013.0 0.0 2013 131 1126.2857142857142 7
90 0.1 2418.0 0.0 2418 131 1237.125 8
100 0.1 3381.0 0.0 3381 131 1368.3333333333333 9
110 0.1 3905.0 0.0 3905 131 1569.6 10
120 0.1 3817.0 0.0 3905 131 1781.909090909091 11
130 0.1 3320.0 0.0 3905 131 1951.5 12
140 0.1 3681.0 0.0 3905 131 2056.769230769231 13
150 0.1 2589.0 0.0 3905 131 2172.7857142857147 14
160 0.1 2492.0 0.0 3905 131 2200.5333333333338 15
170 0.1 3454.0 0.0 3905 131 2218.7500000000005 16
180 0.1 3483.0 0.0 3905 131 2291.411764705883 17
190 0.1 4021.0 0.0 4021 131 2357.6111111111113 18
200 0.1 4629.0 0.0 4629 131 2445.157894736842 19
210 0.1 5651.0 0.0 5651 131 2554.35 20
220 0.1 6392.0 0.0 6392 131 2701.809523809524 21
230 0.1 7363.0 0.0 7363 131 2869.5454545454545 22
240 0.1 7908.0 0.0 7908 131 3064.913043478261 23
250 0.1 7828.0 0.0 7908 131 3266.7083333333335 24
260 0.1 8671.0 0.0 8671 131 3449.16 25
270 0.1 9823.0 0.0 9823 131 3650.0 26
280 0.1 10878.0 0.0 10878 131 3878.6296296296296 27
290 0.1 12013.0 0.0 12013 131 4128.607142857143 28
300 0.1 12529.0 0.0 12529 131 4400.482758620689 29
310 0.1 13314.0 0.0 13314 131 4671.433333333333 30
320 0.1 15352.0 0.0 15352 131 4950.225806451613 31
330 0.1 16478.0 0.0 16478 131 5275.28125 32
340 0.1 19042.0 0.0 19042 131 5614.757575757576 33
350 0.1 20411.0 0.0 20411 131 6009.676470588235 34
360 0.1 21665.0 0.0 21665 131 6421.142857142857 35
370 0.1 22269.0 0.0 22269 131 6844.583333333333 36
380 0.1 23493.0 0.0 23493 131 7261.459459459459 37
390 0.1 25120.0 0.0 25120 131 7688.605263157895 38
400 0.1 2.69e4 0.0 26900 131 8135.5641025641025 39
410 0.1 27814.0 0.0 27814 131 8604.675 40
420 0.1 29520.0 0.0 29520 131 9073.19512195122 41
430 0.1 32045.0 0.0 32045 131 9560.02380952381 42
440 0.1 31181.0 0.0 32045 131 10082.93023255814 43
450 0.1 30701.0 0.0 32045 131 10562.431818181818 44
460 0.1 29025.0 0.0 32045 131 11009.955555555556 45
470 0.1 29367.0 0.0 32045 131 11401.58695652174 46
480 0.1 34467.0 0.0 34467 131 11783.829787234043 47
490 0.1 36715.0 0.0 36715 131 12256.395833333334 48
500 0.1 41781.0 0.0 41781 131 12755.551020408164 49
510 0.1 43271.0 0.0 43271 131 13336.06 50
520 0.1 42679.0 0.0 43271 131 13923.019607843138 51
530 0.1 46165.0 0.0 46165 131 14476.01923076923 52
540 0.1 58796.0 0.0 58796 131 15073.924528301886 53
550 0.1 55083.0 0.0 58796 131 15883.592592592593 54
560 0.1 52611.0 0.0 58796 131 16596.30909090909 55
570 0.1 44956.0 0.0 58796 131 17239.42857142857 56
580 0.1 42734.0 0.0 58796 131 17725.684210526313 57
590 0.1 47521.0 0.0 58796 131 18156.862068965518 58
600 0.1 52182.0 0.0 58796 131 18654.5593220339 59
610 0.1 55222.0 0.0 58796 131 19213.35 60
620 0.1 55169.0 0.0 58796 131 19803.655737704918 61
630 0.1 54282.0 0.0 58796 131 20374.064516129034 62
640 0.1 55418.0 0.0 58796 131 20912.285714285714 63
650 0.1 55906.0 0.0 58796 131 21451.4375 64
660 0.1 53633.0 0.0 58796 131 21981.507692307692 65
670 0.1 54063.0 0.0 58796 131 22461.075757575756 66
680 0.1 52729.0 0.0 58796 131 22932.746268656716 67
690 0.1 56230.0 0.0 58796 131 23370.926470588234 68
700 0.1 55426.0 0.0 58796 131 23847.144927536232 69
710 0.1 58261.0 0.0 58796 131 24298.27142857143 70
720 0.1 60796.0 0.0 60796 131 24776.61971830986 71
730 0.1 63330.0 0.0 63330 131 25276.88888888889 72
740 0.1 60256.0 0.0 63330 131 25798.164383561645 73
750 0.1 40462.0 0.0 63330 131 26263.81081081081 74
760 0.1 18989.0 0.0 63330 131 26453.12 75
770 0.1 6290.0 0.0 63330 131 26354.907894736843 76
780 0.1 1524.0 0.0 63330 131 26094.324675324675 77
790 0.1 534.0 0.0 63330 131 25779.32051282051 78
800 0.1 146.0 0.0 63330 131 25459.759493670885 79
810 0.1 37.0 0.0 63330 37 25143.3375 80
