0 0.8 37.193000000000005 73.35999943429661 231.26 7.502 0 0
10 2.7 22.270703703703703 26.822771993097394 231.26 0.438 37.193000000000005 8
20 7.8 19.358692307692305 25.600659922036908 231.26 0.367 25.681514285714286 35
30 16 23.471762500000015 32.37178060720625 231.26 0.341 21.317088495575224 113
40 20.7 15.63282608695653 22.940772255525733 231.26 0.341 22.579901098901107 273
50 25.6 18.25524609375001 24.784195772543875 231.26 0.339 19.58397500000001 480
60 24.7 15.968388663967616 21.223659878217713 231.26 0.333 19.121808423913052 736
70 26 18.677842307692313 25.497078122082826 231.26 0.333 18.32944354018312 983
80 29.8 32.761872483221445 89.1468917695866 1120.475 0.333 18.402318584070805 1243
90 45.9 17.580403050108906 24.884340365144435 1120.475 0.333 21.17918234912395 1541
100 51.8 18.10332046332046 27.765665365115503 1120.475 0.333 20.353262499999996 2000
110 54.7 17.641287020109672 24.623166461307115 1120.475 0.329 19.89040706910246 2518
120 47.3 14.046693446088797 19.605691692601624 1120.475 0.329 19.489014355628054 3065
130 41.4 15.341797101449288 22.100138919982015 1120.475 0.329 18.761423120407002 3538
140 33.9 19.406997050147474 25.81486498610304 1120.475 0.329 18.403193066801613 3952
150 33.3 16.55626426426429 22.559151142685145 1120.475 0.329 18.482496154742478 4291
160 44.8 19.5019285714286 26.314014467940947 1120.475 0.329 18.34377746539792 4624
170 48.7 15.126412731006168 21.158822898541157 1120.475 0.329 18.446074723974764 5072
180 53.3 23.253352720450255 52.0098586565118 1120.475 0.329 18.155253462853036 5559
190 60.8 22.59992269736844 49.75099509771411 1120.475 0.329 18.60129530531845 6092
200 73.4 21.80022479564035 36.009211140319415 1120.475 0.329 18.964155820895527 6700
210 84.5 21.729595266272195 31.75792746344554 1120.475 0.329 19.244176620930865 7434
220 102.8 22.57737743190663 37.44591592121306 1120.475 0.329 19.49785203526997 8279
230 98.7 18.871690982776087 28.7365584762426 1120.475 0.326 19.837999462769968 9307
240 108.4 22.634313653136502 36.081829898191025 1120.475 0.326 19.74534874684283 10294
250 114.7 22.81016477768092 35.178194935953194 1120.475 0.326 20.020584988574445 11378
260 126.1 24.250961934972228 36.14004465489151 1120.475 0.326 20.276045908183637 12525
270 148.8 26.867335349462426 49.386327367398216 1120.475 0.326 20.63962991440592 13786
280 160.6 30.649422166874224 50.78293284975793 1120.475 0.326 21.246335799397677 15274
290 168.4 26.300638954869353 41.8129393713054 1120.475 0.326 22.140965936018965 16880
300 177.2 35.60587471783297 60.512630361761616 1120.475 0.326 22.518303221288523 18564
310 194.9 31.068855823499216 49.578166588844056 1120.475 0.315 23.658703333988992 20336
320 210.5 41.15781472684096 65.66225961774535 1120.475 0.315 24.306779941664804 22285
330 252 51.49754841269827 105.47849368382911 1546.641 0.315 25.761123042230434 24390
340 270.6 51.08636881005182 109.73906169261633 1733.821 0.315 28.171223076923077 26910
350 287.1 71.40202577499142 115.48876153324231 1733.821 0.315 30.26496917206916 29616
360 297.4 64.47611936785441 102.564492855325 1733.821 0.311 33.900407639979086 32487
370 305.4 85.95811558611673 127.27420707433818 1733.821 0.311 36.46469422746114 35461
380 325 111.11713261538473 158.6365498608439 1733.821 0.311 40.38921477346488 38515
390 354 215.27274802259822 263.7233426059327 1733.821 0.311 45.89300342391955 41765
400 351.3 335.1390455451194 401.6005525310047 1859.024 0.311 59.1278405474009 45305
410 377.8 560.7746463737438 674.8511161520148 2798.513 0.311 78.98992754721624 48818
420 438.4 508.6775269160605 716.477870124573 2966.508 0.311 113.59679247471304 52596
430 414.6 562.3101468885654 568.710464984795 2966.508 0.311 143.9940185152688 56980
440 413.1 681.6414028080371 613.59281565661 2966.508 0.311 172.36719307659604 61126
450 401.8 942.3739654056751 895.9489326423559 3031.201 0.311 204.60606033069266 65257
460 419.8 1008.0389168651744 943.3849989898397 3060.14 0.311 247.39713131721422 69275
470 487 921.958457289526 864.0535080571972 3100.008 0.311 290.8576435561365 73473
480 544.5 821.3426134067932 822.1908579253075 3100.008 0.311 330.0884741712726 78343
490 605.8 780.6055485308676 766.3296133269139 3100.008 0.311 362.012840287392 83788
500 618 688.0465218446604 699.8668728126374 3100.008 0.311 390.23707538454687 89846
510 657.2 678.076428332317 674.6003359278276 3100.008 0.311 409.4033676296003 96026
520 679.4 665.4544464233156 679.9519966408543 3100.008 0.311 426.6134434102028 102598
530 848.9 299.21126057250456 405.03403060933573 3100.008 0.311 441.44712205645743 109392
540 836.9 139.66313693392135 192.2021138432013 3100.008 0.311 431.2042480722082 117881
550 780.5 61.91556860986519 105.28525213794663 3100.008 0.311 411.8782476039601 126250
560 710.5 36.22129049964816 58.17157633733833 3100.008 0.311 391.50259052627626 134055
570 645.2 37.423162275263486 67.10122266404296 3100.008 0.311 373.62023265797654 141160
580 698.8 35.49418202633087 55.979102731210034 3100.008 0.311 358.9253332046173 147612
590 790.9 44.560339486660766 74.32608458460268 3100.008 0.311 344.30607780724426 154600
600 830.4 62.58772145953744 100.05222747228115 3100.008 0.311 329.7180301029479 162509
610 801.9 48.49538358897625 74.87553750019705 3100.008 0.311 316.7316058672347 170813
620 827.1 58.18932825534997 101.34658937769017 3100.008 0.311 304.7036339916791 178832
630 814.5 57.19287464702249 88.89409284597961 3100.008 0.311 293.80632169446756 187103
640 822.8 99.9979298736023 176.173349707559 3100.008 0.311 283.93571341063654 195248
650 744.2 219.08572520827727 363.83857932801715 3100.008 0.311 276.4977842055081 203476
660 772.6 255.8426170075071 383.0670880445132 3100.008 0.311 274.4720654756823 210918
670 750.8 419.6450530101228 508.64538278087076 3100.008 0.311 273.81377565814734 218644
680 790.9 494.2064549247722 495.28622277155813 3100.008 0.311 278.65521517828705 226152
690 777.8 656.9410627410643 639.7510236586288 3100.008 0.311 285.93876414695313 234061
700 848 627.5819488207549 647.8479988539386 3100.008 0.311 297.87090031384514 241839
710 886.2 647.2722411419526 635.0739794127569 3100.008 0.311 309.0404467379623 250319
720 873.8 521.4522174410599 587.2456915001717 3100.008 0.311 320.6053768910529 259181
730 911.9 369.28293365500633 487.6743989923363 3100.008 0.311 327.1558630183002 267919
740 813.1 102.70425126060692 215.7256931100106 3100.008 0.311 328.5425202896352 277038
750 522 19.42301762452104 27.96404743534735 3100.008 0.311 322.1032124915399 285169
760 225 14.15444711111108 16.077246475745433 3100.008 0.311 316.6622673551682 290389
770 67.2 10.232434523809538 13.406469471570116 3100.008 0.311 314.33638941152725 292639
780 16.1 21.412888198757766 35.42370363022351 3100.008 0.311 313.6396618503906 293311
790 5.7 10.585964912280705 9.151930577589322 3100.008 0.311 313.47934498691495 293472
800 1.5 11.514733333333334 6.568301195557003 3100.008 0.311 313.420526530598 293529
810 0.6 5.546833333333333 3.9239018598272244 3100.008 0.311 313.4050992457686 293544
813 0 0 0 3100.008 0.311 313.3988067927096 293550
