10 0.1 89 0 89 89 0 0
20 0.1 107.0 0.0 107 89 89.0 1
30 0.1 362.0 0.0 362 89 98.0 2
40 0.1 585.0 0.0 585 89 186.0 3
50 0.1 944.0 0.0 944 89 285.75 4
60 0.1 1089.0 0.0 1089 89 417.4 5
70 0.1 1204.0 0.0 1204 89 529.3333333333334 6
80 0.1 1403.0 0.0 1403 89 625.7142857142857 7
90 0.1 1619.0 0.0 1619 89 722.875 8
100 0.1 1782.0 0.0 1782 89 822.4444444444445 9
110 0.1 2047.0 0.0 2047 89 918.4 10
120 0.1 1756.0 0.0 2047 89 1021.0 11
130 0.1 1733.0 0.0 2047 89 1082.25 12
140 0.1 1535.0 0.0 2047 89 1132.3076923076924 13
150 0.1 1407.0 0.0 2047 89 1161.0714285714287 14
160 0.1 2007.0 0.0 2047 89 1177.4666666666667 15
170 0.1 2052.0 0.0 2052 89 1229.3125 16
180 0.1 2267.0 0.0 2267 89 1277.7058823529412 17
190 0.1 2474.0 0.0 2474 89 1332.6666666666667 18
200 0.1 2445.0 0.0 2474 89 1392.7368421052631 19
210 0.1 2874.0 0.0 2874 89 1445.35 20
220 0.1 3145.0 0.0 3145 89 1513.3809523809523 21
230 0.1 3445.0 0.0 3445 89 1587.5454545454545 22
240 0.1 3578.0 0.0 3578 89 1668.304347826087 23
250 0.1 4629.0 0.0 4629 89 1747.875 24
260 0.1 4944.0 0.0 4944 89 1863.12 25
270 0.1 5125.0 0.0 5125 89 1981.6153846153845 26
280 0.1 5338.0 0.0 5338 89 2098.037037037037 27
290 0.1 5154.0 0.0 5338 89 2213.75 28
300 0.1 4650.0 0.0 5338 89 2315.137931034483 29
310 0.1 5597.0 0.0 5597 89 2392.9666666666667 30
320 0.1 5817.0 0.0 5817 89 2496.3225806451615 31
330 0.1 6454.0 0.0 6454 89 2600.09375 32
340 0.1 7395.0 0.0 7395 89 2716.878787878788 33
350 0.1 8560.0 0.0 8560 89 2854.470588235294 34
360 0.1 8697.0 0.0 8697 89 3017.4857142857145 35
370 0.1 10128.0 0.0 10128 89 3175.25 36
380 0.1 10172.0 0.0 10172 89 3363.162162162162 37
390 0.1 11082.0 0.0 11082 89 3542.342105263158 38
400 0.1 13202.0 0.0 13202 89 3735.6666666666665 39
410 0.1 16057.0 0.0 16057 89 3972.325 40
420 0.1 1.8e4 0.0 18000 89 4267.073170731707 41
430 0.1 19726.0 0.0 19726 89 4594.047619047619 42
440 0.1 20685.0 0.0 20685 89 4945.953488372093 43
450 0.1 20189.0 0.0 20685 89 5303.65909090909 44
460 0.1 20709.0 0.0 20709 89 5634.444444444443 45
470 0.1 20149.0 0.0 20709 89 5962.152173913042 46
480 0.1 20819.0 0.0 20819 89 6263.999999999999 47
490 0.1 21580.0 0.0 21580 89 6567.229166666665 48
500 0.1 22922.0 0.0 22922 89 6873.612244897958 49
510 0.1 24248.0 0.0 24248 89 7194.579999999999 50
520 0.1 26257.0 0.0 26257 89 7528.960784313725 51
530 0.1 26927.0 0.0 26927 89 7889.115384615384 52
540 0.1 27213.0 0.0 27213 89 8248.32075471698 53
550 0.1 27754.0 0.0 27754 89 8599.518518518518 54
560 0.1 28445.0 0.0 28445 89 8947.781818181818 55
570 0.1 28878.0 0.0 28878 89 9295.94642857143 56
581 0.1 29957.0 0.0 29957 89 9639.491228070176 57
590 0.1 31685.0 0.0 31685 89 9989.793103448275 58
600 0.1 33290.0 0.0 33290 89 10357.50847457627 59
610 0.1 32458.0 0.0 33290 89 10739.716666666667 60
620 0.1 31217.0 0.0 33290 89 11095.754098360656 61
630 0.1 31032.0 0.0 33290 89 11420.290322580646 62
640 0.1 31007.0 0.0 33290 89 11731.587301587302 63
650 0.1 33069.0 0.0 33290 89 12032.765625 64
660 0.1 33523.0 0.0 33523 89 12356.4 65
670 0.1 35136.0 0.0 35136 89 12677.10606060606 66
680 0.1 34132.0 0.0 35136 89 13012.313432835821 67
690 0.1 31802.0 0.0 35136 89 13322.89705882353 68
700 0.1 30322.0 0.0 35136 89 13590.710144927536 69
710 0.1 3.13e4 0.0 35136 89 13829.728571428572 70
720 0.1 33918.0 0.0 35136 89 14075.788732394367 71
730 0.1 36764.0 0.0 36764 89 14351.375 72
740 0.1 35034.0 0.0 36764 89 14658.397260273972 73
750 0.1 28471.0 0.0 36764 89 14933.743243243243 74
760 0.1 19648.0 0.0 36764 89 15114.24 75
770 0.1 11677.0 0.0 36764 89 15173.894736842105 76
780 0.1 7354.0 0.0 36764 89 15128.48051948052 77
790 0.1 5044.0 0.0 36764 89 15028.807692307691 78
800 0.1 2870.0 0.0 36764 89 14902.417721518987 79
810 0.1 1137.0 0.0 36764 89 14752.0125 80
820 0.1 724.0 0.0 36764 89 14583.925925925925 81
830 0.1 653.0 0.0 36764 89 14414.90243902439 82
840 0.1 178.0 0.0 36764 89 14249.096385542169 83
850 0.1 676.0 0.0 36764 89 14081.583333333334 84
860 0.1 599.0 0.0 36764 89 13923.870588235293 85
870 0.1 412.0 0.0 36764 89 13768.93023255814 86
