10 0.1 106 0 106 106 0 0
20 0.1 171.0 0.0 171 106 106.0 1
30 0.1 468.0 0.0 468 106 138.5 2
40 0.1 970.0 0.0 970 106 248.33333333333334 3
50 0.1 1045.0 0.0 1045 106 428.75 4
60 0.1 1159.0 0.0 1159 106 552.0 5
70 0.1 1289.0 0.0 1289 106 653.1666666666666 6
80 0.1 1352.0 0.0 1352 106 744.0 7
90 0.1 1602.0 0.0 1602 106 820.0 8
100 0.1 2209.0 0.0 2209 106 906.8888888888889 9
110 0.1 2561.0 0.0 2561 106 1037.1 10
120 0.1 2514.0 0.0 2561 106 1175.6363636363637 11
130 0.1 2279.0 0.0 2561 106 1287.1666666666667 12
140 0.1 2689.0 0.0 2689 106 1363.4615384615386 13
150 0.1 1785.0 0.0 2689 106 1458.142857142857 14
160 0.1 1663.0 0.0 2689 106 1479.9333333333334 15
170 0.1 2279.0 0.0 2689 106 1491.375 16
180 0.1 2351.0 0.0 2689 106 1537.7058823529412 17
190 0.1 2695.0 0.0 2695 106 1582.888888888889 18
200 0.1 3175.0 0.0 3175 106 1641.421052631579 19
210 0.1 3710.0 0.0 3710 106 1718.1 20
220 0.1 4155.0 0.0 4155 106 1812.952380952381 21
230 0.1 4792.0 0.0 4792 106 1919.409090909091 22
240 0.1 5271.0 0.0 5271 106 2044.304347826087 23
250 0.1 5314.0 0.0 5314 106 2178.75 24
260 0.1 5741.0 0.0 5741 106 2304.16 25
270 0.1 6321.0 0.0 6321 106 2436.346153846154 26
280 0.1 7038.0 0.0 7038 106 2580.222222222222 27
290 0.1 7806.0 0.0 7806 106 2739.4285714285716 28
300 0.1 8.2e3 0.0 8200 106 2914.137931034483 29
310 0.1 8727.0 0.0 8727 106 3090.3333333333335 30
320 0.1 9987.0 0.0 9987 106 3272.1612903225805 31
330 0.1 10429.0 0.0 10429 106 3482.0 32
340 0.1 11979.0 0.0 11979 106 3692.5151515151515 33
350 0.1 12837.0 0.0 12837 106 3936.235294117647 34
360 0.1 13530.0 0.0 13530 106 4190.542857142857 35
370 0.1 14088.0 0.0 14088 106 4449.972222222223 36
380 0.1 14359.0 0.0 14359 106 4710.459459459459 37
390 0.1 15622.0 0.0 15622 106 4964.368421052632 38
400 0.1 1.67e4 0.0 16700 106 5237.641025641025 39
410 0.1 16847.0 0.0 16847 106 5524.2 40
420 0.1 18016.0 0.0 18016 106 5800.365853658536 41
430 0.1 19749.0 0.0 19749 106 6091.214285714285 42
440 0.1 19351.0 0.0 19749 106 6408.837209302325 43
450 0.1 19315.0 0.0 19749 106 6702.977272727273 44
460 0.1 18515.0 0.0 19749 106 6983.2444444444445 45
470 0.1 19053.0 0.0 19749 106 7233.934782608696 46
480 0.1 21783.0 0.0 21783 106 7485.404255319149 47
490 0.1 23918.0 0.0 23918 106 7783.270833333333 48
500 0.1 26768.0 0.0 26768 106 8112.551020408163 49
510 0.1 28049.0 0.0 28049 106 8485.66 50
520 0.1 28336.0 0.0 28336 106 8869.254901960785 51
530 0.1 30312.0 0.0 30312 106 9243.615384615387 52
540 0.1 37714.0 0.0 37714 106 9641.1320754717 53
550 0.1 37202.0 0.0 37714 106 10161.000000000002 54
560 0.1 34797.0 0.0 37714 106 10652.654545454547 55
570 0.1 29861.0 0.0 37714 106 11083.803571428574 56
580 0.1 28276.0 0.0 37714 106 11413.22807017544 57
590 0.1 31549.0 0.0 37714 106 11703.96551724138 58
600 0.1 34513.0 0.0 37714 106 12040.322033898306 59
610 0.1 36678.0 0.0 37714 106 12414.866666666669 60
620 0.1 36798.0 0.0 37714 106 12812.622950819674 61
630 0.1 36275.0 0.0 37714 106 13199.483870967744 62
640 0.1 36547.0 0.0 37714 106 13565.761904761906 63
650 0.1 36628.0 0.0 37714 106 13924.843750000002 64
660 0.1 34242.0 0.0 37714 106 14274.123076923079 65
670 0.1 34194.0 0.0 37714 106 14576.666666666668 66
680 0.1 33093.0 0.0 37714 106 14869.462686567165 67
690 0.1 35577.0 0.0 37714 106 15137.455882352942 68
700 0.1 35417.0 0.0 37714 106 15433.68115942029 69
710 0.1 37889.0 0.0 37889 106 15719.157142857142 70
720 0.1 40914.0 0.0 40914 106 16031.408450704226 71
730 0.1 43415.0 0.0 43415 106 16377.0 72
740 0.1 39980.0 0.0 43415 106 16747.383561643837 73
750 0.1 28084.0 0.0 43415 106 17061.33783783784 74
760 0.1 14172.0 0.0 43415 106 17208.30666666667 75
770 0.1 5548.0 0.0 43415 106 17168.355263157897 76
780 0.1 1332.0 0.0 43415 106 17017.441558441562 77
790 0.1 428.0 0.0 43415 106 16816.346153846156 78
800 0.1 148.0 0.0 43415 106 16608.89873417722 79
810 0.1 34.0 0.0 43415 34 16403.137500000004 80
