40 0.2 43778.884999999995 5.958999999997104 43784.844 43772.926 0 0
50 0.7 43590.714285714275 4280.150841489443 50568.697 37081.225 43778.884999999995 2
60 0.8 47721.37475 5769.988016317533 59509.31 37081.225 43632.52999999999 9
70 0.9 47570.64166666667 5021.449589316371 59509.31 37081.225 45556.69223529411 17
80 0.9 50202.33844444444 6723.811656736728 61514.119 37081.225 46253.82857692308 26
90 0.5 51987.738 9446.213472959502 66547.728 37081.225 47269.15968571429 35
100 1 46223.4803 7831.674229968405 66547.728 37081.225 47858.981975 40
110 1.7 46776.20511764705 9979.526857171206 68139.093 33551.166 47531.88164 50
120 2.2 46756.51904545454 5138.907969512645 68139.093 33551.166 47340.14282089552 67
130 1.6 48341.0034375 11617.074166115832 81093.726 33551.166 47195.87626966292 89
140 2 45881.04420000001 8021.807260923424 81093.726 33551.166 47370.371838095234 105
150 1 47151.96950000001 4976.910981975752 81093.726 33551.166 47132.079416 125
160 0.7 50794.321285714286 9255.159026730114 81093.726 33551.166 47133.55275555556 135
170 1.5 44905.099200000004 6211.554043089767 81093.726 33551.166 47314.01317605634 142
180 1 50944.90860000001 7495.6689105336445 81093.726 33551.166 47083.86215923567 157
190 2.1 46779.710999999996 7553.057063703066 81093.726 33311.29 47315.06254491018 167
200 1.6 48250.8389375 9056.274704238993 81093.726 32606.468 47255.26263829787 188
210 2 48056.55605 7724.739837883004 81093.726 32606.468 47333.34705392157 204
220 1.7 45469.06747058823 7094.106131135681 81093.726 32606.468 47397.919285714284 224
230 3.8 45534.71900000002 6844.494571423221 81093.726 32606.468 47261.859199170125 241
240 2.9 47957.96082758618 6480.892403425052 81093.726 32606.468 47026.62146594982 279
250 4.2 48531.93571428571 9008.627021796668 81093.726 32606.468 47114.31250974026 308
260 3 49053.43923333333 9038.072039742528 81093.726 32606.468 47284.42729428571 350
270 3.8 51645.986921052616 14609.544319825445 99799.846 32606.468 47424.08613157895 380
280 4.6 48091.50626086956 9525.654708625132 99799.846 32606.468 47807.89529425837 418
290 4.7 51215.15525531916 12124.430069690838 99799.846 32210.156 47836.01189870689 464
300 5.7 49855.984122807015 8548.72837491858 99799.846 32210.156 48146.813733855175 511
310 5.5 49461.63021818182 8867.779801827282 99799.846 32210.156 48318.33259330985 568
320 5.6 49616.9587857143 11493.732660674423 99799.846 32210.156 48419.265770465485 623
330 5.4 49489.217925925936 10668.842967802702 99799.846 32210.156 48518.04457584683 679
340 8.3 49108.61518072287 9114.873266146116 99799.846 32210.156 48589.590770804905 733
350 7 51093.214557142855 12120.607745200025 99799.846 32210.156 48642.38369485293 816
360 10.2 49028.767382352926 7490.530538190238 99799.846 32210.156 48836.015930022564 886
370 9.4 49714.5301382979 9725.009757109168 99799.846 32210.156 48855.915371457486 988
380 8.9 50586.47951685396 8613.895843496588 99799.846 32210.156 48930.50852125693 1082
390 8.7 52233.21480459767 9460.236391185603 99799.846 32210.156 49056.3679735269 1171
400 7.9 53428.257291139234 8061.883456686383 99799.846 32210.156 49276.0704173291 1258
410 9.6 55088.89397916666 10948.388488450157 124211.702 32210.156 49521.41279805535 1337
420 10.5 57225.44556190476 10040.083055362871 124211.702 32210.156 49894.391300069794 1433
430 11.6 58283.765836206905 8168.170427924554 124211.702 32210.156 50394.88590182055 1538
440 11.9 60041.41498319326 8452.120137642161 124211.702 32210.156 50948.15680411125 1654
450 12.5 64877.237368 10849.444431267166 124211.702 32210.156 51558.47700902425 1773
460 12.7 67403.76688188978 9448.461287986878 124211.702 32210.156 52435.634566912544 1898
470 11.3 71064.80223008852 10140.808357653172 124817.816 32210.156 53374.376692345686 2025
480 11 72583.01131818186 10403.018889272265 124817.816 32210.156 54309.37111973808 2138
490 15.3 73550.3591045752 12050.796364030892 154678.358 32210.156 55203.54390524913 2248
500 16.3 73550.53188957056 10128.305442639865 154678.358 32210.156 56372.66623990006 2401
510 22.9 73849.5253231441 13215.736039323947 154678.358 32210.156 57464.70684087366 2564
520 23.7 71366.64743881852 10871.193348896479 154678.358 32210.156 58808.10943036164 2793
530 27.6 68342.91967391311 12398.980203295561 154678.358 32210.156 59790.41091815183 3030
540 27.7 65676.92038628164 12716.688468959603 154678.358 32210.156 60504.41346400486 3306
550 32.3 60890.11944891642 11141.402096204003 154678.358 32210.156 60904.29747669553 3583
560 35.3 57750.25486968841 12363.853519390444 154678.358 32210.156 60903.12504889916 3906
570 27.5 54644.406123636356 12988.498859083125 154678.358 32210.156 60641.80474524539 4259
580 18.2 52780.49343956042 9808.451269182653 154678.358 32210.156 60278.04545522719 4534
590 18.1 50225.24530386739 12825.397925621162 154678.358 32210.156 59988.69972434268 4716
600 23.4 49678.99116666672 11931.786091364567 154678.358 32210.156 59627.828731876674 4897
610 27.8 49596.825241007195 9154.434894798731 154678.358 32210.156 59174.11055018517 5131
620 29.2 50066.76193835617 9394.510783998616 154678.358 32210.156 58681.87810131264 5409
630 27.7 52666.05035379061 10657.573630077546 154678.358 32210.156 58240.619739694805 5701
640 25.9 51894.668054054055 10088.574877763947 154678.358 32210.156 57982.31332954167 5978
650 22.3 52845.95956502241 11334.651241273166 154678.358 32210.156 57729.51548981884 6237
660 24.5 52043.37908163266 9518.948967278991 154678.358 32210.156 57560.934534520144 6460
670 22 54888.81831363641 10214.582362878215 154678.358 32210.156 57359.323634302775 6705
680 22.2 58127.0936981982 10102.978882848995 154678.358 32210.156 57280.83826671482 6925
690 21.8 60731.89469724771 10256.525526202327 154678.358 32210.156 57307.124639429145 7147
700 20.9 62377.314770334895 11037.569090843554 154678.358 32210.156 57408.49597311611 7365
710 21.7 65113.253092165905 9941.305719405551 154678.358 32210.156 57545.607555981005 7574
720 28 66577.0248928571 11399.903225619699 154678.358 32210.156 57756.38654216405 7791
730 35.9 66164.11109470748 10441.201780437696 154678.358 32210.156 58062.39307644655 8071
740 46.9 65359.89227931776 11038.958300029055 154678.358 32210.156 58407.41285919336 8430
750 43.4 62528.79780184339 11420.607267401152 154678.358 32210.156 58773.826259354995 8899
760 28.4 59304.5226830986 10833.001486462555 154678.358 32210.156 58948.438672238306 9333
770 13.3 64714.58059398497 14312.36553259491 154678.358 32210.156 58958.95420297392 9617
780 2.1 70747.0019047619 8881.874817159473 154678.358 32210.156 59037.46685015386 9750
790 1 78384.58739999999 7759.942867783048 154678.358 32210.156 59062.63318278581 9771
800 0.3 93021.99333333333 13579.85920873169 154678.358 32210.156 59082.38776229425 9781
810 0.1 102268.332 0.0 154678.358 32210.156 59092.79442794359 9784
813 0 0 0 154678.358 32210.156 59097.206848748094 9785
