0 78.15703125 78.15703125
10 178.69453125 256.8515625
20 423.12109375 679.97265625
30 824.77578125 1504.7484375
40 910.4265625 2415.175
50 1151.71484375 3566.88984375
60 1147.61484375 4714.5046875
70 1286.0875 6000.5921875
80 1384.4609375 7385.053125
90 2165.98671875 9551.03984375
100 2336.85 11887.88984375
110 2410.97109375 14298.8609375
120 1892.94140625 16191.80234375
130 1863.49375 18055.29609375
140 1551.50390625 19606.8
150 1517.66796875 21124.46796875
160 2152.621875 23277.08984375
170 2161.8828125 25438.97265625
180 2448.4953125 27887.46796875
190 2901.928125 30789.39609375
200 3505.1453125 34294.54140625
210 3852.20234375 38146.74375
220 4716.04140625 42862.78515625
230 4274.8203125 47137.60546875
240 5014.80390625 52152.409375
250 5244.9296875 57397.3390625
260 5930.6875 63328.0265625
270 6647.35546875 69975.38203125
280 7279.58984375 77254.971875
290 7648.0453125 84903.0171875
300 8115.5765625 93018.59375
310 8920.728125 101939.321875
320 9854.98125 111794.303125
330 11208.64296875 123002.94609375
340 12397.89453125 135400.840625
350 12824.49296875 148225.33359375
360 13230.76875 161456.10234375
370 13996.3 175452.40234375
380 15024.33828125 190476.740625
390 15894.4484375 206371.1890625
400 15910.01640625 222281.20546875
410 16012.634375 238293.83984375
420 18053.740625 256347.58046875
430 17114.7234375 273462.30390625
440 17746.68359375 291208.9875
450 15494.903125 306703.890625
460 15796.69375 322500.584375
470 18213.5171875 340714.1015625
480 18449.46875 359163.5703125
490 20996.0828125 380159.653125
500 20498.7640625 400658.4171875
510 21506.6171875 422165.034375
520 21769.69453125 443934.72890625
530 29401.08359375 473335.8125
540 27686.56015625 501022.37265625
550 27016.89921875 528039.271875
560 24656.38125 552695.653125
570 22614.11953125 575309.77265625
580 24213.33984375 599523.1125
590 26442.68671875 625965.79921875
600 27447.43046875 653413.2296875
610 26715.959375 680129.1890625
620 28064.09296875 708193.28203125
630 27095.18828125 735288.4703125
640 28424.115625 763712.5859375
650 26512.18984375 790224.77578125
660 27453.90546875 817678.68125
670 27817.90625 845496.5875
680 29134.990625 874631.578125
690 27511.8984375 902143.4765625
700 28093.540625 930237.0171875
710 29343.91015625 959580.92734375
720 27899.41640625 987480.34375
730 29563.66484375 1017044.00859375
740 26362.409375 1043406.41796875
750 16541.49140625 1059947.909375
760 6950.0390625 1066897.9484375
770 2065.85234375 1068963.80078125
780 520.5296875 1069484.33046875
790 154.65 1069638.98046875
800 48.03671875 1069687.0171875
810 11.11875 1069698.1359375
813 0 1069698.1359375
