0 1.8234375 1.8234375
10 5.93828125 7.76171875
20 40.24921875 48.0109375
30 78.4875 126.4984375
40 138.3625 264.8609375
50 167.74453125 432.60546875
60 183.340625 615.94609375
70 194.04453125 809.990625
80 257.48203125 1067.47265625
90 290.88515625 1358.3578125
100 329.253125 1687.6109375
110 306.340625 1993.9515625
120 285.5125 2279.4640625
130 227.54296875 2507.00703125
140 213.44765625 2720.4546875
150 233.546875 2954.0015625
160 315.20546875 3269.20703125
170 349.53671875 3618.74375
180 383.9515625 4002.6953125
190 384.2359375 4386.93125
200 460.91171875 4847.84296875
210 486.10390625 5333.946875
220 518.71640625 5852.66328125
230 566.3765625 6419.03984375
240 625.65625 7044.69609375
250 754.2875 7798.98359375
260 794.92734375 8593.9109375
270 816.159375 9410.0703125
280 806.99375 10217.0640625
290 749.7703125 10966.834375
300 795.51953125 11762.35390625
310 808.10859375 12570.4625
320 876.99140625 13447.45390625
330 955.10703125 14402.5609375
340 1090.45 15493.0109375
350 1294.1765625 16787.1875
360 1365.7078125 18152.8953125
370 1448.93125 19601.8265625
380 1479.23828125 21081.06484375
390 1740.16015625 22821.225
400 2041.53359375 24862.75859375
410 2123.55234375 26986.3109375
420 2309.865625 29296.1765625
430 2427.30859375 31723.48515625
440 2439.60546875 34163.090625
450 2391.63828125 36554.72890625
460 2344.49375 38899.22265625
470 2346.33046875 41245.553125
480 2485.15390625 43730.70703125
490 2468.4265625 46199.13359375
500 2760.1703125 48959.30390625
510 2931.459375 51890.76328125
520 3012.00078125 54902.7640625
530 2996.06484375 57898.82890625
540 3133.8984375 61032.72734375
550 2847.58828125 63880.315625
560 3153.765625 67034.08125
570 3298.61015625 70332.69140625
581 3631.60703125 73964.2984375
590 3308.47421875 77272.77265625
600 3391.06328125 80663.8359375
610 3332.1046875 83995.940625
620 3241.63125 87237.571875
630 3286.3859375 90523.9578125
640 3386.8109375 93910.76875
650 3463.9875 97374.75625
660 3422.11953125 100796.87578125
670 3288.55625 104085.43203125
680 3301.2109375 107386.64296875
690 3300.2328125 110686.87578125
700 3324.60234375 114011.478125
710 3444.3390625 117455.8171875
720 3737.37109375 121193.18828125
730 3628.61015625 124821.7984375
740 3461.35234375 128283.15078125
750 2650.91640625 130934.0671875
760 1725.721875 132659.7890625
770 1001.33046875 133661.11953125
780 762.6625 134423.78203125
790 553.890625 134977.67265625
800 264.58125 135242.25390625
810 57.71640625 135299.9703125
820 13.18046875 135313.15078125
830 8.01875 135321.16953125
840 7.50625 135328.67578125
850 8.471875 135337.14765625
860 4.4140625 135341.56171875
870 4.0109375 135345.57265625
874 0 135345.57265625
