0 0.7 7
10 0.7 14
20 0.9 23
30 1.2 35
40 0.9 44
50 0.4 48
60 1.1 59
70 2.2 81
80 1.5 96
90 1.9 115
100 1.6 131
110 1 141
120 0.8 149
130 1.8 167
140 1.7 184
150 1.4 198
160 2.1 219
170 1.8 237
180 2.8 265
190 4.4 309
200 4.5 354
210 3.1 385
220 3.3 418
230 4.4 462
240 4.8 510
250 5.8 568
260 5.5 623
270 5.5 678
280 6.3 741
290 7 811
300 8.1 892
310 10.7 999
320 8.6 1085
330 9.9 1184
340 11.4 1298
350 9.3 1391
360 11.8 1509
370 15.2 1661
380 17 1831
390 17.7 2008
400 16.3 2171
410 13.7 2308
420 17.3 2481
430 18.2 2663
440 20.2 2865
450 19.4 3059
460 19.7 3256
470 18.6 3442
480 21.4 3656
490 22.7 3883
500 23.9 4122
510 23.9 4361
520 23.4 4595
530 15.6 4751
540 14.3 4894
550 24.3 5137
560 30.9 5446
570 29.6 5742
580 28.8 6030
590 25.5 6285
600 24.5 6530
610 29.3 6823
620 30.3 7126
630 28.7 7413
640 27.6 7689
650 30.2 7991
660 31.1 8302
670 37.7 8679
680 31.1 8990
690 32.9 9319
700 25.4 9573
710 15.7 9730
720 5.5 9785
730 0 9785
740 0 9785
750 0 9785
760 0 9785
770 0 9785
780 0 9785
790 0 9785
800 0 9785
810 0 9785
813 0 9785
