0 8 8
10 14 14
20 25 25
30 31 31
40 39 39
50 44 44
60 59 59
70 64 64
80 84 84
90 86 87
100 85 92
110 66 92
120 65 92
130 66 92
140 67 92
150 87 92
160 102 103
170 98 103
180 118 118
190 128 129
200 139 139
210 153 155
220 164 166
230 172 180
240 207 207
250 229 230
260 262 263
270 287 287
280 312 315
290 316 318
300 388 390
310 461 461
320 517 517
330 594 594
340 673 675
350 725 725
360 829 829
370 926 926
380 1038 1038
390 1140 1140
400 1234 1234
410 1253 1258
420 1288 1289
430 1356 1357
440 1383 1386
450 1353 1387
460 1341 1387
470 1368 1387
480 1438 1440
490 1487 1488
500 1540 1540
510 1608 1610
520 1631 1638
530 1640 1646
540 1678 1685
550 1712 1713
560 1749 1757
570 1823 1825
581 1845 1857
590 1792 1857
600 1758 1857
610 1769 1857
620 1840 1857
630 1882 1889
640 1912 1914
650 1898 1932
660 1830 1932
670 1772 1932
680 1811 1932
690 1903 1932
700 1958 1959
710 2046 2046
720 1871 2050
730 1647 2050
740 1380 2050
750 1065 2050
760 791 2050
770 515 2050
780 245 2050
790 116 2050
800 32 2050
810 8 2050
820 4 2050
830 4 2050
840 4 2050
850 2 2050
860 2 2050
870 0 2050
874 0 2050
