0 0.2 2
10 1.4 16
20 3.6 52
30 7.1 123
40 10.9 232
50 14 372
60 16.1 533
70 16.2 695
80 14.2 837
90 16.4 1001
100 18.1 1182
110 20.1 1383
120 18.8 1571
130 22.2 1793
140 19.6 1989
150 23.4 2223
160 25.6 2479
170 27.5 2754
180 29.5 3049
190 31.4 3363
200 33.3 3696
210 38.5 4081
220 46.1 4542
230 46.8 5010
240 51.9 5529
250 55.3 6082
260 59.8 6680
270 63 7310
280 68 7990
290 66.9 8659
300 68.6 9345
310 62.8 9973
320 68.2 10655
330 65.7 11312
340 71.5 12027
350 65.6 12683
360 72.8 13411
370 69.1 14102
380 60.7 14709
390 53.7 15246
400 67.1 15917
410 64 16557
420 63.5 17192
430 60.4 17796
440 55.4 18350
450 59 18940
460 59.1 19531
470 51.7 20048
480 63.9 20687
490 53.7 21224
500 59.6 21820
510 49.9 22319
520 58.7 22906
530 58.8 23494
540 53.2 24026
550 58.7 24613
560 55.8 25171
570 68.4 25855
580 49.9 26354
590 62.8 26982
600 56.9 27551
610 61.1 28162
620 67.2 28834
630 60.4 29438
640 71.3 30151
650 70.9 30860
660 53.6 31396
670 63.4 32030
680 65.6 32686
690 65.8 33344
700 61.7 33961
710 67.6 34637
720 54.8 35185
730 39.8 35583
740 44.3 36026
750 33.8 36364
760 32.6 36690
770 32.9 37019
780 33.8 37357
790 21.9 37576
800 9.1 37667
810 2 37687
816 0.1 37688
