20 1.2 12
30 7.1 83
40 12.5 208
50 16.8 376
60 18.1 557
70 17.4 731
80 16.5 896
90 17.6 1072
100 20 1272
110 23.5 1507
120 23.1 1738
130 22.6 1964
140 22.4 2188
150 24.3 2431
160 30.8 2739
170 30.9 3048
180 33.6 3384
190 33.4 3718
200 34.6 4064
210 39.9 4463
220 52.5 4988
230 55 5538
240 60.8 6146
250 57.8 6724
260 61.4 7338
270 72.7 8065
280 76.8 8833
290 76.9 9602
300 71 10312
310 63.3 10945
320 64.5 11590
330 64.9 12239
340 69.3 12932
350 65.2 13584
360 60.8 14192
370 47.8 14670
380 40.3 15073
390 37.2 15445
400 38.2 15827
410 41.8 16245
420 35.9 16604
430 32.7 16931
440 33.6 17267
450 31.3 17580
460 32.2 17902
470 30.5 18207
480 34.1 18548
490 28.7 18835
500 29.6 19131
510 22.7 19358
520 26.3 19621
530 25.8 19879
540 22.6 20105
550 23.9 20344
560 23.6 20580
570 24.7 20827
580 19.9 21026
590 19.7 21223
600 17.2 21395
610 14.2 21537
620 15.7 21694
630 15.2 21846
640 18.1 22027
650 17.4 22201
660 13.8 22339
670 13.2 22471
680 11.5 22586
690 13.2 22718
700 13.4 22852
710 15.6 23008
720 17 23178
730 16.6 23344
740 15.5 23499
750 13.4 23633
760 17 23803
770 21.9 24022
780 34.9 24371
790 25.9 24630
800 10.5 24735
810 2.3 24758
816 0.2 24760
