310 2.2 22
320 7.7 99
330 24.2 341
340 43 771
350 73.4 1505
360 93.7 2442
370 104.2 3484
380 115.2 4636
390 131 5946
400 167.2 7618
410 182 9438
420 208.1 11519
430 222.1 13740
440 229.8 16038
450 216.5 18203
460 217.3 20376
470 219.5 22571
480 233.4 24905
490 238.8 27293
500 286.1 30154
510 278.8 32942
520 304.7 35989
530 310.5 39094
540 314.6 42240
550 309.9 45339
560 322.5 48564
570 418.6 52750
580 398.6 56736
590 449.3 61229
600 435.6 65585
610 419.8 69783
620 429 74073
630 453.9 78612
640 532.3 83935
650 573.7 89672
660 529.7 94969
670 491.5 99884
680 469.6 104580
690 455.4 109134
700 454.6 113680
710 518.9 118869
720 579 124659
730 551 130169
740 450.1 134670
750 280 137470
760 148 138950
770 49.5 139445
780 19.9 139644
790 2.5 139669
800 0.1 139670
810 0 139670
816 0 139670
