320 2.1 21
330 7.2 93
340 8.8 181
350 17 351
360 19.9 550
370 22.2 772
380 22.1 993
390 25.7 1250
400 30.3 1553
410 34.8 1901
420 39.1 2292
430 32 2612
440 33.2 2944
450 32.7 3271
460 40.3 3674
470 31 3984
480 37.4 4358
490 35.2 4710
500 38.2 5092
510 33.1 5423
520 40.8 5831
530 40 6231
540 38.3 6614
550 36.4 6978
560 37.9 7357
570 45.2 7809
580 39.4 8203
590 48.3 8686
600 48.2 9168
610 45.1 9619
620 46.1 10080
630 47.6 10556
640 57.6 11132
650 59.6 11728
660 51.3 12241
670 55.7 12798
680 52.7 13325
690 47.7 13802
700 50.5 14307
710 54.1 14848
720 54.9 15397
730 52.7 15924
740 54.5 16469
750 42.9 16898
760 47.6 17374
770 30.1 17675
780 16.4 17839
790 4.5 17884
800 0.4 17888
810 0 17888
816 0 17888
