350 0.6 6
360 0.8 14
370 2.3 37
380 2.6 63
390 2.7 90
400 2.8 118
410 5.7 175
420 8 255
430 6 315
440 6.8 383
450 8 463
460 8.6 549
470 8 629
480 8.6 715
490 8.4 799
500 7.5 874
510 7.3 947
520 9.4 1041
530 10 1141
540 9.5 1236
550 11 1346
560 9.4 1440
570 10.9 1549
580 8.6 1635
590 11.5 1750
600 14.9 1899
610 15.2 2051
620 14.7 2198
630 12.8 2326
640 14.1 2467
650 16.2 2629
660 17.7 2806
670 18.4 2990
680 20 3190
690 15.1 3341
700 13.8 3479
710 13.1 3610
720 16.5 3775
730 16.8 3943
740 18.9 4132
750 20.5 4337
760 23.4 4571
770 21.5 4786
780 14.2 4928
790 4.2 4970
800 0.4 4974
810 0 4974
816 0 4974
