310 3.8 38
320 5.2 90
330 19.8 288
340 30.1 589
350 51.8 1107
360 59.6 1703
370 77.7 2480
380 90.7 3387
390 98 4367
400 103.1 5398
410 126.5 6663
420 138.9 8052
430 158.6 9638
440 170.6 11344
450 157.9 12923
460 152.7 14450
470 167.4 16124
480 169 17814
490 177.6 19590
500 210.1 21691
510 215.1 23842
520 220.6 26048
530 227.5 28323
540 237.8 30701
550 254.5 33246
560 259.3 35839
570 322.4 39063
580 297.8 42041
590 337.3 45414
600 336.8 48782
610 341.9 52201
620 348.4 55685
630 347.4 59159
640 383.9 62998
650 412.6 67124
660 401.4 71138
670 379.9 74937
680 389.3 78830
690 374.7 82577
700 335.6 85933
710 382.4 89757
720 429.5 94052
730 403.7 98089
740 305.8 101147
750 198.4 103131
760 91.7 104048
770 13.2 104180
780 0 104180
790 0 104180
800 0 104180
810 0 104180
816 0 104180
