0 0.2 11.2405 9.7085 20.949 1.532 0 0
10 1.1 1.9730909090909088 1.1059700353121076 20.949 1.506 11.2405 2
20 1.5 1.6185999999999998 0.07341734581600366 20.949 1.473 3.398846153846154 13
30 0.7 1.5879999999999999 0.048364686054422505 20.949 1.473 2.4451428571428573 28
40 1.4 2.031785714285714 1.9218157031668714 20.949 1.275 2.2737142857142856 35
50 0.5 1.6354 0.1575139358913997 20.949 1.275 2.2045918367346937 49
60 1.4 2.2020000000000004 2.337845345001003 20.949 1.275 2.1518888888888887 54
70 1.5 1.8650666666666667 1.047756044548963 20.949 1.275 2.162205882352941 68
80 1.3 4.590307692307693 8.471733301756771 32.947 1.196 2.1085060240963855 83
90 1.1 2.0905454545454547 1.2679791626934542 32.947 1.196 2.4445833333333336 96
100 1.6 1.523125 0.11660717977466054 32.947 1.196 2.40818691588785 107
110 1.5 1.5625333333333336 0.12219267117502952 32.947 1.196 2.2930569105691054 123
120 1.4 3.074785714285714 5.741970930644577 32.947 1.162 2.2136521739130433 138
130 2.6 1.4585384615384613 0.11856197041379812 32.947 1.162 2.2929671052631577 152
140 1.3 1.5013846153846155 0.095632741787398 32.947 1.162 2.1710842696629213 178
150 2 1.5637 0.15795350581737655 32.947 1.162 2.125502617801047 191
160 2.3 1.5126521739130436 0.29194514206188626 32.947 1.162 2.072251184834123 211
170 1.9 1.4979473684210527 0.12704639587017458 32.947 1.162 2.017247863247863 234
180 1.9 2.7231052631578954 5.014354677426093 32.947 1.162 1.9782490118577076 253
190 3.8 1.603578947368421 0.6432130952278383 32.947 1.162 2.030279411764706 272
200 4.3 1.5820232558139535 0.5759374759497364 32.947 1.162 1.9779741935483874 310
210 4.8 2.361583333333334 2.3881549785114218 32.947 1.162 1.9297422096317285 353
220 2.7 1.6338148148148148 0.5618214450132867 32.947 1.162 1.9814339152119704 401
230 3.3 1.6034242424242429 0.4513660766715645 32.947 1.162 1.9595046728971965 428
240 3.7 2.425918918918919 4.032121220147827 32.947 1.162 1.934015184381779 461
250 6.2 1.6783064516129034 0.5790849174095971 32.947 1.162 1.9705622489959842 498
260 7 1.6082142857142854 0.9784059031018211 32.947 1.162 1.9382053571428575 560
270 5 1.6551599999999995 0.7346465914982524 32.947 1.15 1.9015396825396829 630
280 6.6 1.6545606060606057 1.030613411470403 32.947 1.15 1.8834235294117652 680
290 5.9 1.6297796610169493 1.0270128160505536 32.947 1.15 1.8631756032171587 746
300 7.6 1.8901973684210527 2.5579989970561847 32.947 1.15 1.8460695652173915 805
310 10.5 1.532209523809523 0.5873497002514667 32.947 1.117 1.8498762769580026 881
320 17.1 1.5095964912280693 0.5004781640953245 32.947 1.117 1.8160476673427992 986
330 29.9 2.2770200668896323 1.9803826138542473 32.947 1.117 1.7707554019014695 1157
340 48.9 2.5649386503067504 2.2986486161327258 32.947 0.948 1.8747204670329671 1456
350 77.5 1.8177135483870976 1.75109538378318 32.947 0.867 2.048250899742931 1945
360 103.1 1.6893617846750721 1.483130782368317 32.947 0.867 1.9825647058823537 2720
370 119.4 1.809914572864322 1.7716528119723511 32.947 0.867 1.901974940015996 3751
380 130.2 1.9471666666666676 1.9722164901188137 32.947 0.867 1.8797464105156727 4945
390 139.6 3.872703438395418 6.884254357666366 62.569 0.861 1.8937981431086925 6247
400 178.2 2.4318630751964085 2.895700680544818 62.569 0.852 2.255246761742772 7643
410 195.9 2.452592649310872 2.6521903201120454 62.569 0.849 2.2886398938992047 9425
420 221 2.8268886877828074 3.071828616058051 62.569 0.849 2.316853478566409 11384
430 237.4 3.2574208087615855 3.6967126218229955 62.569 0.849 2.399770781227012 13594
440 248 6.0001758064516135 11.160997007568952 86.082 0.849 2.5272796217434874 15968
450 235.3 3.003923926901825 3.201230333058933 86.082 0.849 2.994147712489159 18448
460 238.2 7.10487741393787 27.73066939506371 271.835 0.849 2.9952535935772318 20801
470 234.9 12.946584929757341 48.05367288807584 385.957 0.849 3.417508001552862 23183
480 255.8 3.3888174354964815 3.6355591751376344 385.957 0.849 4.294203979320069 25532
490 254.1 3.632158205430938 3.858105836389938 385.957 0.849 4.211755464578142 28090
500 304.7 7.565060715457815 16.99992113665145 385.957 0.849 4.163674871861841 30631
510 298.1 6.886216034887624 12.129376611067908 385.957 0.849 4.4714135340578425 33678
520 327.9 6.733784080512344 19.811484599533433 385.957 0.849 4.667778035407403 36659
530 329 3.9924747720364837 4.15947510798942 385.957 0.824 4.837401797786569 39938
540 342 3.7535102339181226 3.8991415495695327 385.957 0.824 4.773096025724068 43228
550 342.1 3.8851905875475032 3.822123555571358 385.957 0.824 4.698345052306637 46648
560 345.7 4.518002892681526 4.618814612186181 385.957 0.824 4.642785695739879 50069
570 445 9.189848089887638 21.056969396107522 385.957 0.824 4.634726544109405 53526
580 415.5 16.700202406738956 30.195630975974847 385.957 0.824 4.984358993376571 57976
590 479.7 5.716347508859716 4.63068492639869 385.957 0.824 5.767854018123005 62131
600 472 5.648538135593203 4.9628562325526095 385.957 0.824 5.764162338632568 66928
610 459.6 5.680334421235854 5.736332392707435 385.957 0.824 5.756545290866464 71648
620 466.8 5.350445801199664 4.7557265559350625 385.957 0.824 5.751951287970207 76244
630 479 15.706778914405064 28.147008039809194 385.957 0.824 5.728787509887291 80912
640 549.2 23.967210670065523 34.268949896060974 385.957 0.824 6.286470864157205 85702
650 602.7 12.466358885017423 7.096934648527068 385.957 0.824 7.351262659824118 91194
660 557.9 62.066793869868995 84.36616191023629 452.963 0.824 7.668361691404127 97221
670 540.1 25.10395389742636 42.36747497403101 452.963 0.824 10.620587889105055 102800
680 528.6 13.192387249337871 27.00254263073831 452.963 0.824 11.34354479163778 108201
690 496.2 17.02005360741638 34.12904181806949 452.963 0.824 11.42966021658868 113487
700 469.7 26.442930168192408 40.321808357203416 452.963 0.824 11.663849884760525 118449
710 541.2 27.32320861049521 45.95261258176009 452.963 0.824 12.227549396651124 123146
720 604 11.90927086092714 7.28527423341802 452.963 0.824 12.86304238553804 128558
730 559.4 19.62794261708981 33.348292463949285 452.963 0.824 12.820242492459021 134598
740 472.5 13.681757883597918 42.18482042261482 452.963 0.824 13.091886198927183 140192
750 310 15.720935483871006 28.786792821603125 452.963 0.824 13.11111888874321 144917
760 175.2 3.0423921232876756 3.296361168120292 452.963 0.824 13.165777687698034 148017
770 60 2.540713333333336 6.646206180808884 452.963 0.824 13.047354172091687 149769
780 24.8 1.5912338709677418 1.3049351306882537 452.963 0.824 13.005430740378669 150369
790 3.9 2.064205128205128 3.7190322092322674 452.963 0.824 12.986636574888625 150617
800 0.2 1.533 0.10299999999999998 452.963 0.824 12.983809108166948 150656
810 0 0 0 452.963 0.824 12.983657097532157 150658
816 0 0 0 452.963 0.824 12.983657097532157 150658
