0 2 2
10 13 11
20 28 15
30 35 7
40 49 14
50 51 2
60 54 3
70 57 3
80 56 -1
90 57 1
100 64 7
110 69 5
120 71 2
130 78 7
140 77 -1
150 87 10
160 93 6
170 96 3
180 99 3
190 114 15
200 137 23
210 165 28
220 171 6
230 181 10
240 187 6
250 210 23
260 239 29
270 248 9
280 292 44
290 315 23
300 344 29
310 391 47
320 461 70
330 477 16
340 502 25
350 494 -8
360 529 35
370 588 59
380 609 21
390 582 -27
400 602 20
410 619 17
420 603 -16
430 600 -3
440 622 22
450 634 12
460 662 28
470 655 -7
480 702 47
490 687 -15
500 707 20
510 699 -8
520 744 45
530 706 -38
540 761 55
550 850 89
560 847 -3
570 893 46
580 840 -53
590 862 22
600 931 69
610 999 68
620 1052 53
630 1040 -12
640 928 -112
650 901 -27
660 832 -69
670 916 84
680 1120 204
690 1163 43
700 1021 -142
710 984 -37
720 892 -92
730 598 -294
740 419 -179
750 394 -25
760 325 -69
770 212 -113
780 115 -97
790 43 -72
800 15 -28
810 2 -13
816 0 -2
