0 0.1 2.2167622844175225 0 2.2167622844175225 2.2167622844175225 0 0
10 0.1 0.6 0.0 2.2167622844175225 0.6 2.2167622844175225 1
20 0.1 0.1002004008016032 0.0 2.2167622844175225 0.1002004008016032 1.4083811422087613 2
30 0.1 0.7007007007007007 0.0 2.2167622844175225 0.1002004008016032 0.9723208950730419 3
40 0.1 0.8016032064128256 0.0 2.2167622844175225 0.1002004008016032 0.9044158464799565 4
50 0.1 4.7283702213279675 0.0 4.7283702213279675 0.1002004008016032 0.8838533184665304 5
60 0.1 5.210420841683367 0.0 5.210420841683367 0.1002004008016032 1.524606135610103 6
70 0.1 3.242147922998987 0.0 5.210420841683367 0.1002004008016032 2.051151093620569 7
80 0.1 3.4239677744209467 0.0 5.210420841683367 0.1002004008016032 2.2000256972928716 8
90 0.1 3.5246727089627394 0.0 5.210420841683367 0.1002004008016032 2.3360192614182136 9
100 0.1 3.0181086519114686 0.0 5.210420841683367 0.1002004008016032 2.4548846061726666 10
110 0.1 3.8383838383838382 0.0 5.210420841683367 0.1002004008016032 2.506086792148921 11
120 0.1 2.4242424242424243 0.0 5.210420841683367 0.1002004008016032 2.6171115460018304 12
130 0.1 2.219979818365288 0.0 5.210420841683367 0.1002004008016032 2.6022754597126454 13
140 0.1 1.9191919191919191 0.0 5.210420841683367 0.1002004008016032 2.574968628187834 14
150 0.1 1.8218623481781375 0.0 5.210420841683367 0.1002004008016032 2.5312501809214396 15
160 0.1 2.610441767068273 0.0 5.210420841683367 0.1002004008016032 2.486913441374983 16
170 0.1 2.738336713995943 0.0 5.210420841683367 0.1002004008016032 2.4941798134745885 17
180 0.1 2.434077079107505 0.0 5.210420841683367 0.1002004008016032 2.5077440857257747 18
190 0.1 6.471183013144591 0.0 6.471183013144591 0.1002004008016032 2.503866874851129 19
200 0.1 5.449041372351161 0.0 6.471183013144591 0.1002004008016032 2.702232681765802 20
210 0.1 3.451776649746193 0.0 6.471183013144591 0.1002004008016032 2.8330330956032 21
220 0.1 5.905905905905906 0.0 6.471183013144591 0.1002004008016032 2.8611578026096995 22
230 0.1 7.3366834170854265 0.0 7.3366834170854265 0.1002004008016032 2.9935381549269264 23
240 0.1 7.267144319344933 0.0 7.3366834170854265 0.1002004008016032 3.174502540850197 24
250 0.1 6.224489795918367 0.0 7.3366834170854265 0.1002004008016032 3.3382082119899867 25
260 0.1 9.155645981688707 0.0 9.155645981688707 0.1002004008016032 3.4492190421410784 26
270 0.1 6.693711967545639 0.0 9.155645981688707 0.1002004008016032 3.6605681880502496 27
280 0.1 10.16949152542373 0.0 10.16949152542373 0.1002004008016032 3.7688947516036566 28
290 0.1 11.722731906218145 0.0 11.722731906218145 0.1002004008016032 3.989604985183659 29
300 0.1 9.323770491803279 0.0 11.722731906218145 0.1002004008016032 4.247375882551475 30
310 0.1 9.45529290853032 0.0 11.722731906218145 0.1002004008016032 4.411130547366049 31
320 0.1 9.877800407331975 0.0 11.722731906218145 0.1002004008016032 4.568760621152433 32
330 0.1 11.788617886178862 0.0 11.788617886178862 0.1002004008016032 4.729640614673025 33
340 0.1 16.093023255813954 0.0 16.093023255813954 0.1002004008016032 4.937257593246726 34
350 0.1 19.46826758147513 0.0 19.46826758147513 0.1002004008016032 5.255993755034361 35
360 0.1 28.374384236453203 0.0 28.374384236453203 0.1002004008016032 5.65077913910216 36
370 0.1 32.032032032032035 0.0 32.032032032032035 0.1002004008016032 6.264930628219756 37
380 0.1 33.67139959432049 0.0 33.67139959432049 0.1002004008016032 6.943012244109553 38
390 0.1 34.73053892215569 0.0 34.73053892215569 0.1002004008016032 7.628355509499577 39
400 0.1 37.96384395813511 0.0 37.96384395813511 0.1002004008016032 8.30591009481598 40
410 0.1 38.75123885034688 0.0 38.75123885034688 0.1002004008016032 9.029274335384738 41
420 0.1 41.584158415841586 0.0 41.584158415841586 0.1002004008016032 9.73694015716955 42
430 0.1 42.51207729468599 0.0 42.51207729468599 0.1002004008016032 10.477573139929365 43
440 0.1 42.08456243854474 0.0 42.51207729468599 0.1002004008016032 11.20563005253747 44
450 0.1 44.1432720232333 0.0 44.1432720232333 0.1002004008016032 11.891828550004298 45
460 0.1 41.98473282442748 0.0 44.1432720232333 0.1002004008016032 12.592946886378842 46
470 0.1 42.74735830931796 0.0 44.1432720232333 0.1002004008016032 13.2183040339969 47
480 0.1 40.78431372549019 0.0 44.1432720232333 0.1002004008016032 13.833492664732754 48
490 0.1 43.14671814671815 0.0 44.1432720232333 0.1002004008016032 14.383509421074743 49
500 0.1 44.20849420849421 0.0 44.20849420849421 0.1002004008016032 14.95877359558761 50
510 0.1 44.936086529006886 0.0 44.936086529006886 0.1002004008016032 15.532297529174016 51
520 0.1 43.69668246445498 0.0 44.936086529006886 0.1002004008016032 16.09775500994003 52
530 0.1 46.05769230769231 0.0 46.05769230769231 0.1002004008016032 16.618489490213896 53
540 0.1 45.10184287099903 0.0 46.05769230769231 0.1002004008016032 17.16365991275979 54
550 0.1 45.507246376811594 0.0 46.05769230769231 0.1002004008016032 17.671626875636868 55
560 0.1 45.55023923444976 0.0 46.05769230769231 0.1002004008016032 18.168691509586417 56
570 0.1 46.04105571847507 0.0 46.05769230769231 0.1002004008016032 18.649069539847176 57
580 0.1 47.162426614481404 0.0 47.162426614481404 0.1002004008016032 19.121345163616624 58
590 0.1 48.71541501976285 0.0 48.71541501976285 0.1002004008016032 19.59661773058043 59
600 0.1 48.19159335288368 0.0 48.71541501976285 0.1002004008016032 20.08193101873347 60
610 0.1 48.23529411764706 0.0 48.71541501976285 0.1002004008016032 20.542745155358883 61
620 0.1 47.74066797642436 0.0 48.71541501976285 0.1002004008016032 20.98939917087966 62
630 0.1 48.61386138613861 0.0 48.71541501976285 0.1002004008016032 21.414022485253387 63
640 0.1 49.05847373637265 0.0 49.05847373637265 0.1002004008016032 21.839019968079718 64
650 0.1 49.32371505861136 0.0 49.32371505861136 0.1002004008016032 22.257780795284226 65
660 0.1 49.275362318840585 0.0 49.32371505861136 0.1002004008016032 22.66787070836494 66
670 0.1 49.146110056926 0.0 49.32371505861136 0.1002004008016032 23.0649974488198 67
680 0.1 49.404761904761905 0.0 49.404761904761905 0.1002004008016032 23.448543222468423 68
690 0.1 49.40711462450593 0.0 49.40711462450593 0.1002004008016032 23.824720304820502 69
700 0.1 49.12109375 0.0 49.40711462450593 0.1002004008016032 24.19018308081601 70
710 0.1 49.16911045943304 0.0 49.40711462450593 0.1002004008016032 24.541322667705924 71
720 0.1 49.25962487660415 0.0 49.40711462450593 0.1002004008016032 24.883375275924358 72
730 0.1 49.31372549019608 0.0 49.40711462450593 0.1002004008016032 25.21729650333093 73
740 0.1 49.30555555555556 0.0 49.40711462450593 0.1002004008016032 25.54292392207235 74
750 0.1 49.3 0.0 49.40711462450593 0.1002004008016032 25.859759010518793 75
760 0.1 49.2 0.0 49.40711462450593 0.1002004008016032 26.168183234064596 76
770 0.1 27.035175879396984 0.0 49.40711462450593 0.1002004008016032 26.467297737518305 77
780 0.1 15.768463073852296 0.0 49.40711462450593 0.1002004008016032 26.474578226516744 78
790 0.1 11.189516129032258 0.0 49.40711462450593 0.1002004008016032 26.33905778154631 79
800 0.1 6.720160481444333 0.0 49.40711462450593 0.1002004008016032 26.14968851088988 80
810 0.1 0.5030181086519114 0.0 49.40711462450593 0.1002004008016032 25.909817794476975 81
816 0.1 0.40040040040040037 0.0 49.40711462450593 0.1002004008016032 25.59997877391813 82
