0 0 0
10 0 0
20 0 0
30 0 0
40 0 0
50 0.3 3
60 1.1 14
70 1.2 26
80 1.4 40
90 1 50
100 1 60
110 0.9 69
120 1.2 81
130 1.9 100
140 1.4 114
150 1 124
160 1.7 141
170 1.6 157
180 1.6 173
190 2.3 196
200 2 216
210 2 236
220 2.1 257
230 2.4 281
240 3.1 312
250 4 352
260 4 392
270 4 432
280 2.1 453
290 3.6 489
300 4.9 538
310 3.4 572
320 2.5 597
330 4 637
340 3.5 672
350 4.8 720
360 5.9 779
370 9.4 873
380 12.8 1001
390 11.9 1120
400 9.4 1214
410 11.6 1330
420 14.5 1475
430 15.5 1630
440 15.6 1786
450 17.7 1963
460 18.3 2146
470 15.8 2304
480 17.6 2480
490 16.9 2649
500 16.2 2811
510 20.1 3012
520 19 3202
530 22.1 3423
540 21.9 3642
550 23.2 3874
560 23.8 4112
570 19.9 4311
580 24 4551
590 28 4831
600 29.7 5128
610 32.8 5456
620 32.1 5777
630 26.6 6043
640 28.6 6329
650 31.3 6642
660 34.5 6987
670 40.9 7396
680 38.8 7784
690 35.7 8141
700 29.4 8435
710 27 8705
720 33.7 9042
730 37.5 9417
740 39.5 9812
750 34 10152
760 33.6 10488
770 21.4 10702
780 14.3 10845
790 8.4 10929
800 2.8 10957
810 1.4 10971
816 0.1 10972
