0 0.1 3510.98046875 0 3510.98046875 3510.98046875 0 0
10 0.1 3512.9375 0.0 3512.9375 3510.98046875 3510.98046875 1
20 0.1 3512.30859375 0.0 3512.9375 3510.98046875 3511.958984375 2
30 0.1 3508.68359375 0.0 3512.9375 3508.68359375 3512.0755208333335 3
40 0.1 3500.09375 0.0 3512.9375 3500.09375 3511.2275390625 4
50 0.1 3489.68359375 0.0 3512.9375 3489.68359375 3509.00078125 5
60 0.1 3484.98046875 0.0 3512.9375 3484.98046875 3505.78125 6
70 0.1 3483.68359375 0.0 3512.9375 3483.68359375 3502.8097098214284 7
80 0.1 3484.31640625 0.0 3512.9375 3483.68359375 3500.4189453125 8
90 0.1 3484.45703125 0.0 3512.9375 3483.68359375 3498.6297743055557 9
100 0.1 3483.71875 0.0 3512.9375 3483.68359375 3497.2125 10
110 0.1 3483.875 0.0 3512.9375 3483.68359375 3495.9857954545455 11
120 0.1 3477.34375 0.0 3512.9375 3477.34375 3494.9765625 12
130 0.1 3476.296875 0.0 3512.9375 3476.296875 3493.6201923076924 13
140 0.1 3480.43359375 0.0 3512.9375 3476.296875 3492.3828125 14
150 0.1 3481.97265625 0.0 3512.9375 3476.296875 3491.5861979166666 15
160 0.1 3482.796875 0.0 3512.9375 3476.296875 3490.9853515625 16
170 0.1 3474.453125 0.0 3512.9375 3474.453125 3490.5036764705883 17
180 0.1 3473.9609375 0.0 3512.9375 3473.9609375 3489.6119791666665 18
190 0.1 3471.8828125 0.0 3512.9375 3471.8828125 3488.7882401315787 19
200 0.1 3468.31640625 0.0 3512.9375 3468.31640625 3487.94296875 20
210 0.1 3466.82421875 0.0 3512.9375 3466.82421875 3487.008370535714 21
220 0.1 3447.60546875 0.0 3512.9375 3447.60546875 3486.090909090909 22
230 0.1 3443.828125 0.0 3512.9375 3443.828125 3484.417629076087 23
240 0.1 3419.1328125 0.0 3512.9375 3419.1328125 3482.7263997395835 24
250 0.1 3418.24609375 0.0 3512.9375 3418.24609375 3480.18265625 25
260 0.1 3415.0 0.0 3512.9375 3415.0 3477.800480769231 26
270 0.1 3423.89453125 0.0 3512.9375 3415.0 3475.474537037037 27
280 0.1 3424.13671875 0.0 3512.9375 3415.0 3473.632393973214 28
290 0.1 3416.37109375 0.0 3512.9375 3415.0 3471.925646551724 29
300 0.1 3396.7265625 0.0 3512.9375 3396.7265625 3470.073828125 30
310 0.1 3390.203125 0.0 3512.9375 3390.203125 3467.7077872983873 31
320 0.1 3365.140625 0.0 3512.9375 3365.140625 3465.2857666015625 32
330 0.1 3349.56640625 0.0 3512.9375 3349.56640625 3462.251065340909 33
340 0.1 3331.26953125 0.0 3512.9375 3331.26953125 3458.936810661765 34
350 0.1 3309.7578125 0.0 3512.9375 3309.7578125 3455.289174107143 35
360 0.1 3306.99609375 0.0 3512.9375 3306.99609375 3451.246636284722 36
370 0.1 3306.03515625 0.0 3512.9375 3306.03515625 3447.347972972973 37
380 0.1 3291.0 0.0 3512.9375 3291.0 3443.629214638158 38
390 0.1 3292.9921875 0.0 3512.9375 3291.0 3439.7156450320513 39
400 0.1 3293.30859375 0.0 3512.9375 3291.0 3436.04755859375 40
410 0.1 3291.7421875 0.0 3512.9375 3291.0 3432.5661204268295 41
420 0.1 3289.94921875 0.0 3512.9375 3289.94921875 3429.2131696428573 42
430 0.1 3274.17578125 0.0 3512.9375 3274.17578125 3425.974473110465 43
440 0.1 3272.890625 0.0 3512.9375 3272.890625 3422.524502840909 44
450 0.1 3269.82421875 0.0 3512.9375 3269.82421875 3419.1993055555554 45
460 0.1 3272.8515625 0.0 3512.9375 3269.82421875 3415.9520210597825 46
470 0.1 3273.35546875 0.0 3512.9375 3269.82421875 3412.9073304521276 47
480 0.1 3271.47265625 0.0 3512.9375 3269.82421875 3410.0 48
490 0.1 3270.57421875 0.0 3512.9375 3269.82421875 3407.172911352041 49
500 0.1 3269.5078125 0.0 3512.9375 3269.5078125 3404.4409375 50
510 0.1 3267.453125 0.0 3512.9375 3267.453125 3401.7951899509803 51
520 0.1 3269.55859375 0.0 3512.9375 3267.453125 3399.211688701923 52
530 0.1 3236.453125 0.0 3512.9375 3236.453125 3396.7654038915093 53
540 0.1 3234.74609375 0.0 3512.9375 3234.74609375 3393.7966579861113 54
550 0.1 3238.296875 0.0 3512.9375 3234.74609375 3390.9048295454545 55
560 0.1 3234.3046875 0.0 3512.9375 3234.3046875 3388.1796875 56
570 0.1 3234.96484375 0.0 3512.9375 3234.3046875 3385.4801260964914 57
580 0.1 3220.13671875 0.0 3512.9375 3220.13671875 3382.8850350215516 58
590 0.1 3218.80859375 0.0 3512.9375 3218.80859375 3380.1265889830506 59
600 0.1 3215.41015625 0.0 3512.9375 3215.41015625 3377.437955729167 60
610 0.1 3212.6015625 0.0 3512.9375 3212.6015625 3374.781762295082 61
620 0.1 3214.9609375 0.0 3512.9375 3212.6015625 3372.165952620968 62
630 0.1 3197.94921875 0.0 3512.9375 3197.94921875 3369.6706349206347 63
640 0.1 3170.75 0.0 3512.9375 3170.75 3366.9874877929688 64
650 0.1 3142.16015625 0.0 3512.9375 3142.16015625 3363.968449519231 65
660 0.1 3144.671875 0.0 3512.9375 3142.16015625 3360.6077178030305 66
670 0.1 3139.5859375 0.0 3512.9375 3139.5859375 3357.384794776119 67
680 0.1 3144.51171875 0.0 3512.9375 3139.5859375 3354.1818704044113 68
690 0.1 3138.4921875 0.0 3512.9375 3138.4921875 3351.1431725543475 69
700 0.1 3143.1171875 0.0 3512.9375 3138.4921875 3348.1053013392852 70
710 0.1 3147.36328125 0.0 3512.9375 3138.4921875 3345.2181448063375 71
720 0.1 3133.8828125 0.0 3512.9375 3133.8828125 3342.4701605902774 72
730 0.1 3139.23828125 0.0 3512.9375 3133.8828125 3339.6127996575337 73
740 0.1 3144.6796875 0.0 3512.9375 3133.8828125 3336.90503589527 74
750 0.1 3147.8828125 0.0 3512.9375 3133.8828125 3334.3420312499998 75
760 0.1 3156.80078125 0.0 3512.9375 3133.8828125 3331.8886204769733 76
770 0.1 3157.49609375 0.0 3512.9375 3133.8828125 3329.6147524350645 77
780 0.1 3155.55078125 0.0 3512.9375 3133.8828125 3327.408102964743 78
790 0.1 3174.62109375 0.0 3512.9375 3133.8828125 3325.232693829114 79
800 0.1 3192.359375 0.0 3512.9375 3133.8828125 3323.350048828125 80
810 0.1 3211.12890625 0.0 3512.9375 3133.8828125 3321.732880015432 81
816 0.1 3222.6875 0.0 3512.9375 3133.8828125 3320.384051067073 82
