0 0.1 0.0 0 0.0 0.0 0 0
10 0.1 0.0 0.0 0.0 0.0 0.0 1
20 0.1 0.0 0.0 0.0 0.0 0.0 2
30 0.1 0.0 0.0 0.0 0.0 0.0 3
40 0.1 0.0 0.0 0.0 0.0 0.0 4
50 0.1 0.0 0.0 0.0 0.0 0.0 5
60 0.1 0.0 0.0 0.0 0.0 0.0 6
70 0.1 0.0 0.0 0.0 0.0 0.0 7
80 0.1 0.0 0.0 0.0 0.0 0.0 8
90 0.1 0.0 0.0 0.0 0.0 0.0 9
100 0.1 0.0 0.0 0.0 0.0 0.0 10
110 0.1 0.0 0.0 0.0 0.0 0.0 11
120 0.1 0.0 0.0 0.0 0.0 0.0 12
130 0.1 0.0 0.0 0.0 0.0 0.0 13
140 0.1 0.0 0.0 0.0 0.0 0.0 14
150 0.1 0.0 0.0 0.0 0.0 0.0 15
160 0.1 0.0 0.0 0.0 0.0 0.0 16
170 0.1 0.0 0.0 0.0 0.0 0.0 17
180 0.1 0.0 0.0 0.0 0.0 0.0 18
190 0.1 0.0 0.0 0.0 0.0 0.0 19
200 0.1 0.1484375 0.0 0.1484375 0.0 0.0 20
210 0.1 0.12109375 0.0 0.1484375 0.0 0.007068452380952381 21
220 0.1 0.1015625 0.0 0.1484375 0.0 0.012251420454545454 22
230 0.1 0.08984375 0.0 0.1484375 0.0 0.016134510869565216 23
240 0.1 0.0703125 0.0 0.1484375 0.0 0.019205729166666668 24
250 0.1 0.05859375 0.0 0.1484375 0.0 0.02125 25
260 0.1 0.05078125 0.0 0.1484375 0.0 0.022686298076923076 26
270 0.1 0.0390625 0.0 0.1484375 0.0 0.023726851851851853 27
280 0.1 0.0390625 0.0 0.1484375 0.0 0.024274553571428572 28
290 0.1 0.03125 0.0 0.1484375 0.0 0.02478448275862069 29
300 0.1 0.01953125 0.0 0.1484375 0.0 0.025 30
310 0.1 0.01953125 0.0 0.1484375 0.0 0.024823588709677418 31
320 0.1 0.08984375 0.0 0.1484375 0.0 0.024658203125 32
330 0.1 0.23828125 0.0 0.23828125 0.0 0.026633522727272728 33
340 0.1 0.19921875 0.0 0.23828125 0.0 0.03285845588235294 34
350 0.1 0.3984375 0.0 0.3984375 0.0 0.03761160714285714 35
360 0.1 0.41015625 0.0 0.41015625 0.0 0.04763454861111111 36
370 0.1 0.51171875 0.0 0.51171875 0.0 0.057432432432432436 37
380 0.1 0.578125 0.0 0.578125 0.0 0.06938733552631579 38
390 0.1 0.48828125 0.0 0.578125 0.0 0.08243189102564102 39
400 0.1 0.6484375 0.0 0.6484375 0.0 0.092578125 40
410 0.1 1.01953125 0.0 1.01953125 0.0 0.10613567073170732 41
420 0.1 0.859375 0.0 1.01953125 0.0 0.12788318452380953 42
430 0.1 0.890625 0.0 1.01953125 0.0 0.14489462209302326 43
440 0.1 0.91015625 0.0 1.01953125 0.0 0.16184303977272727 44
450 0.1 1.01171875 0.0 1.01953125 0.0 0.17847222222222223 45
460 0.1 0.8515625 0.0 1.01953125 0.0 0.19658627717391305 46
470 0.1 0.71875 0.0 1.01953125 0.0 0.2105219414893617 47
480 0.1 0.83984375 0.0 1.01953125 0.0 0.22111002604166666 48
490 0.1 0.87109375 0.0 1.01953125 0.0 0.2337372448979592 49
500 0.1 0.80859375 0.0 1.01953125 0.0 0.246484375 50
510 0.1 0.76953125 0.0 1.01953125 0.0 0.2575061274509804 51
520 0.1 0.9609375 0.0 1.01953125 0.0 0.2673527644230769 52
530 0.1 1.0390625 0.0 1.0390625 0.0 0.28043926886792453 53
540 0.1 1.1796875 0.0 1.1796875 0.0 0.2944878472222222 54
550 0.1 1.23828125 0.0 1.23828125 0.0 0.3105823863636364 55
560 0.1 1.19921875 0.0 1.23828125 0.0 0.3271484375 56
570 0.1 1.23828125 0.0 1.23828125 0.0 0.3424479166666667 57
580 0.1 1.2890625 0.0 1.2890625 0.0 0.35789331896551724 58
590 0.1 1.3203125 0.0 1.3203125 0.0 0.3736758474576271 59
600 0.1 1.3515625 0.0 1.3515625 0.0 0.389453125 60
610 0.1 1.44921875 0.0 1.44921875 0.0 0.4052254098360656 61
620 0.1 1.37890625 0.0 1.44921875 0.0 0.4220640120967742 62
630 0.1 1.3203125 0.0 1.44921875 0.0 0.43725198412698413 63
640 0.1 1.26953125 0.0 1.44921875 0.0 0.4510498046875 64
650 0.1 1.23046875 0.0 1.44921875 0.0 0.4636418269230769 65
660 0.1 1.19140625 0.0 1.44921875 0.0 0.4752604166666667 66
670 0.1 1.16015625 0.0 1.44921875 0.0 0.4859491604477612 67
680 0.1 1.2109375 0.0 1.44921875 0.0 0.4958639705882353 68
690 0.1 1.1796875 0.0 1.44921875 0.0 0.5062273550724637 69
700 0.1 1.1484375 0.0 1.44921875 0.0 0.5158482142857143 70
710 0.1 1.12890625 0.0 1.44921875 0.0 0.5247579225352113 71
720 0.1 1.109375 0.0 1.44921875 0.0 0.5331488715277778 72
730 0.1 1.23828125 0.0 1.44921875 0.0 0.5410423801369864 73
740 0.1 1.28125 0.0 1.44921875 0.0 0.5504645270270271 74
750 0.1 1.390625 0.0 1.44921875 0.0 0.5602083333333334 75
760 0.1 1.41015625 0.0 1.44921875 0.0 0.5711348684210528 76
770 0.1 1.19140625 0.0 1.44921875 0.0 0.5820312500000001 77
780 0.1 1.08984375 0.0 1.44921875 0.0 0.5898437500000001 78
790 0.1 1.0703125 0.0 1.44921875 0.0 0.5961728639240508 79
800 0.1 0.8984375 0.0 1.44921875 0.0 0.6020996093750002 80
810 0.1 0.76171875 0.0 1.44921875 0.0 0.6057581018518521 81
816 0.1 0.640625 0.0 1.44921875 0.0 0.60766006097561 82
