0 0.2 17.654 9.062 26.716 8.592 0 0
10 1.4 7.342428571428571 1.0725553408489805 26.716 6.086 17.654 2
20 3.9 20.076179487179488 29.471948075721784 137.839 5.837 8.631375 16
30 9 29.322633333333343 27.672036275894914 137.839 4.726 16.74678181818182 55
40 14.9 28.14275167785234 25.693996597514783 142.306 4.726 24.552482758620695 145
50 19.7 28.92278680203048 27.329585610652398 235.84 4.726 26.37204081632653 294
60 22.7 27.634136563876663 26.412588127263668 235.84 4.726 27.395456211812636 491
70 22.8 25.436447368421067 23.424726266479844 235.84 4.726 27.4709164345404 718
80 20.9 26.10781818181819 21.767655067864908 235.84 4.726 26.980579281183942 946
90 22.5 25.847675555555554 19.59544514504617 235.84 4.726 26.82265108225109 1155
100 25.1 27.950860557768905 23.687814732248327 235.84 4.726 26.663687681159427 1380
110 28.7 27.087041811846696 22.397776466878867 235.84 4.726 26.861774984671985 1631
120 27.7 27.29463176895307 22.4187263089514 235.84 4.726 26.89548279457769 1918
130 31.1 28.69404501607717 30.6114812013732 235.84 4.726 26.945853758542142 2195
140 27.5 28.054374545454543 23.06957199149184 235.84 4.726 27.16280806065443 2506
150 31.7 31.13112933753942 28.01021784179456 235.84 4.726 27.250970873786407 2781
160 37.1 32.07095956873317 32.623663186144526 235.84 4.713 27.648004519044544 3098
170 38.9 29.46752442159384 26.44635901993614 235.84 4.713 28.12102738541366 3469
180 41.9 29.738821002386643 22.890729113026417 235.84 4.713 28.25679393468118 3858
190 43.8 33.33728767123283 31.9313141785362 235.84 4.713 28.40198199672668 4277
200 45.9 41.15147276688454 50.42309739268221 353.735 4.713 28.86044729586426 4715
210 53.2 37.37074248120304 36.15965688135979 353.735 4.713 29.9508185156552 5174
220 63.3 49.311203791469126 42.94407420257709 353.735 4.713 30.642616543988787 5706
230 67.1 75.97890014903125 102.27978532307928 789.262 4.713 32.506824735762734 6339
240 74.4 81.95091666666673 97.56559743074016 789.262 4.713 36.667989158345215 7010
250 77.1 62.59880544747085 61.992945511478396 789.262 4.713 41.01290766056229 7754
260 82.3 102.65603523693792 100.69181308458002 789.262 4.713 42.96513372434018 8525
270 89.2 151.20888228699562 136.44090223337105 789.262 4.713 48.220333975181845 9348
280 93.8 264.47982942430707 221.6620879263106 1021.683 4.713 57.19160205078125 10240
290 94.7 545.0314846884911 336.6511849869782 1336.095 4.713 74.58615897298264 11178
300 94.8 720.6974968354424 436.62876693706284 1735.549 4.713 111.3293938969073 12125
310 88.1 1009.539869466517 690.3297345153876 3190.684 0.821 155.51825349957932 13073
320 99 1685.7896646464646 981.9187929413116 3774.683 0.821 209.43777791314332 13954
330 120 1553.7435850000018 1119.9622682748923 3774.683 0.821 307.2421387178802 14944
340 146.4 1258.3780874316928 1048.1810136121533 3774.683 0.821 399.89586366451954 16144
350 176.1 1081.2423793299286 1122.8761232872848 3774.683 0.821 471.2735315197639 17608
360 201.1 980.846662357037 1090.1019843061351 3774.683 0.821 526.7309707780477 19369
370 220.1 857.7044643343922 1064.4826761022493 3946.226 0.821 569.4450332553793 21380
380 226.6 841.6734037952344 1171.6260489867968 4393.836 0.821 596.3505507400027 23581
390 231.5 797.5792341252686 1170.9951141640952 4838.336 0.821 617.8579436685111 25847
400 269.6 726.3067655786348 1087.084046511688 4838.336 0.809 632.6315672537463 28162
410 300.4 641.8934387483346 987.8650831926831 4838.336 0.809 640.8157766867588 30858
420 328.7 587.0671837541817 950.0400130180109 4838.336 0.809 640.9113793337665 33862
430 338.1 568.0878417627897 1030.0797481733448 4936.524 0.809 636.1471630461115 37149
440 351 561.7122826210845 1020.1299542816156 4936.524 0.809 630.4696756229949 40530
450 341 565.3370762463336 989.5733284055339 4936.524 0.809 624.9896926657583 44040
460 340.4 578.6108075793193 987.6263395261477 4936.524 0.809 620.7027501580609 47450
470 339.8 558.7414638022384 1004.6984732728524 4936.524 0.809 617.8852535493766 50854
480 364.6 559.3548329676386 995.8279735118936 4936.524 0.809 614.1808629727936 54252
490 360.7 504.7042276129742 940.4589964190843 4936.524 0.809 610.7283135686899 57898
500 420 488.37819023809476 954.6046907055414 4936.524 0.809 604.5104633444437 61505
510 403.7 472.7516720336889 994.5428107331587 5565.424 0.808 597.0870473632144 65705
520 437.6 439.25238551188335 869.2487801746262 5565.424 0.808 589.889922098592 69742
530 447 441.1707973154373 890.7988560763266 5565.424 0.808 580.9961330041286 74118
540 452 427.19310884955735 917.5592022633662 5565.424 0.808 573.0430199267065 78588
550 468.8 419.4838901450513 893.0068365986693 5565.424 0.808 565.1106716802234 83108
560 474.6 401.8115488832685 873.4208722038602 5565.424 0.808 557.3347097703769 87796
570 588.2 369.14552839170284 806.5230929809791 5565.424 0.808 549.3587321432432 92542
580 535.8 353.39702594251617 806.2764564522516 5720.459 0.808 538.5888582865967 98424
590 613.2 332.8413713307238 757.1157079622947 5720.459 0.808 529.0278762502168 103782
600 610.6 319.2971988208319 721.9989809295006 5720.459 0.808 518.0828133085867 109914
610 606.8 328.4849202373099 755.6543822633021 5720.459 0.808 507.6209536114463 116020
620 621.6 320.84849839124894 739.3051243875219 5720.459 0.808 498.7175605628726 122088
630 622.6 320.72476068101247 722.0927048752685 5720.459 0.808 490.1002603192418 128304
640 701.9 328.03072232511863 677.5001932673259 5720.459 0.808 482.2616231323867 134530
650 757.6 266.04938648363265 578.5652174642404 5720.459 0.808 474.61376484468263 141549
660 705.9 375.48329678424557 699.3928718954154 5847.423 0.808 464.0180650595137 149125
670 687.3 325.12550181870984 662.6300998070977 5847.423 0.808 460.01658648773224 156184
680 684.3 312.03111106240004 685.2004075866765 5847.423 0.808 454.3308052889478 163057
690 659.9 319.68609137748064 706.9749642336002 5847.423 0.808 448.59945268393153 169900
700 619.2 333.08544509043963 654.2209566311619 5847.423 0.808 443.779599476484 176499
710 685.1 324.4979522697402 658.9411904840874 5847.423 0.808 440.0278098209543 182691
720 759.8 273.27486588575994 650.1276494716145 5847.423 0.808 435.85198043177735 189542
730 703.7 308.8482168537718 731.055482480074 5933.833 0.808 429.5860733793241 197140
740 586 350.03938139931796 785.4218729884964 5933.833 0.808 425.42481968096286 204177
750 402.2 460.6465924912989 895.7536013520693 5933.833 0.808 423.32157754586075 210037
760 258.9 756.8106500579364 1117.6380844145276 6019.396 0.808 424.0228851765165 214059
770 124.4 1538.7480032154351 1328.9412645548919 6019.396 0.808 427.9997856015285 216648
780 89.4 679.5172662192391 784.0499608208474 6019.396 0.808 434.34132536761314 217892
790 45.5 92.9641538461538 117.65299861952244 6019.396 0.808 435.3431595394585 218786
800 15.7 44.732541401273885 51.9177595100297 6019.396 0.808 434.632606095575 219241
810 3.9 47.712102564102565 53.66878008760814 6019.396 0.808 434.3535957574817 219398
816 0.3 44.68633333333333 46.37070814162272 6019.396 0.808 434.2848789128541 219437
