10 0.1 40 0 40 40 0 0
20 0.1 225.0 0.0 225 40 40.0 1
30 0.1 493.0 0.0 493 40 132.5 2
40 0.1 829.0 0.0 829 40 252.66666666666666 3
50 0.1 1731.0 0.0 1731 40 396.75 4
60 0.1 2003.0 0.0 2003 40 663.6 5
70 0.1 2059.0 0.0 2059 40 886.8333333333334 6
80 0.1 1916.0 0.0 2059 40 1054.2857142857142 7
90 0.1 1811.0 0.0 2059 40 1162.0 8
100 0.1 1903.0 0.0 2059 40 1234.111111111111 9
110 0.1 2325.0 0.0 2325 40 1301.0 10
120 0.1 2340.0 0.0 2340 40 1394.090909090909 11
130 0.1 2434.0 0.0 2434 40 1472.9166666666667 12
140 0.1 2466.0 0.0 2466 40 1546.8461538461538 13
150 0.1 2325.0 0.0 2466 40 1612.5 14
160 0.1 2695.0 0.0 2695 40 1660.0 15
170 0.1 3188.0 0.0 3188 40 1724.6875 16
180 0.1 3242.0 0.0 3242 40 1810.764705882353 17
190 0.1 3634.0 0.0 3634 40 1890.2777777777778 18
200 0.1 3814.0 0.0 3814 40 1982.0526315789473 19
210 0.1 4217.0 0.0 4217 40 2073.65 20
220 0.1 4938.0 0.0 4938 40 2175.714285714286 21
230 0.1 5760.0 0.0 5760 40 2301.2727272727275 22
240 0.1 6598.0 0.0 6598 40 2451.652173913044 23
250 0.1 6638.0 0.0 6638 40 2624.4166666666674 24
260 0.1 7080.0 0.0 7080 40 2784.9600000000005 25
270 0.1 7896.0 0.0 7896 40 2950.1538461538466 26
280 0.1 8796.0 0.0 8796 40 3133.333333333334 27
290 0.1 9488.0 0.0 9488 40 3335.571428571429 28
300 0.1 9423.0 0.0 9488 40 3547.724137931035 29
310 0.1 9179.0 0.0 9488 40 3743.566666666667 30
320 0.1 8640.0 0.0 9488 40 3918.903225806452 31
330 0.1 9748.0 0.0 9748 40 4066.4375000000005 32
340 0.1 11323.0 0.0 11323 40 4238.606060606061 33
350 0.1 12841.0 0.0 12841 40 4446.970588235294 34
360 0.1 14679.0 0.0 14679 40 4686.8 35
370 0.1 16955.0 0.0 16955 40 4964.361111111111 36
380 0.1 16539.0 0.0 16955 40 5288.4324324324325 37
390 0.1 16814.0 0.0 16955 40 5584.5 38
400 0.1 17771.0 0.0 17771 40 5872.4358974358975 39
410 0.1 20986.0 0.0 20986 40 6169.9 40
420 0.1 22085.0 0.0 22085 40 6531.268292682927 41
430 0.1 22935.0 0.0 22935 40 6901.5952380952385 42
440 0.1 23437.0 0.0 23437 40 7274.46511627907 43
450 0.1 23701.0 0.0 23701 40 7641.795454545455 44
460 0.1 23332.0 0.0 23701 40 7998.666666666667 45
470 0.1 23236.0 0.0 23701 40 8332.0 46
480 0.1 22695.0 0.0 23701 40 8649.106382978724 47
490 0.1 24706.0 0.0 24706 40 8941.729166666666 48
500 0.1 25432.0 0.0 25432 40 9263.448979591836 49
510 0.1 26308.0 0.0 26308 40 9586.82 50
520 0.1 26932.0 0.0 26932 40 9914.686274509804 51
530 0.1 29018.0 0.0 29018 40 10241.942307692309 52
540 0.1 28158.0 0.0 29018 40 10596.207547169812 53
550 0.1 29096.0 0.0 29096 40 10921.425925925925 54
560 0.1 29342.0 0.0 29342 40 11251.872727272726 55
570 0.1 31819.0 0.0 31819 40 11574.910714285714 56
580 0.1 33722.0 0.0 33722 40 11930.070175438597 57
590 0.1 36580.0 0.0 36580 40 12305.793103448275 58
600 0.1 37970.0 0.0 37970 40 12717.22033898305 59
610 0.1 36741.0 0.0 37970 40 13138.1 60
620 0.1 36050.0 0.0 37970 40 13525.032786885246 61
630 0.1 38694.0 0.0 38694 40 13888.338709677419 62
640 0.1 40425.0 0.0 40425 40 14282.079365079366 63
650 0.1 49399.0 0.0 49399 40 14690.5625 64
660 0.1 46259.0 0.0 49399 40 15224.538461538461 65
670 0.1 43825.0 0.0 49399 40 15694.757575757576 66
680 0.1 41314.0 0.0 49399 40 16114.611940298508 67
690 0.1 38679.0 0.0 49399 40 16485.191176470587 68
700 0.1 39270.0 0.0 49399 40 16806.840579710144 69
710 0.1 44940.0 0.0 49399 40 17127.742857142857 70
720 0.1 43708.0 0.0 49399 40 17519.464788732395 71
730 0.1 44723.0 0.0 49399 40 17883.194444444445 72
740 0.1 37506.0 0.0 49399 40 18250.86301369863 73
750 0.1 31410.0 0.0 49399 40 18511.067567567563 74
760 0.1 20407.0 0.0 49399 40 18683.05333333333 75
770 0.1 11047.0 0.0 49399 40 18705.73684210526 76
780 0.1 7528.0 0.0 49399 40 18606.272727272724 77
790 0.1 4843.0 0.0 49399 40 18464.243589743586 78
800 0.1 1814.0 0.0 49399 40 18291.822784810123 79
810 0.1 511.0 0.0 49399 40 18085.85 80
816 0.1 140.0 0.0 49399 40 17868.876543209877 81
