0 0.2 17.654 9.062 26.716 8.592 0 0
10 1.4 7.342428571428571 1.0725553408489805 26.716 6.086 17.654 2
20 4.8 16.2795625 21.89890208616466 119.749 4.904 8.631375 16
30 14.2 18.526894366197194 18.5601560617937 119.749 4.588 14.367515625000001 64
40 23.4 17.86493589743589 16.601170675953252 119.749 4.281 17.234660194174765 206
50 30.8 18.4461038961039 19.403303338780695 229.071 4.002 17.56985227272727 440
60 34.2 18.29365204678366 18.838845371119216 229.071 3.943 17.930661764705885 748
70 33.6 17.213654761904767 16.91639958913782 229.071 3.943 18.044554128440378 1090
80 30.7 17.726407166123778 14.068461897563855 229.071 3.943 17.848774193548397 1426
90 34 17.05557352941176 12.507185437034106 229.071 3.943 17.827096941719567 1733
100 38.1 18.36423622047244 15.806756574437319 229.071 3.943 17.70055668113845 2073
110 43.6 17.7970206422018 15.335243101845279 229.071 3.943 17.803597392013042 2454
120 41.9 17.985040572792364 14.548874546464395 229.071 3.855 17.802605190311418 2890
130 44.8 19.880915178571403 22.121799848306182 229.071 3.855 17.82570595346026 3309
140 42 18.33704523809523 15.242984839570692 229.071 3.855 18.070777482033535 3757
150 47.7 20.63295807127886 19.013037472732787 229.071 3.855 18.09755087383289 4177
160 56.4 21.104359929077983 22.142210967957315 229.071 3.855 18.357411044263 4654
170 58.4 19.535080479452038 17.06667072690848 229.071 3.855 18.654321579149098 5218
180 63.1 19.750782884310627 15.169254507163442 229.071 3.855 18.742974319200275 5802
190 64.8 22.44487500000001 22.452120807840604 229.071 3.855 18.84182822944194 6433
200 67.9 27.777030927835014 33.562705312774625 285.695 3.855 19.17155204067222 7081
210 78.4 25.320491071428552 24.22348430495434 285.695 3.855 19.924531443298964 7760
220 98.6 31.63143813387427 28.560742084237933 285.695 3.855 20.419666315543065 8544
230 101.8 49.99559037328094 73.27203188308094 447.749 3.855 21.57966705141658 9530
240 112.7 54.048960070984876 66.87038159005293 447.749 3.855 24.322121539628363 10548
250 113 42.730184070796426 42.411185565094925 447.749 3.855 27.19168445396145 11675
260 121.1 70.32260858794386 66.42003875255854 447.749 3.855 28.562906989457232 12805
270 135.9 99.37367696835908 85.15037125066435 637.3 3.855 32.170997645547935 14016
280 144.8 174.43166022099416 135.82207741254018 637.3 3.855 38.11105886178861 15375
290 143.8 360.57274895688454 175.76618033059083 873.037 3.855 49.844532723057675 16823
300 139.6 493.52965616045844 215.9540255185541 962.117 3.855 74.31346514429654 18261
310 131.9 724.9035451099313 446.25008597797535 2191.416 0.779 104.08534298214373 19657
320 147.8 1130.6102368064965 467.4417326456364 2191.416 0.779 143.12325338482069 20976
330 181.9 1022.7228229796629 627.3577540992062 2191.416 0.779 208.12306462100295 22454
340 222.7 830.1997485406388 609.5735323705636 2191.416 0.746 269.16854562682846 24273
350 273.6 697.6324111842127 665.671729823026 2191.416 0.746 316.3163376603777 26500
360 307.6 633.9716046814043 659.7444384489559 2191.416 0.746 352.0011364413742 29236
370 323.3 586.5117525518093 697.3491746885296 2191.416 0.746 378.8438314248581 32312
380 331.6 576.6162876960169 772.9933097938509 2437.428 0.746 397.73229362779614 35545
390 348.3 530.1916023542917 772.6123184597283 2778.28 0.746 412.9964228146472 38861
400 408.7 475.8526227061424 710.5199584667014 2778.28 0.733 422.63629647647844 42344
410 454.8 425.11696943711473 650.508263228335 2778.28 0.733 427.32056184445753 46431
420 493.5 386.82094589665473 628.7898189951295 2778.28 0.733 427.1239723023207 50979
430 511.8 376.49152207893627 681.3169443149998 2778.28 0.733 423.5668053081517 55914
440 529.3 376.4280449650495 695.2924147505058 2778.28 0.733 419.61918275658655 61032
450 505.5 377.47381404549895 676.9814755493281 2778.28 0.733 416.1723573916321 66325
460 510.1 385.71959066849604 661.2284900300804 2778.28 0.733 413.431797898571 71380
470 508.2 377.4614336875255 698.583343010405 2778.28 0.733 411.58349611014495 76481
480 546.4 367.5134374084923 651.9500315464993 2778.28 0.733 409.4574301092407 81563
490 542.3 337.42866088880675 646.6339104750697 2778.28 0.733 406.8239718018546 87027
500 631.2 322.23795690747727 644.5380722886766 2778.28 0.733 402.75333068685774 92450
510 606.9 314.4261827319161 695.7352039115502 3237.898 0.733 397.60749484619583 98762
520 660.4 292.3939854633564 606.2441071152957 3237.898 0.733 392.79186413370087 104831
530 672.7 293.60315073584235 621.1548694151315 3237.898 0.733 386.8419597882173 111435
540 676 286.5162801775147 645.6796769310926 3237.898 0.733 381.53384492476437 118162
550 694.2 280.5093572457504 621.367843044944 3237.898 0.733 376.3920865660172 124922
560 708.6 271.45660795935487 615.1923639839575 3237.898 0.733 371.3443259418795 131864
570 890.1 239.8660262891814 562.2114144921155 3237.898 0.733 366.2503758186397 138950
580 814.4 230.19824250982322 570.095870875802 3237.898 0.733 358.641721868638 147851
590 928.9 216.8617363548288 538.3482651960719 3237.898 0.733 351.93609863777687 155995
600 909.6 214.5241796394015 537.152012773205 3237.898 0.733 344.34488744222074 165284
610 897.2 221.9140434685691 561.3562795667008 3446.208 0.733 337.57318679894485 174380
620 921.2 216.109913916631 544.6044106138975 3446.208 0.733 331.91361486103233 183352
630 937.3 209.7422658700515 524.4363567253217 3446.208 0.733 326.3737232244864 192564
640 1076.7 207.548615584657 493.13142094243545 3446.208 0.733 320.9602197566567 201937
650 1150.8 173.37191110531734 436.6261110593956 3446.208 0.733 315.21936513182635 212704
660 1067.7 236.68315678561328 527.6205711209824 3446.208 0.733 307.9388426756819 224212
670 1022.1 213.07172086879896 507.2114364757713 3494.823 0.733 304.6998789172757 234889
680 1004.5 211.289620009956 532.616273086279 3523.33 0.733 300.87901724939815 245110
690 972.9 213.58865710761617 532.5788677830169 3523.33 0.733 297.3520415081029 255155
700 932.8 214.55361159948512 498.5125676545035 3523.33 0.733 294.27547226710556 264884
710 1051.5 204.9043577746085 483.2316301975996 3523.33 0.733 291.56353582264813 274212
720 1151.9 179.76428127441565 490.4200079931881 3637.411 0.733 288.36320267133084 284727
730 1080.5 196.7353957427116 534.3120744142021 3637.411 0.733 284.1405263294695 296246
740 889.2 228.75949662617938 564.7176566808308 3637.411 0.733 281.06477527837404 307051
750 589 314.32257470288636 680.4822312275861 3637.411 0.733 279.59267892626207 315943
760 360.3 544.078371912295 837.6084665619948 3996.367 0.733 280.22828523799615 321833
770 169.1 1120.1659651094053 962.2446053146368 3996.367 0.733 283.14944903759886 325436
780 119.2 473.1175553691277 502.30748718524944 3996.367 0.733 287.4761934783739 327127
790 59 71.67383559322037 94.92481693495108 3996.367 0.733 288.1501858558293 328319
800 20.5 34.17797073170727 47.3701959029311 3996.367 0.733 287.76186858067126 328909
810 4.3 43.259348837209295 51.8544380957614 3996.367 0.733 287.60391510844266 329114
816 0.3 44.68633333333333 46.37070814162272 3996.367 0.733 287.5719947289591 329157
