10 0.1 29 0 29 29 0 0
20 0.1 183.0 0.0 183 29 29.0 1
30 0.1 337.0 0.0 337 29 106.0 2
40 0.1 521.0 0.0 521 29 183.0 3
50 0.1 1290.0 0.0 1290 29 267.5 4
60 0.1 1457.0 0.0 1457 29 472.0 5
70 0.1 1402.0 0.0 1457 29 636.1666666666666 6
80 0.1 1331.0 0.0 1457 29 745.5714285714286 7
90 0.1 1325.0 0.0 1457 29 818.75 8
100 0.1 1321.0 0.0 1457 29 875.0 9
110 0.1 1646.0 0.0 1646 29 919.6 10
120 0.1 1493.0 0.0 1646 29 985.6363636363636 11
130 0.1 1544.0 0.0 1646 29 1027.9166666666667 12
140 0.1 1630.0 0.0 1646 29 1067.6153846153845 13
150 0.1 1467.0 0.0 1646 29 1107.7857142857142 14
160 0.1 1678.0 0.0 1678 29 1131.7333333333333 15
170 0.1 2053.0 0.0 2053 29 1165.875 16
180 0.1 2059.0 0.0 2059 29 1218.0588235294117 17
190 0.1 2476.0 0.0 2476 29 1264.7777777777778 18
200 0.1 2586.0 0.0 2586 29 1328.5263157894738 19
210 0.1 2723.0 0.0 2723 29 1391.4 20
220 0.1 3308.0 0.0 3308 29 1454.8095238095239 21
230 0.1 3598.0 0.0 3598 29 1539.0454545454545 22
240 0.1 4092.0 0.0 4092 29 1628.5652173913043 23
250 0.1 3994.0 0.0 4092 29 1731.2083333333333 24
260 0.1 4466.0 0.0 4466 29 1821.72 25
270 0.1 4963.0 0.0 4963 29 1923.423076923077 26
280 0.1 5198.0 0.0 5198 29 2036.0 27
290 0.1 5545.0 0.0 5545 29 2148.9285714285716 28
300 0.1 5421.0 0.0 5545 29 2266.0344827586205 29
310 0.1 5519.0 0.0 5545 29 2371.2 30
320 0.1 5389.0 0.0 5545 29 2472.7419354838707 31
330 0.1 6.0e3 0.0 6000 29 2563.875 32
340 0.1 7077.0 0.0 7077 29 2668.0 33
350 0.1 8189.0 0.0 8189 29 2797.676470588235 34
360 0.1 10461.0 0.0 10461 29 2951.714285714286 35
370 0.1 12569.0 0.0 12569 29 3160.3055555555557 36
380 0.1 12991.0 0.0 12991 29 3414.5945945945946 37
390 0.1 13618.0 0.0 13618 29 3666.6052631578946 38
400 0.1 14675.0 0.0 14675 29 3921.769230769231 39
410 0.1 16949.0 0.0 16949 29 4190.6 40
420 0.1 18079.0 0.0 18079 29 4501.780487804878 41
430 0.1 19219.0 0.0 19219 29 4825.047619047619 42
440 0.1 19839.0 0.0 19839 29 5159.790697674419 43
450 0.1 20312.0 0.0 20312 29 5493.409090909091 44
460 0.1 19973.0 0.0 20312 29 5822.711111111111 45
470 0.1 19736.0 0.0 20312 29 6130.326086956522 46
480 0.1 19536.0 0.0 20312 29 6419.808510638298 47
490 0.1 21001.0 0.0 21001 29 6693.0625 48
500 0.1 21916.0 0.0 21916 29 6985.061224489796 49
510 0.1 23266.0 0.0 23266 29 7283.68 50
520 0.1 23622.0 0.0 23622 29 7597.058823529412 51
530 0.1 25020.0 0.0 25020 29 7905.2307692307695 52
540 0.1 24823.0 0.0 25020 29 8228.150943396226 53
550 0.1 25761.0 0.0 25761 29 8535.462962962962 54
560 0.1 26132.0 0.0 26132 29 8848.654545454545 55
570 0.1 28017.0 0.0 28017 29 9157.285714285714 56
580 0.1 30583.0 0.0 30583 29 9488.157894736842 57
590 0.1 33030.0 0.0 33030 29 9851.862068965518 58
600 0.1 34519.0 0.0 34519 29 10244.71186440678 59
610 0.1 33519.0 0.0 34519 29 10649.283333333333 60
620 0.1 33233.0 0.0 34519 29 11024.196721311475 61
630 0.1 34870.0 0.0 34870 29 11382.40322580645 62
640 0.1 36976.0 0.0 36976 29 11755.222222222223 63
650 0.1 45097.0 0.0 45097 29 12149.296875 64
660 0.1 42347.0 0.0 45097 29 12656.184615384615 65
670 0.1 44042.0 0.0 45097 29 13106.045454545454 66
680 0.1 38453.0 0.0 45097 29 13567.776119402984 67
690 0.1 35906.0 0.0 45097 29 13933.735294117647 68
700 0.1 36852.0 0.0 45097 29 14252.173913043478 69
710 0.1 40731.0 0.0 45097 29 14575.028571428571 70
720 0.1 41484.0 0.0 45097 29 14943.422535211268 71
730 0.1 41325.0 0.0 45097 29 15312.041666666666 72
740 0.1 35921.0 0.0 45097 29 15668.383561643835 73
750 0.1 28829.0 0.0 45097 29 15942.067567567568 74
760 0.1 18398.0 0.0 45097 29 16113.893333333333 75
770 0.1 9645.0 0.0 45097 29 16143.947368421053 76
780 0.1 5755.0 0.0 45097 29 16059.545454545454 77
790 0.1 3547.0 0.0 45097 29 15927.435897435897 78
800 0.1 1546.0 0.0 45097 29 15770.721518987342 79
810 0.1 376.0 0.0 45097 29 15592.9125 80
816 0.1 161.0 0.0 45097 29 15405.04938271605 81
