50 0.3 43318.289666666664 3689.6308867392436 48385.626 39706.827 0 0
60 1.1 45930.31109090909 6769.974755983504 62503.912 39625.657 43318.289666666664 3
70 1.2 51727.694333333326 7707.23378641781 64302.45 39512.165 45370.59221428571 14
80 1.4 49940.05185714286 10495.98947815295 71494.835 39474.405 48304.63934615384 26
90 1 46477.282999999996 8973.5360695141 71494.835 37357.109 48877.033725 40
100 1 47702.038 9650.594994737774 71494.835 37357.109 48397.08358 50
110 0.9 44729.835666666666 3601.423889312486 71494.835 37357.109 48281.24265 60
120 1.2 47055.75750000001 8197.561485496653 71494.835 34360.48 47818.01565217391 69
130 1.9 51759.83547368422 11753.011433335794 91897.356 34360.48 47705.08851851852 81
140 1.4 50208.826142857135 13319.109402612496 91897.356 34360.48 48475.490439999994 100
150 1 44206.89229999999 5505.641110334873 91897.356 34360.48 48688.35622807017 114
160 1.7 48067.02747058823 8173.227697979594 91897.356 34360.48 48326.947846774194 124
170 1.6 45844.4935625 8807.945899701373 91897.356 33296.159 48295.60992907801 141
180 1.6 48432.772874999995 5637.69628639367 91897.356 33296.159 48045.814630573244 157
190 2.3 52231.65730434783 11829.625405988625 91897.356 33296.159 48081.60267630057 173
200 2 45183.778600000005 6925.627717719724 91897.356 33296.159 48568.59888265306 196
210 2 48040.84910000001 5346.957650613985 91897.356 33296.159 48255.18959722222 216
220 2.1 48176.25833333334 8205.92855336565 91897.356 33296.159 48237.02514830509 236
230 2.4 44599.706 6315.588916586527 91897.356 33296.159 48232.05976653697 257
240 3.1 49646.32783870967 9106.727663161262 91897.356 33296.159 47921.82314590748 281
250 4 49369.59762500001 10086.07405273043 97204.277 33296.159 48093.168163461545 312
260 4 52752.12655 8491.762070510922 97204.277 33296.159 48238.216965909094 352
270 4 51470.397975 8579.23269534445 97204.277 33296.159 48698.81998469388 392
280 2.1 47297.220571428574 5799.800692832349 97204.277 33296.159 48955.44757638889 432
290 3.6 50114.94836111111 9239.96312586966 97204.277 33296.159 48878.576125827814 453
300 4.9 52220.790142857135 8830.60916091153 97204.277 33296.159 48969.59739468302 489
310 3.4 56547.19626470587 9744.626057193349 97204.277 33296.159 49265.70974535316 538
320 2.5 64591.20504000001 9730.079433375035 97204.277 33296.159 49698.52537762238 572
330 4 66241.306475 9308.047711462574 104108.863 33296.159 50322.17192964825 597
340 3.5 69317.38954285713 8334.169034473458 104108.863 33296.159 51321.803612244905 637
350 4.8 70876.22150000003 11425.241105097528 110251.249 33296.159 52259.073712797624 672
360 5.9 73502.6285084746 15317.68555446538 149507.187 33296.159 53500.216898611114 720
370 9.4 70475.23229787234 12283.984774052658 149507.187 33296.159 55015.162065468554 779
380 12.8 70380.24450000002 11981.537708472959 149507.187 33296.159 56679.82025773197 873
390 11.9 66945.47117647053 12463.603406416783 149507.187 33296.159 58431.72265834167 1001
400 9.4 67099.04587234043 10659.537099085319 149507.187 33296.159 59336.30843839286 1120
410 11.6 64846.68749999997 12548.986070732704 149507.187 33296.159 59937.377070016475 1214
420 14.5 60949.87621379311 12514.894000620425 149507.187 33296.159 60365.55752857143 1330
430 15.5 60645.71501935486 11068.956538754064 149507.187 33296.159 60422.99902644067 1475
440 15.6 60568.75940384612 12239.64050614666 149507.187 33296.159 60444.1775411043 1630
450 17.7 61315.955322033886 12833.419699981718 149507.187 33296.159 60455.05927155655 1786
460 18.3 61585.25957923498 12778.054559397795 149507.187 33296.159 60532.68464136525 1963
470 15.8 58750.9227721519 11767.337001123284 149507.187 33296.159 60622.44289561976 2146
480 17.6 59967.92367613641 11783.990831037605 149507.187 33296.159 60494.10080381945 2304
490 16.9 59985.179402366855 12797.882217455954 149507.187 33296.159 60456.75920120968 2480
500 16.2 59224.132117283945 11743.187177920017 149507.187 33296.159 60426.67351377879 2649
510 20.1 59279.04962686564 11417.628710507217 149507.187 33296.159 60357.37016755603 2811
520 19 59760.62716842107 11787.202183487103 149507.187 33296.159 60285.41052988048 3012
530 22.1 59535.13502714932 13541.719655760133 149507.187 33296.159 60254.270980012494 3202
540 21.9 57734.42407762557 11013.641345065502 149507.187 33296.159 60207.84122670172 3423
550 23.2 57474.06997844831 11680.818708416473 149507.187 33296.159 60059.11021197144 3642
560 23.8 56509.282462184834 10446.51054564309 149507.187 33296.159 59904.301400877644 3874
570 19.9 57502.0318492462 12391.19156004845 149507.187 33296.159 59707.79981833657 4112
580 24 57957.14070833332 11757.06836481042 149507.187 33296.159 59605.979399443284 4311
590 28 56370.81628571427 12781.203723458797 149507.187 33296.159 59519.02679872555 4551
600 29.7 54732.83899326599 10733.894407856436 149507.187 33296.159 59336.559619333464 4831
610 32.8 55447.727201219546 10528.90974316655 149507.187 33296.159 59069.924473868945 5128
620 32.1 55454.63008722745 11275.214411829362 149507.187 33296.159 58852.16774633431 5456
630 26.6 54676.114612781974 9930.707014630783 149507.187 33296.159 58663.382981132076 5777
640 28.6 55963.009108391605 12020.855459239796 149507.187 33296.159 58487.871912791656 6043
650 31.3 54713.55401597449 11734.852816236329 149507.187 33296.159 58373.77635866646 6329
660 34.5 54626.96736811596 10382.727471014137 149507.187 33296.159 58201.29072282445 6642
670 40.9 56057.73967970665 11289.429883348017 149507.187 33296.159 58024.79987448118 6987
680 38.8 56308.44123195878 10285.82008573211 149507.187 33296.159 57916.0211265549 7396
690 35.7 57378.91517366942 12137.162228378405 149507.187 33296.159 57835.889960174725 7784
700 29.4 56080.41534693876 10821.792887097257 149507.187 33296.159 57815.85065311388 8141
710 27 57476.619388888925 13080.00257739143 149507.187 33296.159 57755.36245157084 8435
720 33.7 53555.59575074186 10713.10754120228 149507.187 33296.159 57746.71677357841 8705
730 37.5 53810.85346933334 8952.566360894321 149507.187 33296.159 57590.51153306791 9042
740 39.5 55912.304286075974 9545.832496252551 149507.187 33296.159 57439.99950440693 9417
750 34 56074.33648235295 10241.985105091584 149507.187 33296.159 57378.49934019568 9812
760 33.6 57522.3448095238 10481.595975932438 149507.187 33296.159 57334.82170311269 10152
770 21.4 61981.32654672891 9843.36474136636 149507.187 33296.159 57340.829308352404 10488
780 14.3 68785.6067342657 8365.32533303471 149507.187 33296.159 57433.62190870866 10702
790 8.4 78887.72628571426 11834.431194036437 149507.187 33296.159 57583.30690917474 10845
800 2.8 85782.42217857142 8289.031097900393 149507.187 33296.159 57747.05210339464 10929
810 1.4 96456.7562142857 4528.845685812451 149507.187 33296.159 57818.694921876435 10957
816 0.1 99714.662 0.0 149507.187 33296.159 57868.00062400876 10971
