0 0.3421875 0.3421875
10 3.3 3.6421875
20 22.24921875 25.89140625
30 87.54296875 113.434375
40 142.6140625 256.0484375
50 191.34609375 447.39453125
60 211.01171875 658.40625
70 203.20625 861.6125
80 193.4328125 1055.0453125
90 207.4265625 1262.471875
100 234.17890625 1496.65078125
110 270.3390625 1766.98984375
120 262.10078125 2029.090625
130 271.13125 2300.221875
140 261.2421875 2561.4640625
150 293.46484375 2854.92890625
160 350.453125 3205.38203125
170 360.60703125 3565.9890625
180 393.2234375 3959.2125
190 393.0890625 4352.3015625
200 411.63515625 4763.93671875
210 479.81484375 5243.7515625
220 610.5125 5854.2640625
230 633.4859375 6487.75
240 702.25703125 7190.00703125
250 685.1453125 7875.15234375
260 744.16484375 8619.3171875
270 854.73828125 9474.05546875
280 892.65546875 10366.7109375
290 902.84453125 11269.55546875
300 864.80546875 12134.3609375
310 853.99453125 12988.35546875
320 857.34375 13845.69921875
330 1016.48828125 14862.1875
340 1199.1765625 16061.3640625
350 1398.240625 17459.6046875
360 1501.2328125 18960.8375
370 1523.24765625 20484.08515625
380 1543.4515625 22027.53671875
390 1571.1546875 23598.69140625
400 1789.74375 25388.43515625
410 2007.6359375 27396.07109375
420 2163.03828125 29559.109375
430 2179.78828125 31738.89765625
440 2235.39140625 33974.2890625
450 2148.41640625 36122.70546875
460 2132.24453125 38254.95
470 2147.628125 40402.578125
480 2303.72734375 42706.30546875
490 2245.4109375 44951.71640625
500 2579.2171875 47530.93359375
510 2441.75078125 49972.684375
520 2666.69609375 52639.38046875
530 2722.94765625 55362.328125
540 2709.1296875 58071.4578125
550 2748.96171875 60820.41953125
560 2786.834375 63607.25390625
570 3500.85546875 67108.109375
580 3156.86875 70264.978125
590 3590.22734375 73855.20546875
600 3513.46875 77368.67421875
610 3456.72421875 80825.3984375
620 3520.06953125 84345.46796875
630 3547.83125 87893.29921875
640 4090.7328125 91984.03203125
650 4404.7109375 96388.74296875
660 4126.97578125 100515.71875
670 3944.62890625 104460.34765625
680 3856.48984375 108316.8375
690 3727.5421875 112044.3796875
700 3494.54375 115538.9234375
710 3970.0828125 119509.00625
720 4397.35234375 123906.35859375
730 4195.12265625 128101.48125
740 3498.85078125 131600.33203125
750 2401.384375 134001.71640625
760 1581.43203125 135583.1484375
770 795.3875 136378.5359375
780 615.2125 136993.7484375
790 363.59375 137357.3421875
800 131.43359375 137488.77578125
810 29.11171875 137517.8875
816 2.23125 137520.11875
