0 20.665625 20.665625
10 131.33515625 152.00078125
20 325.778125 477.77890625
30 700.759375 1178.53828125
40 1127.3734375 2305.91171875
50 1387.90390625 3693.815625
60 1582.84453125 5276.66015625
70 1545.87265625 6822.5328125
80 1345.846875 8168.3796875
90 1556.20234375 9724.58203125
100 1755.6328125 11480.21484375
110 1942.17734375 13422.3921875
120 1830.51171875 15252.90390625
130 2085.34609375 17338.25
140 1883.5953125 19221.8453125
150 2234.5578125 21456.403125
160 2507.4296875 23963.8328125
170 2628.94375 26592.7765625
180 2804.934375 29397.7109375
190 3006.5421875 32404.253125
200 3217.64140625 35621.89453125
210 3663.4453125 39285.33984375
220 4489.23203125 43774.571875
230 4572.3140625 48346.8859375
240 4996.75234375 53343.63828125
250 5227.8546875 58571.49296875
260 5652.4703125 64223.96328125
270 6104.409375 70328.37265625
280 6683.05859375 77011.43125
290 6488.634375 83500.065625
300 6465.13828125 89965.20390625
310 6017.59609375 95982.8
320 6603.59609375 102586.39609375
330 6657.15234375 109243.5484375
340 7318.7671875 116562.315625
350 7129.48046875 123691.79609375
360 7939.53984375 131631.3359375
370 7300.5125 138931.8484375
380 6678.99453125 145610.84296875
390 6148.80546875 151759.6484375
400 7613.6921875 159373.340625
410 7664.115625 167037.45625
420 7708.025 174745.48125
430 7460.0265625 182205.5078125
440 6975.909375 189181.4171875
450 7312.12421875 196493.54140625
460 7386.51953125 203880.0609375
470 6451.99375 210332.0546875
480 8014.85 218346.9046875
490 6883.15078125 225230.05546875
500 7568.5046875 232798.56015625
510 6579.88671875 239378.446875
520 7685.59375 247064.040625
530 7729.18203125 254793.22265625
540 7177.01015625 261970.2328125
550 7670.43671875 269640.66953125
560 7465.50859375 277106.178125
570 9096.95 286203.128125
580 7200.7140625 293403.8421875
590 8667.7125 302071.5546875
600 8079.58203125 310151.13671875
610 8440.13671875 318591.2734375
620 9035.18046875 327626.45390625
630 8364.58203125 335991.0359375
640 9980.39453125 345971.43046875
650 10301.15078125 356272.58125
660 8239.5875 364512.16875
670 9162.73671875 373674.90546875
680 9164.75859375 382839.6640625
690 8914.45078125 391754.11484375
700 8452.7828125 400206.89765625
710 9505.29921875 409712.196875
720 8789.9140625 418502.1109375
730 7252.35703125 425754.46796875
740 7345.48515625 433099.953125
750 5463.86484375 438563.81796875
760 4798.1421875 443361.96015625
770 4044.8359375 447406.79609375
780 3653.1140625 451059.91015625
790 2030.94609375 453090.85625
800 780.69453125 453871.55078125
810 142.62734375 454014.178125
816 6.81484375 454020.99296875
