0 2 2
10 15 15
20 29 29
30 35 35
40 49 49
50 51 51
60 55 55
70 57 58
80 57 60
90 58 62
100 63 67
110 69 73
120 71 73
130 79 79
140 77 79
150 87 87
160 94 94
170 96 100
180 99 100
190 114 114
200 137 137
210 165 165
220 171 173
230 183 184
240 189 190
250 212 213
260 240 240
270 250 256
280 295 295
290 319 321
300 347 347
310 413 413
320 484 484
330 542 543
340 610 611
350 652 653
360 713 713
370 791 791
380 822 831
390 851 855
400 930 933
410 981 981
420 1001 1002
430 1023 1023
440 1033 1051
450 1029 1051
460 1066 1068
470 1075 1084
480 1109 1115
490 1171 1172
500 1231 1234
510 1265 1265
520 1311 1312
530 1285 1315
540 1330 1330
550 1422 1423
560 1516 1516
570 1632 1633
580 1651 1652
590 1660 1676
600 1693 1704
610 1760 1766
620 1871 1877
630 1968 1968
640 1971 1989
650 1961 1996
660 1864 1996
670 1806 1996
680 1872 1996
690 1927 1996
700 1987 1996
710 2048 2078
720 1930 2078
730 1555 2078
740 1160 2078
750 820 2078
760 484 2078
770 270 2078
780 127 2078
790 43 2078
800 15 2078
810 1 2078
816 0 2078
