0 0.2 2
10 1.3 15
20 1.4 29
30 0.6 35
40 1.4 49
50 0.5 54
60 1.5 69
70 1.4 83
80 1.4 97
90 1.1 108
100 1.5 123
110 1.5 138
120 1.4 152
130 2.7 179
140 1.2 191
150 2 211
160 2.4 235
170 1.8 253
180 1.9 272
190 3.8 310
200 4.3 353
210 4.8 401
220 2.7 428
230 3.6 464
240 3.7 501
250 6.3 564
260 6.8 632
270 5 682
280 6.6 748
290 6 808
300 7.7 885
310 10 985
320 9.6 1081
330 9.8 1179
340 10.3 1282
350 9 1372
360 12 1492
370 17.2 1664
380 15.9 1823
390 14.8 1971
400 17.3 2144
410 16.7 2311
420 16.5 2476
430 17.7 2653
440 16.6 2819
450 17.3 2992
460 22 3212
470 16.7 3379
480 21 3589
490 23.1 3820
500 22.2 4042
510 23.5 4277
520 23.6 4513
530 19.5 4708
540 26.4 4972
550 32.4 5296
560 33.2 5628
570 31.5 5943
580 25.9 6202
590 28.9 6491
600 33 6821
610 39.5 7216
620 43.2 7648
630 36.3 8011
640 28.9 8300
650 30.3 8603
660 24.8 8851
670 35.1 9202
680 45.4 9656
690 41.2 10068
700 35.4 10422
710 33.1 10753
720 21.9 10972
730 0 10972
740 0 10972
750 0 10972
760 0 10972
770 0 10972
780 0 10972
790 0 10972
800 0 10972
810 0 10972
816 0 10972
