0 0.9 9
10 2.3 32
20 2.7 59
30 5 109
40 7.9 188
50 11.5 303
60 13 433
70 15.2 585
80 15.1 736
90 16.8 904
100 18.5 1089
110 20.9 1298
120 23.1 1529
130 25 1779
140 24.4 2023
150 22.2 2245
160 20.4 2449
170 22.8 2677
180 26.5 2942
190 32.5 3267
200 38 3647
210 44.1 4088
220 43 4518
230 43.5 4953
240 42 5373
250 52.8 5901
260 46.4 6365
270 45.5 6820
280 46.8 7288
290 46.6 7754
300 45.4 8208
310 49.9 8707
320 56.1 9268
330 48.3 9751
340 45.8 10209
350 48.6 10695
360 51.2 11207
370 51.4 11721
380 50.3 12224
390 45.6 12680
400 50.9 13189
410 46.4 13653
420 48.8 14141
430 46.8 14609
440 41.6 15025
450 42.2 15447
460 53.7 15984
470 49.6 16480
480 40.6 16886
490 46 17346
500 36.2 17708
510 47.3 18181
520 46.6 18647
530 44.2 19089
540 46.3 19552
550 39.6 19948
560 40.8 20356
570 45.5 20811
580 49.6 21307
590 52.3 21830
600 37.6 22206
610 55.6 22762
620 18.4 22946
630 0 22946
640 62.8 23574
650 59.1 24165
660 50 24665
670 40.1 25066
680 38.4 25450
690 28.2 25732
700 60.1 26333
710 78 27113
720 68.8 27801
730 62.4 28425
740 47 28895
750 21.6 29111
760 19.5 29306
770 14 29446
780 4 29486
790 0 29486
800 7.2 29558
810 4.8 29606
820 1.9 29625
830 0.4 29629
840 0 29629
840 0 29629
