10 1.2 12
20 2.4 36
30 4.8 84
40 7.4 158
50 13.1 289
60 16.2 451
70 17.3 624
80 16.6 790
90 16.6 956
100 20.4 1160
110 22.4 1384
120 27.7 1661
130 29.5 1956
140 29.4 2250
150 23.9 2489
160 22.7 2716
170 24.9 2965
180 25.7 3222
190 32.5 3547
200 42.6 3973
210 48.1 4454
220 48.1 4935
230 47.9 5414
240 49.4 5908
250 57.7 6485
260 49.7 6982
270 45 7432
280 46.3 7895
290 48.4 8379
300 40.1 8780
310 47.1 9251
320 44.3 9694
330 33.8 10032
340 27 10302
350 32.9 10631
360 32.2 10953
370 29.7 11250
380 33.7 11587
390 25.5 11842
400 26.3 12105
410 21.5 12320
420 26.5 12585
430 21.7 12802
440 21.7 13019
450 19 13209
460 23.6 13445
470 20.3 13648
480 18.5 13833
490 18.2 14015
500 15 14165
510 14.9 14314
520 17.2 14486
530 15.7 14643
540 17.6 14819
550 15.3 14972
560 15.3 15125
570 14 15265
580 12.9 15394
590 13.4 15528
600 9.2 15620
610 10.6 15726
620 3.8 15764
630 0.1 15765
640 5.8 15823
650 10.3 15926
660 9 16016
670 5.9 16075
680 6.2 16137
690 3.7 16174
700 6.9 16243
710 8.1 16324
720 5.5 16379
730 4.5 16424
740 3 16454
750 1 16464
760 0.5 16469
770 0.7 16476
780 0.3 16479
790 0 16479
800 0.6 16485
810 1.5 16500
820 0.2 16502
830 0 16502
840 0 16502
840 0 16502
