280 6.3 63
290 19.8 261
300 35.9 620
310 45.8 1078
320 60.7 1685
330 86.8 2553
340 97.2 3525
350 105.1 4576
360 112.1 5697
370 117.5 6872
380 135.6 8228
390 162.3 9851
400 187.2 11723
410 191 13633
420 208 15713
430 214 17853
440 220.7 20060
450 229 22350
460 250.4 24854
470 271.1 27565
480 273.8 30303
490 274 33043
500 265.7 35700
510 296.1 38661
520 318 41841
530 325.9 45100
540 333 48430
550 349.5 51925
560 365.1 55576
570 382 59396
580 436.3 63759
590 444.1 68200
600 453.6 72736
610 476.4 77500
620 378.5 81285
630 87.5 82160
640 560.9 87769
650 703.5 94804
660 675.7 101561
670 567.5 107236
680 475.6 111992
690 430.7 116299
700 506.6 121365
710 585.4 127219
720 639 133609
730 626.7 139876
740 497.9 144855
750 286.6 147721
760 148.6 149207
770 67.3 149880
780 15.8 150038
790 0.3 150041
800 21.5 150256
810 12.2 150378
820 6.5 150443
830 1.6 150459
840 0 150459
840 0 150459
