280 1.1 11
290 4.3 54
300 8 134
310 9.3 227
320 13.2 359
330 14.4 503
340 17.6 679
350 22 899
360 24.7 1146
370 23.4 1380
380 21.9 1599
390 22.4 1823
400 29.5 2118
410 29 2408
420 33.7 2745
430 28.6 3031
440 30.5 3336
450 27.9 3615
460 33.8 3953
470 35.2 4305
480 31.3 4618
490 34.1 4959
500 24.5 5204
510 30.5 5509
520 36.3 5872
530 35 6222
540 36.1 6583
550 30.5 6888
560 31.7 7205
570 31.6 7521
580 32.1 7842
590 37.9 8221
600 29 8511
610 40.7 8918
620 14.4 9062
630 0.1 9063
640 41.6 9479
650 60.4 10083
660 63.5 10718
670 39.6 11114
680 33.9 11453
690 23.6 11689
700 44 12129
710 63.8 12767
720 65 13417
730 64.5 14062
740 58.8 14650
750 31.1 14961
760 35.8 15319
770 29.2 15611
780 9.4 15705
790 0 15705
800 19 15895
810 8.3 15978
820 3.8 16016
830 1.5 16031
840 0.2 16033
840 0 16033
