310 0.1 1
320 0.5 6
330 0.6 12
340 2.1 33
350 2.5 58
360 3.6 94
370 3.5 129
380 4.8 177
390 4.5 222
400 4.6 268
410 4.3 311
420 9.4 405
430 6.7 472
440 7.5 547
450 6.3 610
460 6.9 679
470 6.9 748
480 8.6 834
490 9 924
500 5.9 983
510 9.3 1076
520 8.4 1160
530 8.8 1248
540 9.3 1341
550 9.5 1436
560 9.3 1529
570 8.1 1610
580 8.4 1694
590 10.3 1797
600 9.3 1890
610 12.8 2018
620 6.1 2079
630 0.2 2081
640 9.3 2174
650 11.6 2290
660 13.8 2428
670 20 2628
680 15.6 2784
690 8.6 2870
700 12 2990
710 16.6 3156
720 18.3 3339
730 21.3 3552
740 20.4 3756
750 16.9 3925
760 22.3 4148
770 19.8 4346
780 7 4416
790 0 4416
800 13.3 4549
810 6.1 4610
820 2.1 4631
830 1.1 4642
840 0.4 4646
840 0 4646
