280 8.5 85
290 16.9 254
300 27.7 531
310 29.2 823
320 41.2 1235
330 69.7 1932
340 69.5 2627
350 64.5 3272
360 70.4 3976
370 84.9 4825
380 103.8 5863
390 123.7 7100
400 128.2 8382
410 134.4 9726
420 140.1 11127
430 164.6 12773
440 175.8 14531
450 180.2 16333
460 180.5 18138
470 198.2 20120
480 217.7 22297
490 208.3 24380
500 227.1 26651
510 231.5 28966
520 238.1 31347
530 256.6 33913
540 264.8 36561
550 298.5 39546
560 304.4 42590
570 310.7 45697
580 356.1 49258
590 353 52788
600 389 56678
610 383.8 60516
620 369.2 64208
630 141.5 65623
640 426.2 69885
650 493.5 74820
660 479.2 79612
670 529.7 84909
680 449.9 89408
690 415.8 93566
700 408.1 97647
710 414 101787
720 439.4 106181
730 398.9 110170
740 327.2 113442
750 241.8 115860
760 108.2 116942
770 37.5 117317
780 0 117317
790 0 117317
800 3.4 117351
810 0 117351
820 0 117351
830 0 117351
840 0 117351
840 0 117351
