0 0.6 5.450499999999999 8.952474867320209 25.467 1.228 0 0
10 0.9 1.678222222222222 0.47590119837765055 25.467 1.228 5.450499999999999 6
20 0.6 1.4446666666666668 0.060450163128168886 25.467 1.228 3.187133333333333 15
30 1.1 1.4230909090909092 0.11229543384666144 25.467 1.196 2.689285714285714 21
40 1.2 1.4016666666666666 0.08693611958725149 25.467 1.196 2.2540312499999997 32
50 0.9 1.5824444444444443 0.12655004377813117 25.467 1.196 2.0215681818181817 44
60 0.7 8.643142857142855 17.640694167007076 51.853 1.196 1.947 53
70 1.6 1.4116875000000002 0.1259343672066922 51.853 1.158 2.7282166666666665 60
80 1.1 1.4643636363636363 0.1228866977986949 51.853 1.158 2.451052631578947 76
90 2.1 1.3670476190476188 0.09347038043220207 51.853 1.158 2.3262988505747124 87
100 1.7 1.4239411764705885 0.16966939152995544 51.853 1.114 2.1397777777777773 108
110 2 1.4612999999999996 0.12450827281751198 51.853 1.114 2.0424239999999996 125
120 1.4 2.5222142857142855 2.859526738529882 51.853 1.114 1.962268965517241 145
130 1.1 1.5233636363636365 0.16406333185542743 51.853 1.114 2.0115723270440244 159
140 1.8 1.4780555555555557 0.09516738016207853 51.853 1.114 1.9799823529411757 170
150 1.7 1.6050588235294119 0.3861152632826012 51.853 1.114 1.931925531914893 188
160 1.8 1.4496666666666664 0.16957201026899063 51.853 1.114 1.9048195121951215 205
170 2.7 1.418037037037037 0.1484371625330075 51.853 1.114 1.8680807174887888 223
180 3.6 1.6659444444444442 1.6299540883862076 51.853 1.114 1.8194759999999994 250
190 4.7 1.436851063829787 0.22428239975373415 51.853 1.114 1.800150349650349 286
200 4.1 1.3900487804878052 0.11375711207345794 51.853 1.114 1.7488738738738732 333
210 4.2 1.4107380952380955 0.10214906463544199 51.853 1.114 1.7095374331550794 374
220 4.2 1.6994047619047616 1.268669307722969 51.853 1.114 1.6793701923076916 416
230 4 2.0742749999999996 2.1978259142559495 51.853 1.114 1.6812074235807855 458
240 2.7 1.465444444444444 0.2918880218233537 51.853 1.114 1.7127791164658628 498
250 6.3 1.5154761904761909 1.0277828171721768 51.853 1.112 1.7000590476190471 525
260 6.9 1.3496521739130434 0.12367287684164462 51.853 1.112 1.6802823129251696 588
270 5.1 1.5841960784313722 1.2602498354801555 51.853 1.112 1.6455585996955857 657
280 11 1.366336363636364 0.22431350939225164 51.853 1.112 1.641138418079096 708
290 23.8 1.4987352941176477 1.001483962632347 51.853 1.026 1.604184596577017 818
300 40.1 1.5750997506234417 1.518470038190656 51.853 0.92 1.5804185606060606 1056
310 53.1 1.3305329566854978 0.6318450252391851 51.853 0.904 1.5789547014413179 1457
320 67.9 1.4959219440353448 1.3357825795935347 51.853 0.882 1.5126006036217303 1988
330 94.5 1.461515343915345 1.2159477606553954 51.853 0.876 1.508354330708661 2667
340 102.7 1.6146270691334 1.5322945958587837 51.853 0.845 1.4960999446290146 3612
350 114.2 1.7119387040280236 1.7327496930802713 51.853 0.845 1.5223399439534386 4639
360 124.4 1.6806993569131832 1.6273737002967668 51.853 0.845 1.5597939802802292 5781
370 130.8 1.62642660550459 1.503660418578338 51.853 0.845 1.5812041281138798 7025
380 148.4 1.747603099730456 1.8897843117036643 51.853 0.842 1.5883025321012851 8333
390 173.7 1.8954265975820364 1.9971084821604208 51.853 0.842 1.6123834165223598 9817
400 198.6 2.3367059415911338 2.5999189855173808 51.853 0.842 1.654935433616064 11554
410 202.5 2.4376266666666653 2.809161049381643 51.853 0.842 1.7549351550960113 13540
420 225.3 2.8820071016422553 3.8833867292706232 51.853 0.842 1.8437530356569218 15565
430 231.4 2.778470181503889 3.3781179811250537 51.853 0.842 1.9750352452576043 17818
440 239.7 2.639551105548607 2.9426870165449692 51.853 0.842 2.067383171070931 20132
450 244.6 2.66552902698283 3.146258481094746 51.853 0.842 2.1282596653202535 22529
460 266.7 3.0494315710536073 3.4323030410829696 51.853 0.842 2.1808787187187186 24975
470 287.7 3.2230830726451174 3.6735732698622034 51.853 0.842 2.2646798350336432 27642
480 293.9 2.9502698196665627 3.210268830319944 51.853 0.842 2.355027687669975 30519
490 297.9 2.969899295065466 3.1181231967031438 51.853 0.842 2.407314633271564 33458
500 285.7 4.603900945047255 7.184845985289476 61.248 0.828 2.453310179213437 36437
510 317.7 3.294790997796667 3.5310259087521607 61.248 0.828 2.609675981065812 39294
520 336.7 3.438813186813199 3.6664441974497453 61.248 0.828 2.660925313743496 42471
530 350.7 3.5672629027658926 3.710973475620127 61.248 0.828 2.7180645534272885 45838
540 359.1 3.5701690336953553 3.6136920157251744 61.248 0.828 2.778417955213295 49345
550 376.9 3.3750119395064995 3.3864895776377093 61.248 0.828 2.8321276824845105 52936
560 388.3 3.8424269894411527 4.025294464719077 61.248 0.828 2.868211462833966 56705
570 410.4 4.17072222222223 4.091226284984095 61.248 0.826 2.9306475704760024 60588
580 463.5 4.72255943905071 4.470220831344578 61.248 0.826 3.0093167470475493 64692
590 473 5.04863615221989 4.9689102702875125 61.248 0.826 3.1238591313629627 69327
600 481.5 15.096650674974013 101.23234873597043 1041.486 0.826 3.2467941045410997 74057
610 514.2 5.2898243873979 4.624609685600559 1041.486 0.826 3.970207475403186 78872
620 396.5 56.08706355611599 221.39151032874946 1059.343 0.826 4.050973421096485 84014
630 97.7 1674.2808393039925 1722.1205193895803 7341.239 0.826 6.396113708953273 87979
640 608.6 2123.8101602037377 4806.609926987854 15505.122 0.826 24.714421376860475 88956
650 707 30.728527864214975 12.930807801405525 15505.122 0.826 159.12969742850473 95042
660 706.9 30.291416183335706 11.020419328587373 15505.122 0.826 150.23949579873027 102112
670 640.4 10.118536695815092 6.817429308339021 15505.122 0.826 142.47337371887 109181
680 532.2 5.805830514844037 4.976989958328936 15505.122 0.826 135.14023900160007 115585
690 469.6 63.342464863713495 234.12345069625377 15505.122 0.826 129.44728721248515 120907
700 539.1 6.5659398998330545 5.32121131516182 15505.122 0.826 126.97578377904938 125603
710 615.2 10.435790637191118 6.559025980667786 15505.122 0.826 122.02037003221476 130994
720 643.7 14.513430324685453 7.700224941927605 15505.122 0.826 117.01498648155936 137146
730 637.6 13.645893036386497 10.063527121663604 15505.122 0.826 112.41971742476434 143583
740 526 21.495091254752893 120.58443355193081 15505.122 0.826 108.22002347975072 149959
750 323.5 15.278414837712505 105.61273068389049 15505.122 0.826 105.28112332253099 155219
760 175.9 45.91695963615699 205.67412653721132 15505.122 0.826 103.44362624484037 158454
770 74.4 9.68775268817204 55.099031255077215 15505.122 0.826 102.8120332619696 160213
780 26 1.2776384615384624 0.6776917441279415 15505.122 0.826 102.38158000583967 160957
790 0.4 1.57275 0.09009266063337233 15505.122 0.826 102.21852632786826 161217
800 17.5 1.3396171428571417 0.5668121752325339 15505.122 0.826 102.21602923936668 161221
810 14.5 1.3775655172413792 0.40721921257082333 15505.122 0.826 102.10664999752122 161396
820 7.6 1.4650657894736847 0.1563565708587026 15505.122 0.826 102.01623507344844 161541
830 2 1.53205 0.15156598398057522 15505.122 0.826 101.9689511313781 161617
840 0.2 1.633 0.05400000000000005 15505.122 0.826 101.95652366722926 161637
840 0 0 0 15505.122 0.826 101.95528233903907 161639
