0 6 6
10 15 9
20 21 6
30 32 11
40 42 10
50 49 7
60 53 4
70 62 9
80 60 -2
90 71 11
100 74 3
110 84 10
120 88 4
130 81 -7
140 83 2
150 77 -6
160 78 1
170 91 13
180 113 22
190 144 31
200 169 25
210 196 27
220 211 15
230 233 22
240 236 3
250 282 46
260 323 41
270 352 29
280 376 24
290 394 18
300 393 -1
310 436 43
320 474 38
330 483 9
340 450 -33
350 460 10
360 499 39
370 531 32
380 564 33
390 566 2
400 572 6
410 552 -20
420 594 42
430 635 41
440 646 11
450 634 -12
460 643 9
470 639 -4
480 646 7
490 692 46
500 700 8
510 714 14
520 719 5
530 741 22
540 794 53
550 828 34
560 810 -18
570 888 78
580 901 13
590 915 14
600 879 -36
610 951 72
620 839 -112
630 942 103
640 1146 204
650 900 -246
660 890 -10
670 974 84
680 1049 75
690 1078 29
700 1098 20
710 1121 23
720 807 -314
730 549 -258
740 422 -127
750 380 -42
760 302 -78
770 141 -161
780 193 52
790 194 1
800 35 -159
810 11 -24
820 5 -6
830 0 -5
840 0 0
840 0 0
