0 0.1 9.432010532255031 0 9.432010532255031 9.432010532255031 0 0
10 0.1 7.884231536926148 0.0 9.432010532255031 7.884231536926148 9.432010532255031 1
20 0.1 2.3023023023023024 0.0 9.432010532255031 2.3023023023023024 8.65812103459059 2
30 0.1 0.9027081243731194 0.0 9.432010532255031 0.9027081243731194 6.5395147904944935 3
40 0.1 0.8048289738430584 0.0 9.432010532255031 0.8048289738430584 5.13031312396415 4
50 0.1 1.5090543259557343 0.0 9.432010532255031 0.8048289738430584 4.265216293939932 5
60 0.1 1.8163471241170535 0.0 9.432010532255031 0.8048289738430584 3.8058559659425657 6
70 0.1 1.3118062563067607 0.0 9.432010532255031 0.8048289738430584 3.52164041711035 7
80 0.1 2.318548387096774 0.0 9.432010532255031 0.8048289738430584 3.245411147009901 8
90 0.1 2.112676056338028 0.0 9.432010532255031 0.8048289738430584 3.1424263959084424 9
100 0.1 1.7206477732793521 0.0 9.432010532255031 0.8048289738430584 3.039451361951401 10
110 0.1 2.327935222672065 0.0 9.432010532255031 0.8048289738430584 2.9195601266175784 11
120 0.1 2.4242424242424243 0.0 9.432010532255031 0.8048289738430584 2.870258051288786 12
130 0.1 3.128153380423814 0.0 9.432010532255031 0.8048289738430584 2.835949156900604 13
140 0.1 3.0364372469635628 0.0 9.432010532255031 0.8048289738430584 2.8568208871522613 14
150 0.1 4.838709677419355 0.0 9.432010532255031 0.8048289738430584 2.868795311139682 15
160 0.1 2.721774193548387 0.0 9.432010532255031 0.8048289738430584 2.991914959032161 16
170 0.1 1.7258883248730965 0.0 9.432010532255031 0.8048289738430584 2.97602432576841 17
180 0.1 2.525252525252525 0.0 9.432010532255031 0.8048289738430584 2.90657232571867 18
190 0.1 2.5380710659898478 0.0 9.432010532255031 0.8048289738430584 2.886502862536241 19
200 0.1 2.9591836734693877 0.0 9.432010532255031 0.8048289738430584 2.8690812727089217 20
210 0.1 4.383282364933741 0.0 9.432010532255031 0.8048289738430584 2.8733718632213248 21
220 0.1 4.781281790437437 0.0 9.432010532255031 0.8048289738430584 2.9420041587537074 22
230 0.1 5.870445344129554 0.0 9.432010532255031 0.8048289738430584 3.0219727514356087 23
240 0.1 4.979674796747967 0.0 9.432010532255031 0.8048289738430584 3.1406591094645226 24
250 0.1 5.380710659898477 0.0 9.432010532255031 0.8048289738430584 3.2142197369558607 25
260 0.1 6.4646464646464645 0.0 9.432010532255031 0.8048289738430584 3.2975463109151923 26
270 0.1 5.465587044534413 0.0 9.432010532255031 0.8048289738430584 3.4148463166089433 27
280 0.1 4.795918367346939 0.0 9.432010532255031 0.8048289738430584 3.4880870568919957 28
290 0.1 9.7979797979798 0.0 9.7979797979798 0.8048289738430584 3.533184688286994 29
300 0.1 15.674603174603174 0.0 15.674603174603174 0.8048289738430584 3.742011191943421 30
310 0.1 19.16167664670659 0.0 19.16167664670659 0.8048289738430584 4.126933513964704 31
320 0.1 20.90452261306533 0.0 20.90452261306533 0.8048289738430584 4.596769236862888 32
330 0.1 25.666337611056267 0.0 25.666337611056267 0.8048289738430584 5.090943581596295 33
340 0.1 27.16297786720322 0.0 27.16297786720322 0.8048289738430584 5.696102229521588 34
350 0.1 27.96352583586626 0.0 27.96352583586626 0.8048289738430584 6.309441533455349 35
360 0.1 30.59177532597793 0.0 30.59177532597793 0.8048289738430584 6.910943875188985 36
370 0.1 31.472081218274113 0.0 31.472081218274113 0.8048289738430584 7.55096634683193 37
380 0.1 32.565130260521045 0.0 32.565130260521045 0.8048289738430584 8.18046936976462 38
390 0.1 35.04531722054381 0.0 35.04531722054381 0.8048289738430584 8.80571708491222 39
400 0.1 37.635467980295566 0.0 37.635467980295566 0.8048289738430584 9.46170708830301 40
410 0.1 39.39393939393939 0.0 39.39393939393939 0.8048289738430584 10.148871988107706 41
420 0.1 40.72620215897939 0.0 40.72620215897939 0.8048289738430584 10.845183116817983 42
430 0.1 42.0533070088845 0.0 42.0533070088845 0.8048289738430584 11.540090536403131 43
440 0.1 41.38266796494644 0.0 42.0533070088845 0.8048289738430584 12.233572728959524 44
450 0.1 42.787524366471736 0.0 42.787524366471736 0.8048289738430584 12.881330400870345 45
460 0.1 42.028985507246375 0.0 42.787524366471736 0.8048289738430584 13.531465052296463 46
470 0.1 44.336882865440465 0.0 44.336882865440465 0.8048289738430584 14.137795274742206 47
480 0.1 43.34305150631681 0.0 44.336882865440465 0.8048289738430584 14.766942932881753 48
490 0.1 43.587270973963356 0.0 44.336882865440465 0.8048289738430584 15.350128822135527 49
500 0.1 44.22158548233047 0.0 44.336882865440465 0.8048289738430584 15.914871665172084 50
510 0.1 45.22661523625844 0.0 45.22661523625844 0.8048289738430584 16.469905269430093 51
520 0.1 44.92337164750958 0.0 45.22661523625844 0.8048289738430584 17.02291892263833 52
530 0.1 44.99036608863199 0.0 45.22661523625844 0.8048289738430584 17.549342558956656 53
540 0.1 45.077220077220076 0.0 45.22661523625844 0.8048289738430584 18.05750966135805 54
550 0.1 45.542635658914726 0.0 45.542635658914726 0.8048289738430584 18.54877712346463 55
560 0.1 46.2890625 0.0 46.2890625 0.8048289738430584 19.03081031159767 56
570 0.1 46.12403100775194 0.0 46.2890625 0.8048289738430584 19.509025262271397 57
580 0.1 47.07602339181287 0.0 47.07602339181287 0.8048289738430584 19.96790467167623 58
590 0.1 47.53451676528599 0.0 47.53451676528599 0.8048289738430584 20.42736431100058 59
600 0.1 47.576656775469836 0.0 47.576656775469836 0.8048289738430584 20.879150185238675 60
610 0.1 46.138415245737214 0.0 47.576656775469836 0.8048289738430584 21.31681422770148 61
620 0.1 47.00598802395209 0.0 47.576656775469836 0.8048289738430584 21.717162631218187 62
630 0.1 33.828207847295864 0.0 47.576656775469836 0.8048289738430584 22.118572558086978 63
640 0.1 15.360501567398119 0.0 47.576656775469836 0.8048289738430584 22.30153560948087 64
650 0.1 48.722986247544206 0.0 48.722986247544206 0.8048289738430584 22.194750470371904 65
660 0.1 49.43074003795066 0.0 49.43074003795066 0.8048289738430584 22.596693436692696 66
670 0.1 49.266862170087975 0.0 49.43074003795066 0.8048289738430584 22.99720159492043 67
680 0.1 49.404761904761905 0.0 49.43074003795066 0.8048289738430584 23.38352013279054 68
690 0.1 49.35579781962339 0.0 49.43074003795066 0.8048289738430584 23.76063957876114 69
700 0.1 49.30139720558882 0.0 49.43074003795066 0.8048289738430584 24.126284696487744 70
710 0.1 49.30417495029821 0.0 49.43074003795066 0.8048289738430584 24.4808637459117 71
720 0.1 49.30417495029821 0.0 49.43074003795066 0.8048289738430584 24.825631957083736 72
730 0.1 49.31506849315068 0.0 49.43074003795066 0.8048289738430584 25.1609544638401 73
740 0.1 49.4140625 0.0 49.43074003795066 0.8048289738430584 25.48736141018213 74
750 0.1 49.25373134328358 0.0 49.43074003795066 0.8048289738430584 25.8063840913797 75
760 0.1 49.45054945054945 0.0 49.45054945054945 0.8048289738430584 26.11490181837844 76
770 0.1 26.25754527162978 0.0 49.45054945054945 0.8048289738430584 26.417962177237804 77
780 0.1 12.854251012145749 0.0 49.45054945054945 0.8048289738430584 26.415905550242826 78
790 0.1 0.1004016064257028 0.0 49.45054945054945 0.1004016064257028 26.244239037102357 79
800 0.1 1.7982017982017984 0.0 49.45054945054945 0.1004016064257028 25.9174410692189 80
810 0.1 6.740442655935613 0.0 49.45054945054945 0.1004016064257028 25.619672683156956 81
820 0.1 3.003003003003003 0.0 49.45054945054945 0.1004016064257028 25.38943817062987 82
830 0.1 1.4042126379137412 0.0 49.45054945054945 0.1004016064257028 25.11972208427292 83
840 0.1 0.30060120240480964 0.0 49.45054945054945 0.1004016064257028 24.837394590863877 84
