0 0 0
10 0 0
20 0 0
30 0 0
40 0.2 2
50 0.2 4
60 0.3 7
70 0.7 14
80 1.3 27
90 0.9 36
100 1.4 50
110 1.1 61
120 0.9 70
130 1.9 89
140 1.5 104
150 2.3 127
160 1.8 145
170 1.3 158
180 1.4 172
190 1.5 187
200 1.6 203
210 1.5 218
220 2.7 245
230 2 265
240 2.4 289
250 1.6 305
260 2.8 333
270 2.2 355
280 2.4 379
290 2.3 402
300 4 442
310 3 472
320 3.6 508
330 6.6 574
340 9.1 665
350 7.9 744
360 8.4 828
370 10 928
380 9.4 1022
390 11.3 1135
400 10.6 1241
410 14.1 1382
420 12.9 1511
430 13.3 1644
440 18.3 1827
450 16.6 1993
460 15 2143
470 16.6 2309
480 19.4 2503
490 19.2 2695
500 20 2895
510 20 3095
520 18.5 3280
530 22.1 3501
540 20.2 3703
550 23.9 3942
560 24.8 4190
570 21 4400
580 26.2 4662
590 27.5 4937
600 31.6 5253
610 29.8 5551
620 30 5851
630 9.5 5946
640 16.6 6112
650 28.5 6397
660 33.5 6732
670 63.1 7363
680 48.6 7849
690 37.1 8220
700 30.1 8521
710 27.1 8792
720 36.4 9156
730 36.1 9517
740 40.6 9923
750 43 10353
760 33.3 10686
770 23.4 10920
780 4 10960
790 0 10960
800 12.2 11082
810 4.5 11127
820 1.7 11144
830 0.8 11152
840 0.2 11154
840 0 11154
