0 0.1 3508.78125 0 3508.78125 3508.78125 0 0
10 0.1 3509.7109375 0.0 3509.7109375 3508.78125 3508.78125 1
20 0.1 3508.30859375 0.0 3509.7109375 3508.30859375 3509.24609375 2
30 0.1 3497.84375 0.0 3509.7109375 3497.84375 3508.93359375 3
40 0.1 3495.81640625 0.0 3509.7109375 3495.81640625 3506.1611328125 4
50 0.1 3482.09375 0.0 3509.7109375 3482.09375 3504.0921875 5
60 0.1 3480.76171875 0.0 3509.7109375 3480.76171875 3500.42578125 6
70 0.1 3477.8671875 0.0 3509.7109375 3477.8671875 3497.616629464286 7
80 0.1 3474.1015625 0.0 3509.7109375 3474.1015625 3495.14794921875 8
90 0.1 3472.640625 0.0 3509.7109375 3472.640625 3492.8094618055557 9
100 0.1 3466.19140625 0.0 3509.7109375 3466.19140625 3490.792578125 10
110 0.1 3460.00390625 0.0 3509.7109375 3460.00390625 3488.5561079545455 11
120 0.1 3460.37109375 0.0 3509.7109375 3460.00390625 3486.1767578125 12
130 0.1 3462.328125 0.0 3509.7109375 3460.00390625 3484.191706730769 13
140 0.1 3462.52734375 0.0 3509.7109375 3460.00390625 3482.6300223214284 14
150 0.1 3463.69140625 0.0 3509.7109375 3460.00390625 3481.28984375 15
160 0.1 3463.9765625 0.0 3509.7109375 3460.00390625 3480.18994140625 16
170 0.1 3466.86328125 0.0 3509.7109375 3460.00390625 3479.236213235294 17
180 0.1 3467.09765625 0.0 3509.7109375 3460.00390625 3478.548828125 18
190 0.1 3459.08203125 0.0 3509.7109375 3459.08203125 3477.9461348684213 19
200 0.1 3435.0078125 0.0 3509.7109375 3435.0078125 3477.0029296875 20
210 0.1 3422.24609375 0.0 3509.7109375 3422.24609375 3475.0031622023807 21
220 0.1 3409.94140625 0.0 3509.7109375 3409.94140625 3472.6051136363635 22
230 0.1 3404.09375 0.0 3509.7109375 3404.09375 3469.880604619565 23
240 0.1 3382.64453125 0.0 3509.7109375 3382.64453125 3467.1394856770835 24
250 0.1 3368.70703125 0.0 3509.7109375 3368.70703125 3463.7596875 25
260 0.1 3359.5 0.0 3509.7109375 3359.5 3460.103816105769 26
270 0.1 3344.63671875 0.0 3509.7109375 3344.63671875 3456.3777488425926 27
280 0.1 3342.9375 0.0 3509.7109375 3342.9375 3452.3869977678573 28
290 0.1 3324.22265625 0.0 3509.7109375 3324.22265625 3448.6128771551726 29
300 0.1 3302.25390625 0.0 3509.7109375 3302.25390625 3444.4665364583334 30
310 0.1 3304.578125 0.0 3509.7109375 3302.25390625 3439.8790322580644 31
320 0.1 3285.51953125 0.0 3509.7109375 3285.51953125 3435.65087890625 32
330 0.1 3256.453125 0.0 3509.7109375 3256.453125 3431.101444128788 33
340 0.1 3253.9921875 0.0 3509.7109375 3253.9921875 3425.964728860294 34
350 0.1 3257.109375 0.0 3509.7109375 3253.9921875 3421.0512276785716 35
360 0.1 3269.28125 0.0 3509.7109375 3253.9921875 3416.497287326389 36
370 0.1 3268.71875 0.0 3509.7109375 3253.9921875 3412.518475506757 37
380 0.1 3270.15234375 0.0 3509.7109375 3253.9921875 3408.734272203948 38
390 0.1 3255.51171875 0.0 3509.7109375 3253.9921875 3405.1808894230776 39
400 0.1 3252.24609375 0.0 3509.7109375 3252.24609375 3401.4391601562506 40
410 0.1 3254.453125 0.0 3509.7109375 3252.24609375 3397.8003048780497 41
420 0.1 3253.9453125 0.0 3509.7109375 3252.24609375 3394.387276785715 42
430 0.1 3254.09765625 0.0 3509.7109375 3252.24609375 3391.121184593024 43
440 0.1 3254.61328125 0.0 3509.7109375 3252.24609375 3388.007013494319 44
450 0.1 3257.30078125 0.0 3509.7109375 3252.24609375 3385.042708333334 45
460 0.1 3258.42578125 0.0 3509.7109375 3252.24609375 3382.265709918479 46
470 0.1 3257.12890625 0.0 3509.7109375 3252.24609375 3379.6308178191493 47
480 0.1 3258.0625 0.0 3509.7109375 3252.24609375 3377.078694661459 48
490 0.1 3260.26953125 0.0 3509.7109375 3252.24609375 3374.6497927295923 49
500 0.1 3258.47265625 0.0 3509.7109375 3252.24609375 3372.362187500001 50
510 0.1 3257.78125 0.0 3509.7109375 3252.24609375 3370.129059436275 51
520 0.1 3260.0390625 0.0 3509.7109375 3252.24609375 3367.968524639424 52
530 0.1 3257.8984375 0.0 3509.7109375 3252.24609375 3365.932119693397 53
540 0.1 3258.13671875 0.0 3509.7109375 3252.24609375 3363.931495949075 54
550 0.1 3257.97265625 0.0 3509.7109375 3252.24609375 3362.007954545455 55
560 0.1 3242.06640625 0.0 3509.7109375 3242.06640625 3360.150181361608 56
570 0.1 3240.1796875 0.0 3509.7109375 3240.1796875 3358.078536184211 57
580 0.1 3237.63671875 0.0 3509.7109375 3237.63671875 3356.0457974137935 58
590 0.1 3221.6015625 0.0 3509.7109375 3221.6015625 3354.038863877119 59
600 0.1 3202.6484375 0.0 3509.7109375 3202.6484375 3351.8315755208337 60
610 0.1 3204.59765625 0.0 3509.7109375 3202.6484375 3349.3859503073777 61
620 0.1 3204.1796875 0.0 3509.7109375 3202.6484375 3347.050655241936 62
630 0.1 3201.58203125 0.0 3509.7109375 3201.58203125 3344.782862103175 63
640 0.1 3198.62890625 0.0 3509.7109375 3198.62890625 3342.545349121094 64
650 0.1 3103.078125 0.0 3509.7109375 3103.078125 3340.3312500000006 65
660 0.1 3096.8046875 0.0 3509.7109375 3096.8046875 3336.7365056818185 66
670 0.1 3101.9140625 0.0 3509.7109375 3096.8046875 3333.155433768657 67
680 0.1 3113.90625 0.0 3509.7109375 3096.8046875 3329.7548253676473 68
690 0.1 3118.71875 0.0 3509.7109375 3096.8046875 3326.626585144928 69
700 0.1 3134.8046875 0.0 3509.7109375 3096.8046875 3323.656473214286 70
710 0.1 3145.8828125 0.0 3509.7109375 3096.8046875 3320.996588908451 71
720 0.1 3107.1328125 0.0 3509.7109375 3096.8046875 3318.5644531250005 72
730 0.1 3063.8984375 0.0 3509.7109375 3063.8984375 3315.6681292808225 73
740 0.1 3068.2421875 0.0 3509.7109375 3063.8984375 3312.265836148649 74
750 0.1 3071.0703125 0.0 3509.7109375 3063.8984375 3309.0121875000004 75
760 0.1 3077.91796875 0.0 3509.7109375 3063.8984375 3305.8813733552633 76
770 0.1 3099.89453125 0.0 3509.7109375 3063.8984375 3302.920809659091 77
780 0.1 3152.89453125 0.0 3509.7109375 3063.8984375 3300.317908653846 78
790 0.1 3153.62890625 0.0 3509.7109375 3063.8984375 3298.4517899525317 79
800 0.1 3153.96484375 0.0 3509.7109375 3063.8984375 3296.64150390625 80
810 0.1 3218.421875 0.0 3509.7109375 3063.8984375 3294.8800636574074 81
820 0.1 3229.40234375 0.0 3509.7109375 3063.8984375 3293.947646722561 82
830 0.1 3229.91796875 0.0 3509.7109375 3063.8984375 3293.1699924698796 83
840 0.1 3245.9140625 0.0 3509.7109375 3063.8984375 3292.4169921875 84
