0 0.1 0.28125 0 0.28125 0.28125 0 0
10 0.1 0.3203125 0.0 0.3203125 0.28125 0.28125 1
20 0.1 0.26953125 0.0 0.3203125 0.26953125 0.30078125 2
30 0.1 0.23046875 0.0 0.3203125 0.23046875 0.2903645833333333 3
40 0.1 0.19140625 0.0 0.3203125 0.19140625 0.275390625 4
50 0.1 0.16015625 0.0 0.3203125 0.16015625 0.25859375 5
60 0.1 0.140625 0.0 0.3203125 0.140625 0.2421875 6
70 0.1 0.109375 0.0 0.3203125 0.109375 0.22767857142857142 7
80 0.1 0.1015625 0.0 0.3203125 0.1015625 0.212890625 8
90 0.1 0.078125 0.0 0.3203125 0.078125 0.20052083333333334 9
100 0.1 0.0703125 0.0 0.3203125 0.0703125 0.18828125 10
110 0.1 0.05859375 0.0 0.3203125 0.05859375 0.17755681818181818 11
120 0.1 0.05078125 0.0 0.3203125 0.05078125 0.16764322916666666 12
130 0.1 0.0390625 0.0 0.3203125 0.0390625 0.15865384615384615 13
140 0.1 0.109375 0.0 0.3203125 0.0390625 0.15011160714285715 14
150 0.1 0.08984375 0.0 0.3203125 0.0390625 0.14739583333333334 15
160 0.1 0.078125 0.0 0.3203125 0.0390625 0.143798828125 16
170 0.1 0.05859375 0.0 0.3203125 0.0390625 0.13993566176470587 17
180 0.1 0.05078125 0.0 0.3203125 0.0390625 0.13541666666666666 18
190 0.1 0.0390625 0.0 0.3203125 0.0390625 0.13096217105263158 19
200 0.1 0.0390625 0.0 0.3203125 0.0390625 0.1263671875 20
210 0.1 0.03125 0.0 0.3203125 0.03125 0.12220982142857142 21
220 0.1 0.03125 0.0 0.3203125 0.03125 0.11807528409090909 22
230 0.1 0.1796875 0.0 0.3203125 0.03125 0.11430027173913043 23
240 0.1 0.1484375 0.0 0.3203125 0.03125 0.11702473958333333 24
250 0.1 0.12109375 0.0 0.3203125 0.03125 0.11828125 25
260 0.1 0.109375 0.0 0.3203125 0.03125 0.11838942307692307 26
270 0.1 0.08984375 0.0 0.3203125 0.03125 0.11805555555555555 27
280 0.1 0.0703125 0.0 0.3203125 0.03125 0.11704799107142858 28
290 0.1 0.05859375 0.0 0.3203125 0.03125 0.11543642241379311 29
300 0.1 0.19921875 0.0 0.3203125 0.03125 0.11354166666666667 30
310 0.1 0.171875 0.0 0.3203125 0.03125 0.1163054435483871 31
320 0.1 0.2890625 0.0 0.3203125 0.03125 0.1180419921875 32
330 0.1 0.25 0.0 0.3203125 0.03125 0.12322443181818182 33
340 0.1 0.37109375 0.0 0.37109375 0.03125 0.126953125 34
350 0.1 0.46875 0.0 0.46875 0.03125 0.13392857142857142 35
360 0.1 0.3984375 0.0 0.46875 0.03125 0.14322916666666666 36
370 0.1 0.33984375 0.0 0.46875 0.03125 0.1501266891891892 37
380 0.1 0.28125 0.0 0.46875 0.03125 0.15511924342105263 38
390 0.1 0.3984375 0.0 0.46875 0.03125 0.1583533653846154 39
400 0.1 0.421875 0.0 0.46875 0.03125 0.16435546875 40
410 0.1 0.3515625 0.0 0.46875 0.03125 0.17063643292682926 41
420 0.1 0.4609375 0.0 0.46875 0.03125 0.1749441964285714 42
430 0.1 0.46875 0.0 0.46875 0.03125 0.18159520348837205 43
440 0.1 0.69921875 0.0 0.69921875 0.03125 0.18812144886363633 44
450 0.1 0.6015625 0.0 0.69921875 0.03125 0.19947916666666662 45
460 0.1 0.6484375 0.0 0.69921875 0.03125 0.20822010869565213 46
470 0.1 0.55078125 0.0 0.69921875 0.03125 0.21758643617021273 47
480 0.1 0.76953125 0.0 0.76953125 0.03125 0.22452799479166663 48
490 0.1 0.8203125 0.0 0.8203125 0.03125 0.2356505102040816 49
500 0.1 0.69140625 0.0 0.8203125 0.03125 0.24734374999999997 50
510 0.1 0.8984375 0.0 0.8984375 0.03125 0.25605085784313725 51
520 0.1 0.921875 0.0 0.921875 0.03125 0.26840444711538464 52
530 0.1 1.0 0.0 1.0 0.03125 0.2807340801886793 53
540 0.1 0.8515625 0.0 1.0 0.03125 0.2940538194444445 54
550 0.1 1.1796875 0.0 1.1796875 0.03125 0.3041903409090909 55
560 0.1 1.23046875 0.0 1.23046875 0.03125 0.31982421875 56
570 0.1 1.26953125 0.0 1.26953125 0.03125 0.3358004385964912 57
580 0.1 1.30859375 0.0 1.30859375 0.03125 0.3518992456896552 58
590 0.1 1.26171875 0.0 1.30859375 0.03125 0.368114406779661 59
600 0.1 1.30078125 0.0 1.30859375 0.03125 0.3830078125 60
610 0.1 1.25 0.0 1.30859375 0.03125 0.3980532786885246 61
620 0.1 1.2109375 0.0 1.30859375 0.03125 0.4117943548387097 62
630 0.1 1.1015625 0.0 1.30859375 0.03125 0.4244791666666667 63
640 0.1 1.08984375 0.0 1.30859375 0.03125 0.43505859375 64
650 0.1 1.078125 0.0 1.30859375 0.03125 0.44513221153846155 65
660 0.1 1.05859375 0.0 1.30859375 0.03125 0.45472301136363635 66
670 0.1 1.05078125 0.0 1.30859375 0.03125 0.46373600746268656 67
680 0.1 1.0390625 0.0 1.30859375 0.03125 0.4723690257352941 68
690 0.1 1.0390625 0.0 1.30859375 0.03125 0.48058197463768115 69
700 0.1 1.03125 0.0 1.30859375 0.03125 0.48856026785714285 70
710 0.1 1.109375 0.0 1.30859375 0.03125 0.4962037852112676 71
720 0.1 1.08984375 0.0 1.30859375 0.03125 0.5047200520833334 72
730 0.1 1.078125 0.0 1.30859375 0.03125 0.5127354452054794 73
740 0.1 1.05859375 0.0 1.30859375 0.03125 0.5203758445945946 74
750 0.1 1.05078125 0.0 1.30859375 0.03125 0.5275520833333334 75
760 0.1 1.0390625 0.0 1.30859375 0.03125 0.534436677631579 76
770 0.1 0.87890625 0.0 1.30859375 0.03125 0.5409902597402597 77
780 0.1 0.91015625 0.0 1.30859375 0.03125 0.5453225160256411 78
790 0.1 0.76953125 0.0 1.30859375 0.03125 0.5499406645569621 79
800 0.1 0.6484375 0.0 1.30859375 0.03125 0.552685546875 80
810 0.1 0.55078125 0.0 1.30859375 0.03125 0.5538676697530864 81
820 0.1 0.609375 0.0 1.30859375 0.03125 0.5538300304878049 82
830 0.1 0.51953125 0.0 1.30859375 0.03125 0.5544992469879518 83
840 0.1 0.44140625 0.0 1.30859375 0.03125 0.5540829613095238 84
