0 0.9 10.065222222222223 8.475884205304387 33.992 6.284 0 0
10 2.4 71.72804166666668 131.89829094213692 613.919 6.081 10.065222222222223 9
20 3.4 991.188529411765 3002.593041370489 13131.936 6.081 54.9109090909091 33
30 6.4 339.96201562500016 1551.8202139611676 13131.936 6.081 530.0368656716419 67
40 10.3 363.65759223300984 1695.844765899362 13131.936 6.072 437.1758702290077 131
50 15.6 379.3417564102565 1878.1454430603446 16949.885 6.072 404.81526068376076 234
60 18.4 195.5819184782608 1061.7184235182024 16949.885 6.072 394.625858974359 390
70 21.6 284.173550925926 1683.0203919826804 16949.885 6.072 330.8208327526132 574
80 21.6 282.98055092592597 1816.8119639997574 23977.238 6.072 318.06663924050633 790
90 22.9 264.86727074235824 1531.3648567385512 23977.238 6.072 310.5332445328032 1006
100 25.6 268.03447265625005 1689.5069409452183 23977.238 6.072 302.0656267206478 1235
110 29.5 75.78030169491525 79.42437718574115 23977.238 5.093 296.22258484238773 1491
120 32.4 97.53344753086421 86.0386607708481 23977.238 5.093 259.8113454647257 1786
130 36.4 125.14249175824183 807.697339443894 23977.238 5.093 234.8928436018958 2110
140 35.4 93.53921751412437 126.5648355289926 23977.238 5.049 218.7452574777689 2474
150 32.2 84.93651552795029 74.45715572531076 23977.238 5.049 203.07236562942018 2828
160 28.7 69.46884320557491 68.21061827509106 23977.238 5.049 190.99625650793658 3150
170 32.3 72.9042074303406 80.5991702824163 23977.238 4.974 180.84834623217927 3437
180 35.5 83.17560845070426 85.84712156734672 23977.238 4.974 171.57548537234047 3760
190 43.6 87.72738761467878 88.27135015913301 23977.238 4.974 163.94925054678012 4115
200 52.7 122.05023339658439 118.44678782380146 23977.238 4.974 156.6469582509339 4551
210 60.4 292.5783609271525 299.775782104271 23977.238 4.974 153.05647499015365 5078
220 60.3 421.95848424543976 347.35865953136107 23977.238 4.974 167.88773495248157 5682
230 59.8 967.507526755853 608.2999971247202 23977.238 4.974 192.26397390612576 6285
240 59.1 1403.0267258883243 598.2860585773578 23977.238 4.974 259.6176924306263 6883
250 72.8 1152.6912596153848 618.2614097330128 23977.238 4.974 350.0317597002944 7474
260 64.2 1624.9829719626161 835.7714445372255 23977.238 4.974 421.274885271885 8202
270 60.6 2491.6633646864702 1083.1907496976874 23977.238 4.974 508.65396619176846 8844
280 72.3 2487.568831258649 1489.9696577101324 23977.238 0.844 635.8183784126985 9450
290 89.3 2098.4911478163476 1602.1620035898966 23977.238 0.832 767.4231732035785 10173
300 105.1 1840.1204776403413 1798.8506306260506 23977.238 0.822 874.8372073016449 11066
310 117 1637.2593547008566 1627.7324118461743 23977.238 0.822 958.5636013864818 12117
320 143 1325.520901398603 1438.7819106347672 23977.238 0.794 1018.3268309625952 13287
330 169.7 1122.1879310548015 1573.2689254680126 23977.238 0.794 1048.175816538697 14717
340 175 1069.8456022857144 1571.9381103020676 23977.238 0.794 1055.8277330937005 16414
350 182.8 1080.2299392778993 1561.8278264106013 23977.238 0.794 1057.1782765360056 18164
360 194.6 1015.9738062692707 1453.2131709435278 23977.238 0.794 1059.2860416166468 19992
370 209.8 902.0943217349861 1360.5108695551519 23977.238 0.794 1055.4440500957244 21938
380 233.9 820.8533377511759 1350.4644813873595 23977.238 0.79 1042.0588058745218 24036
390 256.3 750.0997740928609 1369.512727402625 23977.238 0.79 1022.4417598104268 26375
400 281.1 694.0303062966902 1287.8669798111243 23977.238 0.79 998.3207939733226 28938
410 282 656.8909730496471 1280.6612355720636 23977.238 0.79 971.3794553214276 31749
420 309.5 634.9567218093698 1201.0585435391877 23977.238 0.79 945.7247496601003 34569
430 322 576.0355739130409 1165.8301584056835 23977.238 0.79 920.1877104131268 37664
440 336 595.925227380953 1257.0534714445396 23977.238 0.79 893.082488822033 40884
450 337 575.8734142433248 1272.2347854823502 23977.238 0.79 870.5156232935539 44244
460 361.8 547.2122692095076 1153.5813070193965 23977.238 0.79 849.6615836308648 47614
470 385 500.75378961038945 1084.3893956258755 23977.238 0.79 828.3026357159588 51232
480 393.9 488.13261233815695 1137.8923772909855 23977.238 0.79 805.4083497875894 55082
490 392.8 500.807098523421 1171.0719083938777 23977.238 0.79 784.2336978871926 59021
500 387.6 466.16609236326053 1162.7702847176308 23977.238 0.79 766.5479573305373 62949
510 421.1 484.9921410591305 1186.1816706449304 23977.238 0.79 749.1251349046015 66825
520 438.6 454.33693365253225 1102.8304870315962 23977.238 0.79 733.4673833830732 71036
530 457.8 408.51485932721687 1020.831588810772 23977.238 0.79 717.2351679483439 75422
540 470.1 437.665903424803 1107.1108544054837 23977.238 0.79 699.5686482875 80000
550 499.3 378.62957019827803 1017.2349530811841 23977.238 0.79 685.0327537455283 84701
560 510.2 392.9945758526071 1040.332999531198 23977.238 0.79 667.9761937141839 89694
570 526.2 355.4423800836177 970.6674492381666 23977.238 0.79 653.1764530676401 94796
580 593.8 338.5224558773995 951.1701745937488 23977.238 0.79 637.5187676047893 100058
590 604.9 332.5669328814686 888.3517630964158 23977.238 0.79 620.7687006302126 105996
600 617.8 339.0303232437697 964.7221471203918 23977.238 0.79 605.2094834129147 112045
610 655.3 310.17377918510584 860.4090191653827 23977.238 0.79 591.2997124586589 118223
620 528.8 375.78803536308516 862.56167366168 23977.238 0.79 576.535509080272 124776
630 143.5 2710.6816759581893 2827.304616460776 23977.238 0.79 568.3737376368558 130064
640 749.3 2482.5835802749193 4922.053029830592 24622.929 0.79 591.7519526156094 131499
650 856.5 275.5310920023366 643.5465807689317 24622.929 0.79 693.6858868424082 138992
660 841.8 275.8686635780477 666.982780881058 24622.929 0.79 669.4139389320738 147557
670 828.9 241.08626372300714 718.9292941122667 24622.929 0.79 648.1742266196509 155975
680 703.3 277.0883675529647 835.1967899506689 24622.929 0.79 627.6319767995426 164264
690 620.9 350.92591335158556 946.4090092198334 24622.929 0.79 613.2395869513189 171297
700 689.2 294.2132634939055 812.2851588459691 24622.929 0.79 604.064090915237 177506
710 766.2 280.0385174889053 661.7418032306032 24622.929 0.79 592.4832066182934 184398
720 804.4 263.1222114619583 586.8040418746663 24622.929 0.79 580.0186059304388 192060
730 761.6 272.72933153886567 614.6113752633058 24622.929 0.79 567.2796571982573 200104
740 631.1 330.14976406274724 707.3280067025127 24622.929 0.79 556.4800457972274 207720
750 417.3 455.06011382698233 1029.706025658369 24622.929 0.79 549.8063844676709 214031
760 243.7 781.8749105457523 1315.5854441047327 24622.929 0.79 547.9944278244216 218204
770 125.8 1283.606980127184 1845.6893980786765 24622.929 0.79 550.5776591204722 220641
780 28.1 681.1823594306046 1221.4524855483653 24622.929 0.79 554.7333826065017 221899
790 0.3 11626.994666666666 1017.665625220234 24622.929 0.79 554.893307723468 222180
800 50.1 7952.820431137719 9759.87609365989 28028.203 0.79 555.0428074785204 222183
810 24.8 30.86130645161292 58.94862122018567 28028.203 0.79 571.6865115140743 222684
820 10.6 15.498669811320767 29.537126175892574 28028.203 0.79 571.0848722211263 222932
830 3.6 23.316888888888897 38.05106617558522 28028.203 0.79 570.8208269129033 223038
840 0.6 28.23766666666667 33.55190449471121 28028.203 0.79 570.732469947193 223074
840 0 0 0 28028.203 0.79 570.7178789089121 223080
