10 0.1 1494 0 1494 1494 0 0
20 0.1 704.0 0.0 1494 704 1494.0 1
30 0.1 2537.0 0.0 2537 704 1099.0 2
40 0.1 2480.0 0.0 2537 704 1578.3333333333333 3
50 0.1 3861.0 0.0 3861 704 1803.75 4
60 0.1 3139.0 0.0 3861 704 2215.2 5
70 0.1 2632.0 0.0 3861 704 2369.1666666666665 6
80 0.1 4684.0 0.0 4684 704 2406.714285714286 7
90 0.1 3918.0 0.0 4684 704 2691.375 8
100 0.1 3651.0 0.0 4684 704 2827.6666666666665 9
110 0.1 5050.0 0.0 5050 704 2910.0 10
120 0.1 3297.0 0.0 5050 704 3104.5454545454545 11
130 0.1 3938.0 0.0 5050 704 3120.5833333333335 12
140 0.1 4774.0 0.0 5050 704 3183.4615384615386 13
150 0.1 4239.0 0.0 5050 704 3297.0714285714284 14
160 0.1 3404.0 0.0 5050 704 3359.866666666667 15
170 0.1 3164.0 0.0 5050 704 3362.625 16
180 0.1 3611.0 0.0 5050 704 3350.9411764705883 17
190 0.1 4029.0 0.0 5050 704 3365.3888888888887 18
200 0.1 5254.0 0.0 5254 704 3400.315789473684 19
210 0.1 6529.0 0.0 6529 704 3493.0 20
220 0.1 7099.0 0.0 7099 704 3637.5714285714284 21
230 0.1 7408.0 0.0 7408 704 3794.909090909091 22
240 0.1 6958.0 0.0 7408 704 3952.0 23
250 0.1 7448.0 0.0 7448 704 4077.25 24
260 0.1 8469.0 0.0 8469 704 4212.08 25
270 0.1 7453.0 0.0 8469 704 4375.807692307692 26
280 0.1 7279.0 0.0 8469 704 4489.777777777777 27
290 0.1 8231.0 0.0 8469 704 4589.392857142857 28
300 0.1 9279.0 0.0 9279 704 4714.9655172413795 29
310 0.1 10591.0 0.0 10591 704 4867.1 30
320 0.1 11984.0 0.0 11984 704 5051.741935483871 31
330 0.1 13130.0 0.0 13130 704 5268.375 32
340 0.1 13971.0 0.0 13971 704 5506.606060606061 33
350 0.1 13920.0 0.0 13971 704 5755.558823529412 34
360 0.1 15380.0 0.0 15380 704 5988.828571428571 35
370 0.1 16179.0 0.0 16179 704 6249.694444444444 36
380 0.1 16531.0 0.0 16531 704 6518.054054054054 37
390 0.1 17723.0 0.0 17723 704 6781.5526315789475 38
400 0.1 19277.0 0.0 19277 704 7062.102564102564 39
410 0.1 20662.0 0.0 20662 704 7367.475 40
420 0.1 21624.0 0.0 21624 704 7691.731707317073 41
430 0.1 22349.0 0.0 22349 704 8023.452380952381 42
440 0.1 22383.0 0.0 22383 704 8356.60465116279 43
450 0.1 21765.0 0.0 22383 704 8675.386363636364 44
460 0.1 22577.0 0.0 22577 704 8966.266666666666 45
470 0.1 25308.0 0.0 25308 704 9262.152173913044 46
480 0.1 25810.0 0.0 25810 704 9603.553191489362 47
490 0.1 25461.0 0.0 25810 704 9941.1875 48
500 0.1 25305.0 0.0 25810 704 10257.918367346938 49
510 0.1 25271.0 0.0 25810 704 10558.86 50
520 0.1 27498.0 0.0 27498 704 10847.333333333334 51
530 0.1 28140.0 0.0 28140 704 11167.538461538461 52
540 0.1 28758.0 0.0 28758 704 11487.77358490566 53
550 0.1 29428.0 0.0 29428 704 11807.592592592593 54
560 0.1 30119.0 0.0 30119 704 12127.963636363636 55
570 0.1 30979.0 0.0 30979 704 12449.232142857143 56
580 0.1 3.37e4 0.0 33700 704 12774.315789473685 57
590 0.1 35644.0 0.0 35644 704 13135.103448275862 58
600 0.1 36539.0 0.0 36539 704 13516.610169491525 59
610 0.1 36688.0 0.0 36688 704 13900.316666666668 60
620 0.1 37899.0 0.0 37899 704 14273.88524590164 61
630 0.1 27131.0 0.0 37899 704 14654.935483870968 62
640 0.1 11418.0 0.0 37899 704 14852.968253968254 63
650 0.1 46876.0 0.0 46876 704 14799.296875 64
660 0.1 56157.0 0.0 56157 704 15292.784615384615 65
670 0.1 53055.0 0.0 56157 704 15911.939393939394 66
680 0.1 42725.0 0.0 56157 704 16466.31343283582 67
690 0.1 36049.0 0.0 56157 704 16852.470588235294 68
700 0.1 37611.0 0.0 56157 704 17130.681159420288 69
710 0.1 43841.0 0.0 56157 704 17423.257142857143 70
720 0.1 49709.0 0.0 56157 704 17795.338028169015 71
730 0.1 49784.0 0.0 56157 704 18238.583333333332 72
740 0.1 46339.0 0.0 56157 704 18670.712328767124 73
750 0.1 35028.0 0.0 56157 704 19044.608108108107 74
760 0.1 20132.0 0.0 56157 704 19257.72 75
770 0.1 10569.0 0.0 56157 704 19269.223684210527 76
780 0.1 6624.0 0.0 56157 704 19156.233766233767 77
790 0.1 117.0 0.0 56157 117 18995.5641025641 78
800 0.1 880.0 0.0 56157 117 18756.59493670886 79
810 0.1 3118.0 0.0 56157 117 18533.1375 80
820 0.1 1215.0 0.0 56157 117 18342.827160493827 81
830 0.1 483.0 0.0 56157 117 18133.951219512193 82
840 0.1 116.0 0.0 56157 116 17921.289156626503 83
