0 0.9 10.065222222222223 8.475884205304387 33.992 6.284 0 0
10 3.5 53.36108571428573 75.39675177215962 375.741 6.081 10.065222222222223 9
20 5.1 658.512450980392 2489.045525224827 13085.526 6.081 44.50511363636365 44
30 9.8 222.1498673469389 1261.5531681289442 13085.526 6.081 374.1301052631578 95
40 15.3 244.89159477124187 1399.4457320952883 13085.526 6.072 296.958792746114 193
50 24.6 240.48295934959367 1504.2555569561387 16935.758 6.072 273.9348583815029 346
60 29.2 123.46467465753423 844.7059065163346 16935.758 6.072 260.0342381756758 592
70 32.5 188.5960092307693 1376.728362471745 16935.758 6.072 214.9230248868779 884
80 31.7 193.2539968454258 1503.1322457148706 23961.528 6.072 207.84587014061213 1209
90 33.4 181.07803293413164 1270.680944593392 23961.528 6.072 204.81466186107474 1526
100 38.8 176.66680670103094 1375.8797945041451 23961.528 6.072 200.55227795698926 1860
110 43.4 51.60725115207372 63.284240156192105 23961.528 5.093 196.4296966192171 2248
120 50.8 62.05069488188977 59.68559007487518 23961.528 5.093 172.99459545115587 2682
130 54.5 83.53044036697247 661.1614656210704 23961.528 5.093 155.32704012539187 3190
140 53.8 61.5040483271376 105.30517247539174 23961.528 4.861 144.85069558232934 3735
150 46.1 59.278598698481574 59.9193571159997 23961.528 4.861 134.35678118417977 4273
160 43.1 46.24508816705336 52.108541532833186 23961.528 4.861 127.04561892691174 4734
170 47.7 49.306285115303986 64.46944775867594 23961.528 4.861 120.30311577928369 5165
180 52.2 56.55559770114941 67.15925476690327 23961.528 4.861 114.3007250974832 5642
190 65 59.00202615384616 65.51320155058067 23961.528 4.861 109.41056343283586 6164
200 80.6 79.78780148883389 88.26187282967813 23961.528 4.861 104.6020002935134 6814
210 92.2 192.45274186550952 192.47796191279295 23961.528 4.861 101.97729632545936 7620
220 91.1 281.4686212952797 209.9115404326452 23961.528 4.861 111.74296722079141 8542
230 91.4 658.8936991247275 310.29612579363345 23961.528 4.861 128.09968687189252 9453
240 91.4 907.3845776805251 228.57160170521277 23961.528 4.861 174.8968053438797 10367
250 110.5 761.7448814479629 275.54721621980923 23961.528 4.861 234.2438334367521 11281
260 96.1 1153.2111331945894 370.5120192937964 23961.528 4.861 281.30411585661227 12386
270 90.5 1669.4054243093938 330.1627840682304 23961.528 4.861 344.08246632201997 13347
280 109 1689.0489467889888 749.5942178200245 23961.528 0.774 428.2402881700815 14252
290 136 1381.455406617645 885.3698735749077 23961.528 0.766 517.8167083170382 15342
300 157.1 1226.528054742202 1068.7185931609615 23961.528 0.745 588.1405395760985 16702
310 181.4 1050.3206323042996 927.4677846730108 23961.528 0.745 643.0251664204015 18273
320 216 874.414191666667 869.1037509895696 23961.528 0.745 679.8068647881713 20087
330 253.6 764.030135252367 1025.818230689438 23961.528 0.745 698.7016292983323 22247
340 259.2 709.9139016203683 1011.118730581517 23961.528 0.745 705.3865782996409 24783
350 275.6 709.0553962264171 969.4477439722303 23961.528 0.745 705.8152475981733 27375
360 294.2 676.1925302515295 924.7792581232645 23961.528 0.745 706.1116151140021 30131
370 310.4 604.9528617912368 886.0209770138007 23961.528 0.734 703.4501708039791 33073
380 350.1 557.3948711796639 868.9503978240056 23961.528 0.734 694.9990652071757 36177
390 384 494.15757552083164 896.2172177490179 23961.528 0.734 682.8575186753365 39678
400 426.7 453.44639090695944 825.1962077308283 23961.528 0.734 666.2067584907393 43518
410 426.6 438.77810056258875 851.5072902182358 23961.528 0.734 647.2081503819187 47785
420 466.4 419.8363859348192 777.3302016987903 23961.528 0.734 630.1256237728379 52051
430 482.5 382.77551067357365 783.7552944981192 23961.528 0.734 612.8323326633164 56715
440 497.8 399.522075331458 852.8852453121851 23961.528 0.734 594.7948909002272 61540
450 504.5 388.20158513379533 862.8545998813896 23961.528 0.734 580.1812814125497 66518
460 549 355.9118919854268 739.1023081778044 23961.528 0.734 566.6472265556218 71563
470 581.3 331.96125752623425 740.5763316049206 23961.528 0.734 551.6324057596713 77053
480 590.5 329.55461287044966 790.5759834905259 23961.528 0.734 536.2226069920107 82866
490 589.5 335.6040203562337 786.2139130466986 23961.528 0.734 522.4751612576175 88771
500 574.5 308.98180313315794 805.6450272952322 23961.528 0.734 510.8384028056531 94666
510 629.6 321.5558352922499 814.8553802207658 23961.528 0.734 499.28920834370683 100411
520 664.6 300.9193445681623 749.4171987974669 23961.528 0.734 488.80246130057026 106707
530 686.2 277.15074992713545 717.2765542124397 23961.528 0.734 477.7866858574538 113353
540 707 284.88727793493405 731.8478936521067 23961.528 0.734 466.3341733394332 120215
550 742.9 258.21895625252444 732.3791617130023 23961.528 0.734 456.25577014573554 127285
560 766.7 257.8628207903992 731.1434245338883 23961.528 0.734 445.3347412221443 134714
570 791.8 233.21204180348676 667.709037974332 23961.528 0.734 435.23966383155016 142381
580 895.5 225.3637881630372 680.0574060538152 23961.528 0.734 424.59651443456016 150299
590 911 218.81219495060367 630.7085967488905 23961.528 0.734 413.39347360819795 159254
600 927.7 225.32948086665965 720.448070063872 23961.528 0.734 402.8648840726043 168364
610 979.9 206.85257801816454 621.9892674069523 23961.528 0.734 393.5933986861138 177641
620 790.4 250.70410159412953 677.461001298989 23961.528 0.734 383.83095042680293 187440
630 223.9 2145.513423849932 2758.4322899305193 23961.528 0.734 378.4443779537633 195344
640 1111.7 1583.6486329945133 4126.680782499301 23961.528 0.734 398.4687099750481 197583
650 1337.3 168.79574530770918 480.65150122621753 23961.528 0.734 461.60069466219426 208700
660 1291.9 171.23042511030232 493.8147266144835 23961.528 0.734 443.968291858983 222073
670 1203.4 164.27478519195532 567.6627205950033 23961.528 0.734 428.9741622693535 234992
680 1019.8 190.61632486762153 648.0844578776444 23961.528 0.734 416.07919451798557 247026
690 910.4 240.06717596660823 763.722520290658 23961.528 0.734 407.14040830560094 257224
700 1037.4 192.7988196452672 591.0646636154518 23961.528 0.734 401.4292750142678 266328
710 1166.4 180.70119633059 488.7545718285472 23961.528 0.734 393.6073859639609 276702
720 1235.7 169.31579113053184 464.729193023613 23961.528 0.734 384.9956293911207 288366
730 1178.5 171.89810479422934 473.9547957815973 23961.528 0.734 376.13313546353254 300723
740 954.4 217.93079117770458 580.6871257578674 23961.528 0.734 368.43122115593803 312508
750 599 314.5752397328896 860.0638128195515 23961.528 0.734 363.97114606336834 322052
760 334.9 568.6251905046283 1140.0075798571772 23961.528 0.734 363.0691838788933 328042
770 168.5 955.7954118694371 1653.8074345067603 23961.528 0.734 365.146509654758 331391
780 36.5 519.181652054795 1016.6076628733947 23961.528 0.734 368.13454661999043 333076
790 0.3 11626.994666666666 1017.665625220234 23961.528 0.734 368.29988979459614 333441
800 65 6118.035498461541 9172.796036651318 25588.44 0.734 368.4011844177731 333444
810 32.9 23.21711854103344 51.97445258732317 25588.44 0.734 379.5874442851411 334094
820 14.5 11.27538620689656 26.067527888076995 25588.44 0.734 379.2368528570102 334423
830 4.6 18.206413043478268 34.88776262379995 25588.44 0.734 379.07738030534875 334568
840 0.6 28.23766666666667 33.55190449471121 25588.44 0.734 379.0277707119246 334614
840 0 0 0 25588.44 0.734 379.02148076923055 334620
