10 0.1 1239 0 1239 1239 0 0
20 0.1 496.0 0.0 1239 496 1239.0 1
30 0.1 1099.0 0.0 1239 496 867.5 2
40 0.1 1123.0 0.0 1239 496 944.6666666666666 3
50 0.1 1640.0 0.0 1640 496 989.25 4
60 0.1 1498.0 0.0 1640 496 1119.4 5
70 0.1 1326.0 0.0 1640 496 1182.5 6
80 0.1 2258.0 0.0 2258 496 1203.0 7
90 0.1 1934.0 0.0 2258 496 1334.875 8
100 0.1 1926.0 0.0 2258 496 1401.4444444444443 9
110 0.1 2490.0 0.0 2490 496 1453.9 10
120 0.1 1846.0 0.0 2490 496 1548.090909090909 11
130 0.1 1999.0 0.0 2490 496 1572.9166666666667 12
140 0.1 2386.0 0.0 2490 496 1605.6923076923076 13
150 0.1 2302.0 0.0 2490 496 1661.4285714285713 14
160 0.1 1844.0 0.0 2490 496 1704.1333333333334 15
170 0.1 1717.0 0.0 2490 496 1712.875 16
180 0.1 2016.0 0.0 2490 496 1713.1176470588234 17
190 0.1 2234.0 0.0 2490 496 1729.9444444444443 18
200 0.1 2872.0 0.0 2872 496 1756.4736842105262 19
210 0.1 3443.0 0.0 3443 496 1812.25 20
220 0.1 3835.0 0.0 3835 496 1889.904761904762 21
230 0.1 3833.0 0.0 3835 496 1978.3181818181818 22
240 0.1 3672.0 0.0 3835 496 2058.9565217391305 23
250 0.1 3836.0 0.0 3836 496 2126.1666666666665 24
260 0.1 4588.0 0.0 4588 496 2194.56 25
270 0.1 4073.0 0.0 4588 496 2286.6153846153848 26
280 0.1 3943.0 0.0 4588 496 2352.777777777778 27
290 0.1 4690.0 0.0 4690 496 2409.5714285714284 28
300 0.1 5540.0 0.0 5540 496 2488.206896551724 29
310 0.1 6775.0 0.0 6775 496 2589.9333333333334 30
320 0.1 7790.0 0.0 7790 496 2724.935483870968 31
330 0.1 9123.0 0.0 9123 496 2883.21875 32
340 0.1 10279.0 0.0 10279 496 3072.3030303030305 33
350 0.1 10721.0 0.0 10721 496 3284.264705882353 34
360 0.1 1.17e4 0.0 11700 496 3496.7428571428572 35
370 0.1 12320.0 0.0 12320 496 3724.6111111111113 36
380 0.1 12843.0 0.0 12843 496 3956.9189189189187 37
390 0.1 13960.0 0.0 13960 496 4190.763157894737 38
400 0.1 15577.0 0.0 15577 496 4441.25641025641 39
410 0.1 16911.0 0.0 16911 496 4719.65 40
420 0.1 17871.0 0.0 17871 496 5017.0 41
430 0.1 18420.0 0.0 18420 496 5323.047619047619 42
440 0.1 18925.0 0.0 18925 496 5627.627906976744 43
450 0.1 18964.0 0.0 18964 496 5929.840909090909 44
460 0.1 19315.0 0.0 19315 496 6219.488888888889 45
470 0.1 21191.0 0.0 21191 496 6504.173913043478 46
480 0.1 22338.0 0.0 22338 496 6816.659574468085 47
490 0.1 22381.0 0.0 22381 496 7140.020833333333 48
500 0.1 22154.0 0.0 22381 496 7451.061224489796 49
510 0.1 22919.0 0.0 22919 496 7745.12 50
520 0.1 24065.0 0.0 24065 496 8042.64705882353 51
530 0.1 24774.0 0.0 24774 496 8350.76923076923 52
540 0.1 25680.0 0.0 25680 496 8660.641509433963 53
550 0.1 26332.0 0.0 26332 496 8975.814814814816 54
560 0.1 27585.0 0.0 27585 496 9291.381818181819 55
570 0.1 28150.0 0.0 28150 496 9618.05357142857 56
580 0.1 3.08e4 0.0 30800 496 9943.17543859649 57
590 0.1 32674.0 0.0 32674 496 10302.775862068966 58
600 0.1 33342.0 0.0 33342 496 10681.949152542373 59
610 0.1 34280.0 0.0 34280 496 11059.616666666667 60
620 0.1 35150.0 0.0 35150 496 11440.27868852459 61
630 0.1 28805.0 0.0 35150 496 11822.693548387097 62
640 0.1 14297.0 0.0 35150 496 12092.253968253968 63
650 0.1 43133.0 0.0 43133 496 12126.703125 64
660 0.1 52821.0 0.0 52821 496 12603.723076923077 65
670 0.1 50793.0 0.0 52821 496 13213.075757575758 66
680 0.1 41352.0 0.0 52821 496 13773.970149253732 67
690 0.1 35621.0 0.0 52821 496 14179.529411764706 68
700 0.1 36001.0 0.0 52821 496 14490.27536231884 69
710 0.1 39491.0 0.0 52821 496 14797.57142857143 70
720 0.1 44316.0 0.0 52821 496 15145.366197183099 71
730 0.1 45036.0 0.0 52821 496 15550.513888888889 72
740 0.1 42112.0 0.0 52821 496 15954.424657534246 73
750 0.1 32435.0 0.0 52821 496 16307.905405405405 74
760 0.1 19140.0 0.0 52821 496 16522.933333333334 75
770 0.1 9735.0 0.0 52821 496 16557.36842105263 76
780 0.1 5646.0 0.0 52821 496 16468.76623376623 77
790 0.1 148.0 0.0 52821 148 16330.012820512817 78
800 0.1 598.0 0.0 52821 148 16125.177215189871 79
810 0.1 2687.0 0.0 52821 148 15931.087499999998 80
820 0.1 1054.0 0.0 52821 148 15767.580246913578 81
830 0.1 437.0 0.0 52821 148 15588.146341463413 82
840 0.1 103.0 0.0 52821 103 15405.602409638552 83
