40 0.2 43133.498 3758.072 46891.57 39375.426 0 0
50 0.2 40257.1435 3825.9795000000013 46891.57 36431.164 43133.498 2
60 0.3 58156.166666666664 2522.6242491343987 60294.692 36431.164 41695.32075 4
70 0.7 46233.911571428565 5093.900935053151 60294.692 36431.164 48749.969 7
80 1.3 48475.61392307693 6356.750532676078 60294.692 36431.164 47491.94028571428 14
90 0.9 55408.658111111115 11027.380644050632 75385.632 36431.164 47965.56092592593 27
100 1.4 59316.044285714284 19546.09543997654 100207.821 36431.164 49826.335222222224 36
110 1.1 56063.66509090909 25287.411463166274 111443.13 36431.164 52483.453760000004 50
120 0.9 50733.39311111111 6433.080675916397 111443.13 36431.164 53129.06563934426 61
130 1.9 54781.64926315789 19681.224425438188 133054.249 36431.164 52821.0506 70
140 1.5 48434.21953333333 5979.63896222883 133054.249 36431.164 53239.60537078652 89
150 2.3 50197.50313043479 16993.860205116063 133054.249 36431.164 52546.520875 104
160 1.8 51323.81011111111 9130.788721313776 133054.249 36431.164 52121.10821259843 127
170 1.3 48303.38453846154 7053.537959380248 133054.249 36431.164 52022.13327586208 145
180 1.4 45074.690714285716 7081.251740409458 133054.249 36138.467 51716.16027848102 158
190 1.5 48691.19326666666 13275.316613458064 133054.249 36138.467 51175.57554651163 172
200 1.6 48075.461 7270.933265272321 133054.249 36138.467 50976.29354545455 187
210 1.5 50493.232466666675 8943.131770299826 133054.249 36138.467 50747.656497536955 203
220 2.7 51891.72833333334 12311.500048603217 133054.249 36138.467 50730.15025688074 218
230 2 54494.24895 7512.09283255583 133054.249 36138.467 50858.16090204082 245
240 2.4 53470.600875 4116.430209663489 133054.249 36138.467 51132.58264150944 265
250 1.6 61959.713749999995 8377.467683832132 133054.249 36138.467 51326.74332525952 289
260 2.8 68301.60503571431 15871.874724469166 138278.288 36138.467 51884.53849508197 305
270 2.2 71182.83527272729 7614.802240293406 138278.288 36138.467 53264.95249849851 333
280 2.4 79240.96870833331 9425.934687172517 138278.288 36138.467 54375.35650140847 355
290 2.3 79310.0013043478 10347.8987808907 138278.288 36138.467 55949.95991292877 379
300 4 83392.2456 9756.94712281833 138278.288 36138.467 57286.47969402986 402
310 3 86895.68833333337 11242.310165979961 138278.288 36138.467 59648.99244570137 442
320 3.6 82030.19091666666 15549.344801329587 138278.288 36138.467 61380.77396398307 472
330 6.6 77147.99171212119 13096.843694249683 138278.288 36138.467 62844.11847244096 508
340 9.1 78869.2826703297 13734.904166460461 138278.288 36138.467 64488.814698606286 574
350 7.9 77351.30783544302 16688.432293121212 138278.288 36138.467 66456.66821052633 665
360 8.4 72178.72000000002 17617.312614485974 138278.288 36138.467 67613.49150403227 744
370 10 67585.95869999994 15216.827037090457 138278.288 36138.467 68076.6306268116 828
380 9.4 69430.22474468086 14767.937476907373 138278.288 36138.467 68023.75649676725 928
390 11.3 65699.4425752213 12639.350707115625 138278.288 36138.467 68153.11854696674 1022
400 10.6 67258.47582075474 17013.112763210043 138278.288 36138.467 67908.8318643172 1135
410 14.1 63662.79053191491 15065.855061282156 138278.288 36138.467 67853.28171071719 1241
420 12.9 62944.171333333325 14240.402617424461 138278.288 36138.467 67425.74245151956 1382
430 13.3 61443.86321804513 10846.034885238356 138278.288 36138.467 67043.13313699538 1511
440 18.3 63052.45443169396 14926.03329950158 138278.288 36138.467 66590.15083819954 1644
450 16.6 61811.239584337345 12481.570261899948 138278.288 36138.467 66235.80029501919 1827
460 15 59223.238 11974.657152462332 138278.288 36138.467 65867.27190667338 1993
470 16.6 58772.58356024097 12585.927491286322 138278.288 36138.467 65402.22053663091 2143
480 19.4 60822.94942783506 14086.163750927377 138278.288 36138.467 64925.598735816384 2309
490 19.2 59324.84773958335 12075.107336697065 138278.288 36138.467 64607.61473032363 2503
500 20 57602.834360000015 11985.652060521468 138278.288 34838.633 64231.25433617813 2695
510 20 58339.95538999998 12574.341235165362 138278.288 34838.633 63773.33240345425 2895
520 18.5 60177.84684864867 14619.518721380822 138278.288 34838.633 63422.2256497577 3095
530 22.1 57261.48318552035 12271.038623559112 138278.288 34838.633 63239.23477225612 3280
540 20.2 58522.55031188119 12171.635084989535 138278.288 34838.633 62861.890270494165 3501
550 23.9 57620.321330543935 12225.465133597814 138278.288 34838.633 62625.177693761834 3703
560 24.8 57072.60057661288 12405.781271655462 138278.288 34838.633 62321.7376453577 3942
570 21 56096.0158 10837.890706762972 138278.288 34838.633 62011.04886420049 4190
580 26.2 58296.53501145037 13953.532831819273 138278.288 34838.633 61728.740467954565 4400
590 27.5 55539.65162545452 11475.834276483314 138278.288 34838.633 61535.85376061777 4662
600 31.6 55089.653670886095 11541.145269981253 138278.288 34838.633 61201.85424934171 4937
610 29.8 54643.73719463087 11446.185663461718 138278.288 34838.633 60834.1680923282 5253
620 30 55646.42040333331 11598.503541461552 138278.288 34838.633 60501.84087065394 5551
630 9.5 60782.3897368421 13823.485780014293 138278.288 34838.633 60252.887505383704 5851
640 16.6 66585.80912048194 10973.153217172909 138278.288 34838.633 60261.347430037 5946
650 28.5 66984.85263508774 9916.95272389491 138278.288 34838.633 60433.117822807595 6112
660 33.5 68645.99255522375 12176.932533781322 138278.288 34838.633 60725.011588869784 6397
670 63.1 62989.564267828835 12324.881335447115 138278.288 34838.633 61119.178051099225 6732
680 48.6 59464.318281893015 12733.091517204464 138278.288 34838.633 61279.46783824528 7363
690 37.1 58322.14934770889 11779.440235287122 138278.288 34674.234 61167.07610880367 7849
700 30.1 59750.39124252492 11208.581202725298 138278.288 34674.234 61038.673696593665 8220
710 27.1 56905.421848708495 14283.315874769793 138278.288 34674.234 60993.165772796616 8521
720 36.4 53117.56417307691 11110.056059647482 138278.288 34674.234 60867.167296519554 8792
730 36.1 54008.93409141272 12923.105901345607 168292.208 33839.246 60559.07909895149 9156
740 40.6 54998.2445073892 10728.251870696433 168292.208 33839.246 60310.61820290006 9517
750 43 54978.86401162792 10010.04169648948 168292.208 33839.246 60093.2621895596 9923
760 33.3 57111.41533033031 10112.637804409267 168292.208 33839.246 59880.84151762773 10353
770 23.4 63323.85567521366 10783.894207309393 168292.208 33839.246 59794.5399154969 10686
780 4 67283.09215000001 9253.534584000032 168292.208 33839.246 59870.16811034797 10920
790 0 0 0 168292.208 33839.246 59897.222577645975 10960
800 12.2 92952.38597540984 9520.486813325468 168292.208 33839.246 59897.222577645975 10960
810 4.5 103322.00524444446 12337.303348338975 168292.208 33839.246 60261.12168742103 11082
820 1.7 115881.73488235296 13133.758134177922 168292.208 33839.246 60435.269234834166 11127
830 0.8 120468.902875 6463.748384584976 168292.208 33839.246 60519.85196240128 11144
840 0.2 125460.50899999999 3582.5660000000025 168292.208 33839.246 60562.85702044475 11152
840 0 0 0 168292.208 33839.246 60574.49368029405 11154
