0 2.37890625 2.37890625
10 20.0578125 22.43671875
20 29.0421875 51.47890625
30 55.2390625 106.71796875
40 90.91328125 197.63125
50 149.8578125 347.4890625
60 180.31953125 527.80859375
70 193.95625 721.76484375
80 192.44140625 914.20625
90 195.990625 1110.196875
100 236.4640625 1346.6609375
110 259.01171875 1605.67265625
120 314.17109375 1919.84375
130 334.40625 2254.25
140 328.16640625 2582.41640625
150 284.48359375 2866.9
160 261.55 3128.45
170 283.603125 3412.053125
180 312.03125 3724.084375
190 384.22578125 4108.31015625
200 493.1453125 4601.45546875
210 561.38984375 5162.8453125
220 561.58359375 5724.42890625
230 589.32578125 6313.7546875
240 572.31171875 6886.06640625
250 643.07890625 7529.1453125
260 596.496875 8125.6421875
270 583.17421875 8708.81640625
280 634.0484375 9342.86484375
290 739.55625 10082.42109375
300 798.140625 10880.56171875
310 912.63203125 11793.19375
320 1039.5609375 12832.7546875
330 1164.1625 13996.9171875
340 1167.640625 15164.5578125
350 1230.93125 16395.4890625
360 1291.1140625 17686.603125
370 1347.6453125 19034.2484375
380 1512.33671875 20546.58515625
390 1605.42265625 22152.0078125
400 1757.47421875 23909.48203125
410 1726.8625 25636.34453125
420 1873.2515625 27509.59609375
430 1934.15390625 29443.75
440 1979.09921875 31422.84921875
450 1973.15703125 33396.00625
460 2144.62578125 35540.63203125
470 2260.44921875 37801.08125
480 2288.39765625 40089.47890625
490 2279.578125 42369.05703125
500 2190.46640625 44559.5234375
510 2354.7625 46914.2859375
520 2504.11328125 49418.39921875
530 2599.384375 52017.78359375
540 2633.55 54651.33359375
550 2748.3546875 57399.68828125
560 2825.8125 60225.50078125
570 2884.55859375 63110.059375
580 3246.65234375 66356.71171875
590 3319.2390625 69675.95078125
600 3352.98671875 73028.9375
610 3489.484375 76518.421875
620 2846.7640625 79365.1859375
630 773.56796875 80138.75390625
640 3566.4953125 83705.24921875
650 4632.80546875 88338.0546875
660 4544.5265625 92882.58125
670 4293.2453125 97175.8265625
680 3655.85234375 100831.67890625
690 3123.39609375 103955.075
700 3498.52890625 107453.60390625
710 4031.79453125 111485.3984375
720 4464.2640625 115949.6625
730 4349.1234375 120298.7859375
740 3619.99375 123918.7796875
750 2357.07734375 126275.85703125
760 1399.39453125 127675.2515625
770 675.9046875 128351.15625
780 224.9109375 128576.0671875
790 2.746875 128578.8140625
800 200.9296875 128779.74375
810 153.946875 128933.690625
820 63.9265625 128997.6171875
830 21.86328125 129019.48046875
840 3.378125 129022.85859375
840 0 129022.85859375
