0 79.67109375 79.67109375
10 257.20234375 336.8734375
20 2626.74765625 2963.62109375
30 1895.546875 4859.16796875
40 2834.92109375 7694.0890625
50 4467.0859375 12161.175
60 2345.61796875 14506.79296875
70 3899.0546875 18405.84765625
80 3518.259375 21924.10703125
90 3955.3328125 25879.43984375
100 4640.64375 30520.08359375
110 2629.73203125 33149.815625
120 3117.18359375 36266.99921875
130 4204.31640625 40471.315625
140 3240.146875 43711.4625
150 2711.4203125 46422.8828125
160 2607.29140625 49030.17421875
170 2917.653125 51947.82734375
180 3273.6046875 55221.43203125
190 4121.84609375 59343.278125
200 4973.60546875 64316.88359375
210 5674.08515625 69990.96875
220 5526.28125 75517.25
230 5611.73125 81128.98125
240 5674.48125 86803.4625
250 6806.55546875 93610.01796875
260 5749.171875 99359.18984375
270 5752.45390625 105111.64375
280 6016.37734375 111128.02109375
290 6129.0375 117257.05859375
300 5986.353125 123243.41171875
310 7020.34453125 130263.75625
320 7345.65703125 137609.41328125
330 6592.16484375 144201.578125
340 6135.425 150337.003125
350 6676.71328125 157013.71640625
360 7020.4703125 164034.18671875
370 6795.946875 170830.13359375
380 7125.440625 177955.57421875
390 6454.271875 184409.84609375
400 7220.55546875 191630.4015625
410 6724.1890625 198354.590625
420 7212.03515625 205566.62578125
430 6860.1046875 212426.73046875
440 6189.4546875 218616.18515625
450 6219.11328125 224835.2984375
460 7799.584375 232634.8828125
470 7228.834375 239863.7171875
480 6252.72265625 246116.43984375
490 6897.46171875 253013.9015625
500 5643.31875 258657.2203125
510 6881.32421875 265538.54453125
520 7098.50546875 272637.05
530 6837.25859375 279474.30859375
540 7379.15625 286853.46484375
550 6266.603125 293120.06796875
560 6489.72578125 299609.79375
570 7046.76875 306656.5625
580 7465.26875 314121.83125
590 7877.64609375 321999.47734375
600 6389.3640625 328388.84140625
610 8290.56484375 336679.40625
620 3947.88125 340627.2875
630 549.6671875 341176.9546875
640 9104.409375 350281.3640625
650 9691.00234375 359972.36640625
660 8884.3796875 368856.74609375
670 7482.84296875 376339.5890625
680 6721.33125 383060.9203125
690 5088.3578125 388149.278125
700 8731.8984375 396881.1765625
710 10971.01796875 407852.19453125
720 10125.75703125 417977.9515625
730 9809.54296875 427787.49453125
740 7742.26171875 435529.75625
750 4132.7453125 439662.5015625
760 3464.3328125 443126.834375
770 2412.103125 445538.9375
780 670.35625 446209.29375
790 0.72421875 446210.01796875
800 1280.28125 447490.29921875
810 704.9625 448195.26171875
820 292.984375 448488.24609375
830 84.38984375 448572.6359375
840 8.971875 448581.6078125
840 0 448581.6078125
