0 0.7 7
10 0.8 15
20 0.6 21
30 1.2 33
40 1.1 44
50 0.9 53
60 0.7 60
70 1.6 76
80 1.1 87
90 2.2 109
100 1.6 125
110 2 145
120 1.3 158
130 1.1 169
140 1.8 187
150 1.7 204
160 1.8 222
170 2.8 250
180 3.6 286
190 4.6 332
200 4 372
210 4.2 414
220 4.4 458
230 3.8 496
240 3 526
250 6.6 592
260 6.4 656
270 5.4 710
280 6.6 776
290 6.1 837
300 8 917
310 8.3 1000
320 10.4 1104
330 11.7 1221
340 8.7 1308
350 9.7 1405
360 12.6 1531
370 15.8 1689
380 17.2 1861
390 14.8 2009
400 15.2 2161
410 14.5 2306
420 17.7 2483
430 19.7 2680
440 19.4 2874
450 18 3054
460 19.3 3247
470 20.1 3448
480 22.4 3672
490 22.5 3897
500 21.6 4113
510 24.9 4362
520 22.6 4588
530 23.9 4827
540 27.5 5102
550 30.6 5408
560 29.6 5704
570 34.3 6047
580 33.1 6378
590 28.5 6663
600 32.1 6984
610 38.3 7367
620 39.1 7758
630 42 8178
640 32.5 8503
650 18 8683
660 17.8 8861
670 44.1 9302
680 42.7 9729
690 44.2 10171
700 45.4 10625
710 40.3 11028
720 12.6 11154
730 0 11154
740 0 11154
750 0 11154
760 0 11154
770 0 11154
780 0 11154
790 0 11154
800 0 11154
810 0 11154
820 0 11154
830 0 11154
840 0 11154
840 0 11154
