0 7 7
10 15 15
20 21 21
30 33 33
40 42 43
50 49 50
60 53 54
70 62 63
80 60 63
90 73 73
100 75 75
110 84 86
120 88 90
130 80 93
140 83 93
150 77 93
160 77 93
170 92 93
180 114 114
190 145 147
200 169 169
210 196 196
220 213 213
230 231 238
240 237 238
250 287 287
260 323 325
270 355 355
280 397 399
290 435 437
300 475 475
310 528 528
320 596 596
330 647 647
340 643 656
350 661 662
360 703 703
370 761 761
380 839 839
390 874 878
400 920 922
410 924 939
420 972 972
430 1036 1037
440 1047 1053
450 1061 1068
460 1104 1108
470 1139 1139
480 1169 1176
490 1202 1204
500 1218 1232
510 1267 1268
520 1308 1311
530 1326 1336
540 1399 1399
550 1466 1466
560 1514 1514
570 1647 1647
580 1716 1717
590 1726 1737
600 1731 1737
610 1816 1821
620 1907 1929
630 2232 2250
640 2391 2401
650 2286 2401
660 2129 2401
670 1939 2401
680 1880 2401
690 1951 2401
700 2104 2401
710 2236 2401
720 1998 2401
730 1637 2401
740 1231 2401
750 801 2401
760 468 2401
770 234 2401
780 194 2401
790 194 2401
800 72 2401
810 27 2401
820 10 2401
830 2 2401
840 0 2401
840 0 2401
