0 1 10
10 1.6 26
20 3.9 65
30 4.4 109
40 6.3 172
50 7.2 244
60 8.6 330
70 11.4 444
80 12.6 570
90 13.9 709
100 14.6 855
110 13.3 988
120 13.5 1123
130 12.5 1248
140 13.3 1381
150 15.2 1533
160 16 1693
170 15.7 1850
180 18.7 2037
190 18.7 2224
200 21.7 2441
210 27.6 2717
220 30.4 3021
230 36.1 3382
240 35.7 3739
250 37.9 4118
260 40 4518
270 39.8 4916
280 42.2 5338
290 50.5 5843
300 57.2 6415
310 63.5 7050
320 62.9 7679
330 66.4 8343
340 68.6 9029
350 73.5 9764
360 75.4 10518
370 75.7 11275
380 72.2 11997
390 72.5 12722
400 62.2 13344
410 80.9 14153
420 90.3 15056
430 95.7 16013
440 102.8 17041
450 95.3 17994
460 96.8 18962
470 105.6 20018
480 102.4 21042
490 110.6 22148
500 119.4 23342
510 120.8 24550
520 123.2 25782
530 129.8 27080
540 138.2 28462
550 119.8 29660
560 138.6 31046
570 130.7 32353
580 143.5 33788
590 148.2 35270
600 159.1 36861
610 149 38351
620 160.5 39956
630 145 41406
640 158.8 42994
650 169 44684
660 162.4 46308
670 163 47938
680 167.3 49611
690 149 51101
700 172.3 52824
710 183.2 54656
720 131.6 55972
730 78.7 56759
740 103.4 57793
750 117.3 58966
760 112.3 60089
770 77.8 60867
780 25.3 61120
790 4.9 61169
