10 0.5 5
20 1.7 22
30 3 52
40 3.5 87
50 4.4 131
60 5.2 183
70 7.1 254
80 8.3 337
90 8.9 426
100 9.5 521
110 9.8 619
120 8.9 708
130 8.4 792
140 7 862
150 9.7 959
160 12.3 1082
170 11.8 1200
180 10.3 1303
190 9.2 1395
200 12.5 1520
210 17.7 1697
220 21 1907
230 24.5 2152
240 22.3 2375
250 24.3 2618
260 25.1 2869
270 25.9 3128
280 26.6 3394
290 32.8 3722
300 36.2 4084
310 37.7 4461
320 40.6 4867
330 43.9 5306
340 45.9 5765
350 45.2 6217
360 47.8 6695
370 42.2 7117
380 40.8 7525
390 41.1 7936
400 37.3 8309
410 43.8 8747
420 42.7 9174
430 38.6 9560
440 40.2 9962
450 34.3 10305
460 36 10665
470 36.1 11026
480 33.6 11362
490 33.5 11697
500 34.1 12038
510 31.2 12350
520 32.4 12674
530 29.1 12965
540 30.6 13271
550 24.6 13517
560 28.1 13798
570 24.9 14047
580 27.4 14321
590 26 14581
600 25.2 14833
610 24 15073
620 22.8 15301
630 19.8 15499
640 23.5 15734
650 21.8 15952
660 21.8 16170
670 20 16370
680 22.5 16595
690 20.7 16802
700 20.7 17009
710 19.5 17204
720 20 17404
730 24.4 17648
740 30.5 17953
750 38.3 18336
760 44.2 18778
770 36 19138
780 17.3 19311
790 4.2 19353
