10 0.4 4
20 3.1 35
30 4.5 80
40 7 150
50 7 220
60 9.5 315
70 11.7 432
80 12.9 561
90 15.7 718
100 15.2 870
110 18.2 1052
120 14.7 1199
130 13.1 1330
140 11.8 1448
150 15.6 1604
160 20.4 1808
170 22 2028
180 16.9 2197
190 13.2 2329
200 18.8 2517
210 30.9 2826
220 36.8 3194
230 41.3 3607
240 39 3997
250 39.4 4391
260 40.6 4797
270 37.6 5173
280 51.9 5692
290 54.1 6233
300 58.9 6822
310 61.8 7440
320 69 8130
330 71.5 8845
340 77.1 9616
350 81.5 10431
360 74.2 11173
370 70.3 11876
380 76.4 12640
390 103.4 13674
400 148 15154
410 197.7 17131
420 227.4 19405
430 239.8 21803
440 230.8 24111
450 237.7 26488
460 245.9 28947
470 254.7 31494
480 263.9 34133
490 272.5 36858
500 279 39648
510 286.8 42516
520 308.6 45602
530 321.8 48820
540 333.2 52152
550 312.4 55276
560 339.5 58671
570 378.1 62452
580 408.1 66533
590 429.2 70825
600 432.5 75150
610 427.1 79421
620 428.6 83707
630 400.6 87713
640 436.8 92081
650 444.8 96529
660 448.2 101011
670 454.2 105553
680 481.9 110372
690 461.4 114986
700 438.4 119370
710 377.5 123145
720 352 126665
730 390.7 130572
740 341.2 133984
750 279.7 136781
760 198.7 138768
770 84.8 139616
780 19.5 139811
790 4.1 139852
