10 0.2 2
20 1.8 20
30 2.3 43
40 3.3 76
50 3.6 112
60 4.7 159
70 6.2 221
80 6.4 285
90 8.1 366
100 7.5 441
110 9.3 534
120 7 604
130 6.6 670
140 5.9 729
150 7.8 807
160 10.5 912
170 10.9 1021
180 8.2 1103
190 7.1 1174
200 9.6 1270
210 15.8 1428
220 18.2 1610
230 20.9 1819
240 19.1 2010
250 20.4 2214
260 20.1 2415
270 18.7 2602
280 25.7 2859
290 28.1 3140
300 29.6 3436
310 30.3 3739
320 35.3 4092
330 36.1 4453
340 38.8 4841
350 40.6 5247
360 35.8 5605
370 33.9 5944
380 34.7 6291
390 34.4 6635
400 36.8 7003
410 55.3 7556
420 63.3 8189
430 64.8 8837
440 63.5 9472
450 58.8 10060
460 65.1 10711
470 68.5 11396
480 73.6 12132
490 71.7 12849
500 75.2 13601
510 73.8 14339
520 81.3 15152
530 86.4 16016
540 83.3 16849
550 75 17599
560 86.8 18467
570 84.8 19315
580 92.8 20243
590 96.1 21204
600 105.3 22257
610 96.7 23224
620 103.7 24261
630 97.4 25235
640 104.2 26277
650 108.2 27359
660 107 28429
670 106.5 29494
680 119.4 30688
690 110.3 31791
700 117.2 32963
710 106.3 34026
720 77.2 34798
730 71.1 35509
740 95.5 36464
750 100.8 37472
760 82.1 38293
770 36.9 38662
780 8.1 38743
790 1.5 38758
