410 0.5 5
420 1.6 21
430 4.5 66
440 10.4 170
450 7.5 245
460 8.8 333
470 11.5 448
480 10.3 551
490 12.4 675
500 12.4 799
510 14.9 948
520 15.1 1099
530 16.7 1266
540 18.4 1450
550 18.6 1636
560 18.7 1823
570 15.6 1979
580 16.1 2140
590 20 2340
600 25.4 2594
610 23.4 2828
620 25.2 3080
630 26.1 3341
640 23.4 3575
650 24.2 3817
660 28 4097
670 30.1 4398
680 32.6 4724
690 26.8 4992
700 34.9 5341
710 36 5701
720 29.3 5994
730 15.2 6146
740 20.8 6354
750 35.5 6709
760 55.4 7263
770 30.2 7565
780 4.7 7612
790 0.4 7616
