370 2.6 26
380 11.3 139
390 36.7 506
400 74 1246
410 78.5 2031
420 83.5 2866
430 106.8 3934
440 93.6 4870
450 107.1 5941
460 99.7 6938
470 97.8 7916
480 99.9 8915
490 103.3 9948
500 103.4 10982
510 108.3 12065
520 104.8 13113
530 101.4 14127
540 117.5 15302
550 133.5 16637
560 131 17947
570 161.3 19560
580 164.8 21208
590 172.2 22930
600 164.3 24573
610 179 26363
620 157.8 27941
630 159.4 29535
640 161.1 31146
650 155.7 32703
660 168.4 34387
670 174.3 36130
680 177.2 37902
690 161.8 39520
700 121.8 40738
710 95.6 41694
720 153.2 43226
730 201.5 45241
740 88.2 46123
750 21.2 46335
760 0 46335
770 0 46335
780 0 46335
790 0 46335
