0 0.7 4.701428571428572 7.953571576111359 24.18 1.291 0 0
10 0.9 4.380777777777777 8.76258385000652 29.161 1.084 4.701428571428572 7
20 3.6 1.34475 0.29905725715246495 29.161 0.891 4.5210625 16
30 5.3 1.3158113207547166 0.3783236637970478 29.161 0.776 2.322076923076923 52
40 8.2 1.2617682926829266 0.6453207804854523 29.161 0.776 1.814152380952381 105
50 7.7 1.3124025974025972 0.7666718300930253 29.161 0.751 1.5719304812834223 187
60 9.9 1.344838383838384 2.3385158710025298 29.161 0.751 1.4962348484848484 264
70 13.6 1.206 0.4729946834671985 29.161 0.751 1.4549449035812672 363
80 14.8 1.1807837837837838 0.3211019990456123 29.161 0.751 1.3870961923847693 499
90 16.2 1.416500000000001 1.2014197838031389 29.161 0.742 1.3399026275115917 647
100 17.4 1.29596551724138 0.7035192478847134 29.161 0.742 1.3552410383189122 809
110 18.3 1.178956284153005 0.6453179063645432 29.161 0.735 1.3447487283825024 983
120 17.1 1.213654970760234 0.955811974228002 29.161 0.694 1.3187281303602056 1166
130 15.2 1.2313486842105255 0.8285024160612455 29.161 0.694 1.3052894540014957 1337
140 14 1.2389071428571425 0.7772591670775729 29.161 0.694 1.2977414372061784 1489
150 17.1 1.287058479532164 0.653701782139193 29.161 0.694 1.292685082872928 1629
160 20.5 1.195360975609757 1.1942971793584027 29.161 0.694 1.2921505555555552 1800
170 23.4 1.1126923076923096 0.5665837339243566 29.161 0.694 1.2822543640897754 2005
180 21 1.4011000000000002 2.288888375338977 29.161 0.694 1.264533273782939 2239
190 17.6 1.0924374999999997 0.2691452939874078 29.161 0.694 1.2762437729685587 2449
200 21.3 1.0819953051643203 0.4800940879778586 29.161 0.694 1.26392 2625
210 33.4 1.340131736526945 1.3648256827603054 29.161 0.694 1.2502660324171952 2838
220 39.7 1.1449168765743076 0.7960639226275336 29.161 0.51 1.2597285624211851 3172
230 44.8 1.1320468750000001 0.7485170905572607 29.161 0.51 1.2469574110395067 3569
240 43.7 1.126947368421053 0.8466593902438216 29.161 0.51 1.2341418969380133 4017
250 44.4 1.1771869369369354 0.9016674786647285 29.161 0.51 1.223624607094746 4454
260 47.1 1.1854883227176207 0.7764765998797913 29.161 0.51 1.2194150673744384 4898
270 44.2 4.323753393665162 8.037927799374883 77.273 0.51 1.216438815421866 5369
280 53.9 1.739226345083488 2.3749037353348497 77.273 0.504 1.4527893649974186 5811
290 59 1.2556288135593219 1.24353662531178 77.273 0.504 1.4771026771653541 6350
300 68.4 1.248922514619883 1.4960848558964828 77.273 0.504 1.4582742074927952 6940
310 73.4 1.2994795640326962 1.3398882986473635 77.273 0.504 1.4394918677859392 7624
320 73.5 1.5423741496598626 1.9994184045893628 77.273 0.495 1.4271959798994973 8358
330 79.7 1.6088318695106656 2.0384058276091044 77.273 0.495 1.4365059936214668 9093
340 86.8 1.614141705069123 2.092471449455412 77.273 0.495 1.4503931243680483 9890
350 90.3 1.6174651162790696 1.8323058872656832 77.273 0.495 1.463605038111173 10758
360 91.6 1.6370873362445424 2.044658422966582 77.273 0.495 1.4755195952319697 11661
370 88.7 1.354167981961669 1.3926125505190718 77.273 0.479 1.487286793352946 12577
380 87.5 1.3893794285714292 1.4785347712340913 77.273 0.479 1.4785170083184789 13464
390 115.6 1.8519870242214524 2.232872227598286 77.273 0.479 1.4730776204756262 14339
400 152.2 2.129708278580813 2.893121314178113 77.273 0.46 1.5013460471119717 15495
410 207 2.5896603864734287 3.231916500739838 77.273 0.453 1.5575467473702769 17017
420 242.7 3.2360675731355566 3.8206032115694306 77.273 0.44 1.6694802745324042 19087
430 258.4 3.688236842105264 4.411147746339477 77.273 0.44 1.846207399832667 21514
440 250.5 3.5702479041916204 4.05071034883516 77.273 0.44 2.0437260353556312 24098
450 256.4 3.928367004680186 4.432071837248783 77.273 0.44 2.187466864639327 26603
460 266.7 3.5510123734533274 4.210011885845689 77.273 0.44 2.3405051599410296 29167
470 271.7 3.626203901361785 4.04669216102417 77.273 0.44 2.4419194571841443 31834
480 281.3 4.00802097404903 4.489816912626786 77.273 0.44 2.5350484790599404 34551
490 295.4 5.861944482058216 9.322643434578632 78.036 0.44 2.645943234129106 37364
500 302 4.09538476821193 4.446073300156442 78.036 0.44 2.8815716801428612 40318
510 308.1 4.445518987341757 4.601489620059097 78.036 0.44 2.966156006276245 43338
520 327.3 5.267672166208385 5.1861945711592705 78.036 0.44 3.064346776104609 46419
530 341.6 6.114960480093692 6.454030865169999 78.036 0.44 3.2094704177734825 49692
540 358.8 5.74223355629875 5.699925290741392 78.036 0.44 3.396356650598779 53108
550 344.2 5.098426205694355 4.917694402385882 78.036 0.44 3.5448152074220376 56696
560 364.5 5.826581344307276 5.440933636323667 78.036 0.44 3.633736173467688 60138
570 400.2 7.671248125937036 6.654796363062944 78.036 0.44 3.7590504523148778 63783
580 434.1 8.343449435613888 6.350462557039098 78.036 0.44 3.9900250792948273 67785
590 453.5 9.997428665931599 6.636981187287878 78.036 0.44 4.2520417602528875 72126
600 468 11.63252051282052 7.202693739477434 78.036 0.44 4.591919007057038 76661
610 456.3 10.08093995178611 6.724321908651762 78.036 0.44 4.997003958643238 81341
620 459.1 10.842120017425396 7.162460124544768 78.036 0.44 5.267049590240265 85904
630 433.1 12.686514199953823 7.961501923727917 78.036 0.44 5.549884535057182 90495
640 461.8 13.365874621048109 9.131962994080208 78.036 0.44 5.875836732541705 94826
650 478.6 12.75633033848723 7.493906008585301 78.036 0.44 6.223660582840592 99444
660 477.6 13.685881072026765 8.224158395926182 78.036 0.44 6.523625635613545 104230
670 486.9 14.510441158348765 8.012704392099307 78.036 0.44 6.837433425682986 109006
680 497.2 22.396512670957318 11.701170884145606 78.036 0.44 7.16551135894621 113875
690 487.1 28.784689386163002 21.775800166100833 1028.189 0.44 7.8027048810655675 118847
700 482.2 16.588911654914988 9.545389946366601 1028.189 0.44 8.628803318837997 123718
710 424.2 9.64336704384724 7.263197307563518 1028.189 0.44 8.927415753850937 128540
720 368.3 6.444938365462941 5.566253962336853 1028.189 0.44 8.950288322212344 132782
730 385.6 5.6914551348547455 5.023814248381426 1028.189 0.44 8.882672421500015 136465
740 353.6 5.829496889140272 5.249859169678831 1028.189 0.44 8.794978249869937 140321
750 293.4 4.8463520790729495 4.614893922203518 1028.189 0.44 8.722086822330505 143857
760 216.8 3.9565867158671493 4.040597103385821 1028.189 0.44 8.644620181073767 146791
770 103.5 2.2292 2.6678475554880676 1028.189 0.44 8.576388945951566 148959
780 26.7 1.257089887640449 0.872242359377969 1028.189 0.44 8.532591590330275 149994
790 4.9 1.2874693877551027 0.6144016203622079 1028.189 0.44 8.519663691842855 150261
