0 7 7
10 12 5
20 17 5
30 25 8
40 34 9
50 34 0
60 33 -1
70 44 11
80 52 8
90 44 -8
100 52 8
110 42 -10
120 46 4
130 49 3
140 57 8
150 62 5
160 47 -15
170 49 2
180 67 18
190 83 16
200 99 16
210 110 11
220 125 15
230 120 -5
240 131 11
250 137 6
260 160 23
270 195 35
280 172 -23
290 178 6
300 220 42
310 284 64
320 278 -6
330 300 22
340 336 36
350 365 29
360 460 95
370 591 131
380 654 63
390 713 59
400 700 -13
410 708 8
420 765 57
430 800 35
440 780 -20
450 787 7
460 814 27
470 818 4
480 802 -16
490 836 34
500 873 37
510 878 5
520 855 -23
530 862 7
540 876 14
550 978 102
560 961 -17
570 966 5
580 979 13
590 988 9
600 1033 45
610 1024 -9
620 1036 12
630 1043 7
640 1011 -32
650 1052 41
660 1048 -4
670 1083 35
680 865 -218
690 820 -45
700 917 97
710 1088 171
720 928 -160
730 608 -320
740 542 -66
750 427 -115
760 271 -156
770 115 -156
780 34 -81
790 3 -31
