0 0.1 4.0802036029742 0 4.0802036029742 4.0802036029742 0 0
10 0.1 0.30060120240480964 0.0 4.0802036029742 0.30060120240480964 4.0802036029742 1
20 0.1 4.495504495504496 0.0 4.495504495504496 0.30060120240480964 2.190402402689505 2
30 0.1 2.3928215353938187 0.0 4.495504495504496 0.30060120240480964 2.9587697669611686 3
40 0.1 3.0 0.0 4.495504495504496 0.30060120240480964 2.817282709069331 4
50 0.1 4.075546719681909 0.0 4.495504495504496 0.30060120240480964 2.853826167255465 5
60 0.1 4.183266932270916 0.0 4.495504495504496 0.30060120240480964 3.057446259326539 6
70 0.1 4.6 0.0 4.6 0.30060120240480964 3.2182777840328782 7
80 0.1 6.093906093906094 0.0 6.093906093906094 0.30060120240480964 3.3909930610287686 8
90 0.1 7.256461232604374 0.0 7.256461232604374 0.30060120240480964 3.691316731348471 9
100 0.1 7.884231536926148 0.0 7.884231536926148 0.30060120240480964 4.047831181474061 10
110 0.1 8.008008008008009 0.0 8.008008008008009 0.30060120240480964 4.396594850151524 11
120 0.1 7.6076076076076085 0.0 8.008008008008009 0.30060120240480964 4.697545946639564 12
130 0.1 6.779661016949152 0.0 8.008008008008009 0.30060120240480964 4.921396843637106 13
140 0.1 6.965174129353234 0.0 8.008008008008009 0.30060120240480964 5.054129998873681 14
150 0.1 6.653426017874876 0.0 8.008008008008009 0.30060120240480964 5.181532940905651 15
160 0.1 8.81188118811881 0.0 8.81188118811881 0.30060120240480964 5.2735262582162274 16
170 0.1 8.964143426294822 0.0 8.964143426294822 0.30060120240480964 5.481664783504614 17
180 0.1 8.90890890890891 0.0 8.964143426294822 0.30060120240480964 5.675135819215182 18
190 0.1 8.08383233532934 0.0 8.964143426294822 0.30060120240480964 5.845334402883274 19
200 0.1 7.3 0.0 8.964143426294822 0.30060120240480964 5.957259299505577 20
210 0.1 10.327706057596822 0.0 10.327706057596822 0.30060120240480964 6.021199332862454 21
220 0.1 14.328358208955224 0.0 14.328358208955224 0.30060120240480964 6.216949638532198 22
230 0.1 16.50099403578529 0.0 16.50099403578529 0.30060120240480964 6.569619576376677 23
240 0.1 17.09741550695825 0.0 17.09741550695825 0.30060120240480964 6.983426845518703 24
250 0.1 17.588932806324113 0.0 17.588932806324113 0.30060120240480964 7.387986391976284 25
260 0.1 17.524752475247524 0.0 17.588932806324113 0.30060120240480964 7.780330484835816 26
270 0.1 18.570009930486595 0.0 18.570009930486595 0.30060120240480964 8.141235002999213 27
280 0.1 18.48906560636183 0.0 18.570009930486595 0.30060120240480964 8.513691250409478 28
290 0.1 21.41434262948207 0.0 21.41434262948207 0.30060120240480964 8.8576696764768 29
300 0.1 22.84569138276553 0.0 22.84569138276553 0.30060120240480964 9.276225441576974 30
310 0.1 25.0499001996008 0.0 25.0499001996008 0.30060120240480964 9.71395014935725 31
320 0.1 25.966303270564918 0.0 25.966303270564918 0.30060120240480964 10.193198588427363 32
330 0.1 27.95275590551181 0.0 27.95275590551181 0.30060120240480964 10.671171457583046 33
340 0.1 30.926829268292682 0.0 30.926829268292682 0.30060120240480964 11.179453353110363 34
350 0.1 30.784508440913605 0.0 30.926829268292682 0.30060120240480964 11.743664093544144 35
360 0.1 32.477788746298124 0.0 32.477788746298124 0.30060120240480964 12.272576436526629 36
370 0.1 31.343283582089555 0.0 32.477788746298124 0.30060120240480964 12.818663255709643 37
380 0.1 30.56379821958457 0.0 32.477788746298124 0.30060120240480964 13.306153264298588 38
390 0.1 32.28346456692913 0.0 32.477788746298124 0.30060120240480964 13.748656981100794 39
400 0.1 37.22275795564127 0.0 37.22275795564127 0.30060120240480964 14.212027170746504 40
410 0.1 41.626331074540175 0.0 41.626331074540175 0.30060120240480964 14.773264506963448 41
420 0.1 43.73232799245994 0.0 43.73232799245994 0.30060120240480964 15.412623234762894 42
430 0.1 45.23580365736285 0.0 45.23580365736285 0.30060120240480964 16.071221019825618 43
440 0.1 45.54924242424242 0.0 45.54924242424242 0.30060120240480964 16.734052443406007 44
450 0.1 45.575642245480495 0.0 45.575642245480495 0.30060120240480964 17.374389998535705 45
460 0.1 45.568400770712906 0.0 45.575642245480495 0.30060120240480964 17.987460699556244 46
470 0.1 45.22661523625844 0.0 45.575642245480495 0.30060120240480964 18.57428921170851 47
480 0.1 46.469465648854964 0.0 46.469465648854964 0.30060120240480964 19.129546003886635 48
490 0.1 46.04247104247104 0.0 46.469465648854964 0.30060120240480964 19.6875035476615 49
500 0.1 46.40776699029126 0.0 46.469465648854964 0.30060120240480964 20.21460289755769 50
510 0.1 46.61582459485224 0.0 46.61582459485224 0.30060120240480964 20.728194350356386 51
520 0.1 46.32983794089609 0.0 46.61582459485224 0.30060120240480964 21.226033393519767 52
530 0.1 47.72507260406583 0.0 47.72507260406583 0.30060120240480964 21.699690083092907 53
540 0.1 47.399411187438666 0.0 47.72507260406583 0.30060120240480964 22.181641611259074 54
550 0.1 47.92490118577075 0.0 47.92490118577075 0.30060120240480964 22.640146512644158 55
560 0.1 48.11507936507937 0.0 48.11507936507937 0.30060120240480964 23.091659988949992 56
570 0.1 48.09756097560975 0.0 48.11507936507937 0.30060120240480964 23.530667346425943 57
580 0.1 49.21104536489152 0.0 49.21104536489152 0.30060120240480964 23.954234477963595 58
590 0.1 49.30555555555556 0.0 49.30555555555556 0.30060120240480964 24.38231601842 59
600 0.1 49.40711462450593 0.0 49.40711462450593 0.30060120240480964 24.79770334403893 60
610 0.1 49.40828402366864 0.0 49.40828402366864 0.30060120240480964 25.201136315849862 61
620 0.1 49.20792079207921 0.0 49.40828402366864 0.30060120240480964 25.591574182105003 62
630 0.1 49.306930693069305 0.0 49.40828402366864 0.30060120240480964 25.96643682670777 63
640 0.1 49.353233830845774 0.0 49.40828402366864 0.30060120240480964 26.331132043369667 64
650 0.1 49.20159680638723 0.0 49.40828402366864 0.30060120240480964 26.685318224715452 65
660 0.1 49.40711462450593 0.0 49.40828402366864 0.30060120240480964 27.02647396080139 66
670 0.1 49.25668979187314 0.0 49.40828402366864 0.30060120240480964 27.360513373692502 67
680 0.1 49.504950495049506 0.0 49.504950495049506 0.30060120240480964 27.682515968077514 68
690 0.1 49.2063492063492 0.0 49.504950495049506 0.30060120240480964 27.998783135135078 69
700 0.1 49.45812807881773 0.0 49.504950495049506 0.30060120240480964 28.301748364723853 70
710 0.1 49.265426052889325 0.0 49.504950495049506 0.30060120240480964 28.599725543795596 71
720 0.1 49.45164506480558 0.0 49.504950495049506 0.30060120240480964 28.886749161977452 72
730 0.1 49.15422885572139 0.0 49.504950495049506 0.30060120240480964 29.168460064755923 73
740 0.1 49.50099800399202 0.0 49.504950495049506 0.30060120240480964 29.438538021390592 74
750 0.1 49.20159680638723 0.0 49.504950495049506 0.30060120240480964 29.70603748782528 75
760 0.1 49.4 0.0 49.504950495049506 0.30060120240480964 29.962558005174785 76
770 0.1 48.45463609172482 0.0 49.504950495049506 0.30060120240480964 30.214992316795893 77
780 0.1 20.72434607645875 0.0 49.504950495049506 0.30060120240480964 30.448833903653956 78
790 0.1 4.82897384305835 0.0 49.504950495049506 0.30060120240480964 30.325739121031233 79
