0 0 0
10 0 0
20 0 0
30 0 0
40 0.3 3
50 0.7 10
60 0.5 15
70 0.8 23
80 1.1 34
90 1.3 47
100 1.4 61
110 1.1 72
120 2 92
130 1.7 109
140 1.4 123
150 1.1 134
160 1.5 149
170 1.2 161
180 2.3 184
190 2.8 212
200 0.9 221
210 1.4 235
220 1.4 249
230 4.1 290
240 3.8 328
250 4.5 373
260 3.8 411
270 3.3 444
280 4.1 485
290 4.4 529
300 5.2 581
310 5.5 636
320 4.8 684
330 6.1 745
340 5.9 804
350 6 864
360 7.9 943
370 5.1 994
380 4.8 1042
390 6.3 1105
400 5.9 1164
410 8.6 1250
420 9.1 1341
430 15.4 1495
440 21.5 1710
450 18 1890
460 17.9 2069
470 16.4 2233
480 19.5 2428
490 19.1 2619
500 19.1 2810
510 20.8 3018
520 21.1 3229
530 18.9 3418
540 23.9 3657
550 22.7 3884
560 26.4 4148
570 20.9 4357
580 24.8 4605
590 23.9 4844
600 30.8 5152
610 29.3 5445
620 29.3 5738
630 32.7 6065
640 27.8 6343
650 29.5 6638
660 29.5 6933
670 28.9 7222
680 36.5 7587
690 31.4 7901
700 33.2 8233
710 29.4 8527
720 32.3 8850
730 26.8 9118
740 19.8 9316
750 25.7 9573
760 32.9 9902
770 34.2 10244
780 14.9 10393
790 3.7 10430
