0 0.1 3498.3203125 0 3498.3203125 3498.3203125 0 0
10 0.1 3501.3828125 0.0 3501.3828125 3498.3203125 3498.3203125 1
20 0.1 3497.93359375 0.0 3501.3828125 3497.93359375 3499.8515625 2
30 0.1 3493.59765625 0.0 3501.3828125 3493.59765625 3499.2122395833335 3
40 0.1 3488.1796875 0.0 3501.3828125 3488.1796875 3497.80859375 4
50 0.1 3483.56640625 0.0 3501.3828125 3483.56640625 3495.8828125 5
60 0.1 3480.5390625 0.0 3501.3828125 3480.5390625 3493.830078125 6
70 0.1 3479.19140625 0.0 3501.3828125 3479.19140625 3491.9313616071427 7
80 0.1 3479.17578125 0.0 3501.3828125 3479.17578125 3490.3388671875 8
90 0.1 3477.9296875 0.0 3501.3828125 3477.9296875 3489.0985243055557 9
100 0.1 3467.04296875 0.0 3501.3828125 3467.04296875 3487.981640625 10
110 0.1 3466.54296875 0.0 3501.3828125 3466.54296875 3486.078125 11
120 0.1 3467.97265625 0.0 3501.3828125 3466.54296875 3484.4501953125 12
130 0.1 3467.7421875 0.0 3501.3828125 3466.54296875 3483.1826923076924 13
140 0.1 3468.4765625 0.0 3501.3828125 3466.54296875 3482.0797991071427 14
150 0.1 3467.38671875 0.0 3501.3828125 3466.54296875 3481.172916666667 15
160 0.1 3467.7890625 0.0 3501.3828125 3466.54296875 3480.311279296875 16
170 0.1 3464.8828125 0.0 3501.3828125 3464.8828125 3479.5746783088234 17
180 0.1 3463.4375 0.0 3501.3828125 3463.4375 3478.7584635416665 18
190 0.1 3466.46875 0.0 3501.3828125 3463.4375 3477.9520970394738 19
200 0.1 3466.1171875 0.0 3501.3828125 3463.4375 3477.3779296875 20
210 0.1 3447.29296875 0.0 3501.3828125 3447.29296875 3476.8417038690477 21
220 0.1 3442.8984375 0.0 3501.3828125 3442.8984375 3475.4985795454545 22
230 0.1 3435.09765625 0.0 3501.3828125 3435.09765625 3474.0811820652175 23
240 0.1 3427.9140625 0.0 3501.3828125 3427.9140625 3472.4568684895835 24
250 0.1 3427.41015625 0.0 3501.3828125 3427.41015625 3470.67515625 25
260 0.1 3423.15625 0.0 3501.3828125 3423.15625 3469.0111177884614 26
270 0.1 3423.859375 0.0 3501.3828125 3423.15625 3467.3127893518517 27
280 0.1 3414.7421875 0.0 3501.3828125 3414.7421875 3465.7608816964284 28
290 0.1 3412.1875 0.0 3501.3828125 3412.1875 3464.0016163793102 29
300 0.1 3395.95703125 0.0 3501.3828125 3395.95703125 3462.274479166667 30
310 0.1 3389.6875 0.0 3501.3828125 3389.6875 3460.135206653226 31
320 0.1 3380.67578125 0.0 3501.3828125 3380.67578125 3457.9337158203125 32
330 0.1 3358.78125 0.0 3501.3828125 3358.78125 3455.592566287879 33
340 0.1 3350.35546875 0.0 3501.3828125 3350.35546875 3452.745174632353 34
350 0.1 3331.3828125 0.0 3501.3828125 3331.3828125 3449.819754464286 35
360 0.1 3307.8984375 0.0 3501.3828125 3307.8984375 3446.529839409722 36
370 0.1 3304.51171875 0.0 3501.3828125 3304.51171875 3442.7830447635133 37
380 0.1 3272.17578125 0.0 3501.3828125 3272.17578125 3439.1443256578946 38
390 0.1 3247.0390625 0.0 3501.3828125 3247.0390625 3434.8630809294873 39
400 0.1 3192.453125 0.0 3501.3828125 3192.453125 3430.16748046875 40
410 0.1 3179.4609375 0.0 3501.3828125 3179.4609375 3424.369569359756 41
420 0.1 3179.65234375 0.0 3501.3828125 3179.4609375 3418.5384114583335 42
430 0.1 3160.83203125 0.0 3501.3828125 3160.83203125 3412.982921511628 43
440 0.1 3133.37109375 0.0 3501.3828125 3133.37109375 3407.2522194602275 44
450 0.1 3135.13671875 0.0 3501.3828125 3133.37109375 3401.165972222222 45
460 0.1 3135.75 0.0 3501.3828125 3133.37109375 3395.3827275815215 46
470 0.1 3136.8359375 0.0 3501.3828125 3133.37109375 3389.858626994681 47
480 0.1 3136.76953125 0.0 3501.3828125 3133.37109375 3384.5873209635415 48
490 0.1 3141.9140625 0.0 3501.3828125 3133.37109375 3379.5298150510203 49
500 0.1 3135.8828125 0.0 3501.3828125 3133.37109375 3374.7775 50
510 0.1 3132.90234375 0.0 3501.3828125 3132.90234375 3370.0932904411766 51
520 0.1 3129.4296875 0.0 3501.3828125 3129.4296875 3365.531926081731 52
530 0.1 3108.37109375 0.0 3501.3828125 3108.37109375 3361.0771668632074 53
540 0.1 3104.67578125 0.0 3501.3828125 3104.67578125 3356.3974247685187 54
550 0.1 3097.77734375 0.0 3501.3828125 3097.77734375 3351.8206676136365 55
560 0.1 3087.4296875 0.0 3501.3828125 3087.4296875 3347.2841796875 56
570 0.1 3075.6640625 0.0 3501.3828125 3075.6640625 3342.7253289473683 57
580 0.1 3062.01953125 0.0 3501.3828125 3062.01953125 3338.1208243534484 58
590 0.1 3049.6015625 0.0 3501.3828125 3049.6015625 3333.4411414194915 59
600 0.1 3022.75 0.0 3501.3828125 3022.75 3328.710481770833 60
610 0.1 3025.89453125 0.0 3501.3828125 3022.75 3323.6947361680327 61
620 0.1 3017.56640625 0.0 3501.3828125 3017.56640625 3318.8915070564517 62
630 0.1 3017.40625 0.0 3501.3828125 3017.40625 3314.1085689484125 63
640 0.1 2999.89453125 0.0 3501.3828125 2999.89453125 3309.4725952148438 64
650 0.1 2999.91015625 0.0 3501.3828125 2999.89453125 3304.7098557692307 65
660 0.1 3005.640625 0.0 3501.3828125 2999.89453125 3300.091678503788 66
670 0.1 2990.34765625 0.0 3501.3828125 2990.34765625 3295.696886660448 67
680 0.1 2984.90234375 0.0 3501.3828125 2984.90234375 3291.2064568014707 68
690 0.1 2995.65234375 0.0 3501.3828125 2984.90234375 3286.7672667572465 69
700 0.1 3002.37890625 0.0 3501.3828125 2984.90234375 3282.608482142857 70
710 0.1 3003.9453125 0.0 3501.3828125 2984.90234375 3278.6615867077467 71
720 0.1 2981.3359375 0.0 3501.3828125 2981.3359375 3274.8460828993057 72
730 0.1 2985.63671875 0.0 3501.3828125 2981.3359375 3270.8253959760273 73
740 0.1 3002.734375 0.0 3501.3828125 2981.3359375 3266.9714949324325 74
750 0.1 3040.25 0.0 3501.3828125 2981.3359375 3263.4483333333333 75
760 0.1 3078.55078125 0.0 3501.3828125 2981.3359375 3260.5115131578946 76
770 0.1 3117.00390625 0.0 3501.3828125 2981.3359375 3258.1483867694806 77
780 0.1 3170.234375 0.0 3501.3828125 2981.3359375 3256.338842147436 78
790 0.1 3211.29296875 0.0 3501.3828125 2981.3359375 3255.2489121835442 79
