0 0.1 0.0 0 0.0 0.0 0 0
10 0.1 0.0 0.0 0.0 0.0 0.0 1
20 0.1 0.0 0.0 0.0 0.0 0.0 2
30 0.1 0.0 0.0 0.0 0.0 0.0 3
40 0.1 0.0 0.0 0.0 0.0 0.0 4
50 0.1 0.0 0.0 0.0 0.0 0.0 5
60 0.1 0.0 0.0 0.0 0.0 0.0 6
70 0.1 0.0 0.0 0.0 0.0 0.0 7
80 0.1 0.0 0.0 0.0 0.0 0.0 8
90 0.1 0.0 0.0 0.0 0.0 0.0 9
100 0.1 0.0 0.0 0.0 0.0 0.0 10
110 0.1 0.0 0.0 0.0 0.0 0.0 11
120 0.1 0.0 0.0 0.0 0.0 0.0 12
130 0.1 0.0 0.0 0.0 0.0 0.0 13
140 0.1 0.0703125 0.0 0.0703125 0.0 0.0 14
150 0.1 0.05859375 0.0 0.0703125 0.0 0.0046875 15
160 0.1 0.05078125 0.0 0.0703125 0.0 0.008056640625 16
170 0.1 0.19140625 0.0 0.19140625 0.0 0.010569852941176471 17
180 0.1 0.16015625 0.0 0.19140625 0.0 0.020616319444444444 18
190 0.1 0.2109375 0.0 0.2109375 0.0 0.027960526315789474 19
200 0.1 0.25 0.0 0.25 0.0 0.037109375 20
210 0.1 0.2890625 0.0 0.2890625 0.0 0.04724702380952381 21
220 0.1 0.25 0.0 0.2890625 0.0 0.05823863636363636 22
230 0.1 0.2109375 0.0 0.2890625 0.0 0.06657608695652174 23
240 0.1 0.1796875 0.0 0.2890625 0.0 0.07259114583333333 24
250 0.1 0.30859375 0.0 0.30859375 0.0 0.076875 25
260 0.1 0.26171875 0.0 0.30859375 0.0 0.08578725961538461 26
270 0.1 0.21875 0.0 0.30859375 0.0 0.09230324074074074 27
280 0.1 0.19140625 0.0 0.30859375 0.0 0.09681919642857142 28
290 0.1 0.16015625 0.0 0.30859375 0.0 0.10008081896551724 29
300 0.1 0.359375 0.0 0.359375 0.0 0.10208333333333333 30
310 0.1 0.30078125 0.0 0.359375 0.0 0.11038306451612903 31
320 0.1 0.41015625 0.0 0.41015625 0.0 0.1163330078125 32
330 0.1 0.33984375 0.0 0.41015625 0.0 0.12523674242424243 33
340 0.1 0.51953125 0.0 0.51953125 0.0 0.13154871323529413 34
350 0.1 0.44140625 0.0 0.51953125 0.0 0.14263392857142856 35
360 0.1 0.44140625 0.0 0.51953125 0.0 0.1509331597222222 36
370 0.1 0.51953125 0.0 0.51953125 0.0 0.15878378378378377 37
380 0.1 0.75 0.0 0.75 0.0 0.16827713815789475 38
390 0.1 0.78125 0.0 0.78125 0.0 0.18319310897435898 39
400 0.1 0.80859375 0.0 0.80859375 0.0 0.19814453125 40
410 0.1 0.76171875 0.0 0.80859375 0.0 0.21303353658536586 41
420 0.1 0.71875 0.0 0.80859375 0.0 0.22609747023809523 42
430 0.1 0.83984375 0.0 0.83984375 0.0 0.2375545058139535 43
440 0.1 1.01953125 0.0 1.01953125 0.0 0.2512428977272727 44
450 0.1 1.08984375 0.0 1.08984375 0.0 0.2683159722222222 45
460 0.1 1.0703125 0.0 1.08984375 0.0 0.2861752717391304 46
470 0.1 1.2109375 0.0 1.2109375 0.0 0.3028590425531914 47
480 0.1 1.26171875 0.0 1.26171875 0.0 0.32177734374999994 48
490 0.1 1.2890625 0.0 1.2890625 0.0 0.34095982142857134 49
500 0.1 1.3984375 0.0 1.3984375 0.0 0.35992187499999995 50
510 0.1 1.33984375 0.0 1.3984375 0.0 0.38028492647058815 51
520 0.1 1.2890625 0.0 1.3984375 0.0 0.3987379807692307 52
530 0.1 1.48046875 0.0 1.48046875 0.0 0.41553655660377353 53
540 0.1 1.3984375 0.0 1.48046875 0.0 0.4352575231481481 54
550 0.1 1.41015625 0.0 1.48046875 0.0 0.4527698863636363 55
560 0.1 1.5 0.0 1.5 0.0 0.46986607142857134 56
570 0.1 1.421875 0.0 1.5 0.0 0.487938596491228 57
580 0.1 1.44140625 0.0 1.5 0.0 0.504040948275862 58
590 0.1 1.37109375 0.0 1.5 0.0 0.5199284957627118 59
600 0.1 1.46875 0.0 1.5 0.0 0.5341145833333333 60
610 0.1 1.390625 0.0 1.5 0.0 0.5494364754098361 61
620 0.1 1.328125 0.0 1.5 0.0 0.5630040322580645 62
630 0.1 1.28125 0.0 1.5 0.0 0.5751488095238095 63
640 0.1 1.23828125 0.0 1.5 0.0 0.586181640625 64
650 0.1 1.28125 0.0 1.5 0.0 0.5962139423076923 65
660 0.1 1.23828125 0.0 1.5 0.0 0.6065932765151515 66
670 0.1 1.19921875 0.0 1.5 0.0 0.6160214552238806 67
680 0.1 1.25 0.0 1.5 0.0 0.6245978860294118 68
690 0.1 1.2890625 0.0 1.5 0.0 0.6336616847826086 69
700 0.1 1.23828125 0.0 1.5 0.0 0.6430245535714286 70
710 0.1 1.19140625 0.0 1.5 0.0 0.6514084507042255 71
720 0.1 1.16015625 0.0 1.5 0.0 0.658908420138889 72
730 0.1 1.2109375 0.0 1.5 0.0 0.6657748287671234 73
740 0.1 1.171875 0.0 1.5 0.0 0.673141891891892 74
750 0.1 1.23046875 0.0 1.5 0.0 0.6797916666666668 75
760 0.1 1.33984375 0.0 1.5 0.0 0.687037417763158 76
770 0.1 1.37109375 0.0 1.5 0.0 0.6955154220779222 77
780 0.1 1.16015625 0.0 1.5 0.0 0.7041766826923078 78
790 0.1 0.98046875 0.0 1.5 0.0 0.7099485759493672 79
