0 1 12.3263 7.437951640740883 33.983 7.473 0 0
10 2 48.15639999999999 81.40740286448157 323.021 1.571 12.3263 10
20 7 46.49222857142857 124.07912509664048 987.943 1.321 36.21303333333333 30
30 8.9 30.74158426966292 42.032144624394846 987.943 1.321 43.408469999999994 100
40 13.6 21.663970588235287 35.09954153629301 987.943 1.321 37.443640211640215 189
50 14.8 25.105817567567573 36.61524593885263 987.943 1.208 30.84045538461539 325
60 18.7 24.677524064171134 36.112865119323146 987.943 1.208 29.04610782241015 473
70 23.9 24.89882845188286 34.00929265022867 987.943 1.208 27.808342424242426 660
80 26.6 25.299939849624053 36.22677275565151 987.943 1.208 27.034845383759738 899
90 30.9 26.5849708737864 39.69220944489327 987.943 1.208 26.63872103004292 1165
100 31.2 25.238173076923104 36.490455762284945 987.943 1.208 26.627453188602438 1474
110 32.6 24.41372392638035 34.21528642177037 987.943 1.142 26.38475699888018 1786
120 30.2 20.866307947019852 28.79884293518002 987.943 1.084 26.08051609848485 2112
130 27.3 24.763413919413928 35.67561203225937 987.943 1.084 25.42820008285004 2414
140 26.5 21.29275094339622 30.329225004472722 987.943 1.084 25.360657610718274 2687
150 31.8 30.846738993710687 46.35174751820714 987.943 1.084 24.99548306233062 2952
160 38 29.413939473684184 44.182790559983715 987.943 1.084 25.564504281345567 3270
170 38.9 23.25619794344474 33.43728253569851 987.943 1.084 25.965267397260273 3650
180 37.9 23.286147757255947 32.984958781299476 987.943 1.084 25.704354295617726 4039
190 34.7 23.507945244956783 36.757642399928706 987.943 1.084 25.496907424173834 4418
200 41.4 33.29421014492755 47.603383427602665 987.943 1.084 25.352065897166842 4765
210 59.9 29.643590984974956 45.04128694546995 987.943 1.084 25.98694670785866 5179
220 68.6 31.810488338192403 47.533828036533244 987.943 1.084 26.366027691242643 5778
230 81.4 29.926234643734638 43.594018134862615 987.943 1.084 26.94382781559406 6464
240 78.3 26.362947637292443 37.30503056601216 987.943 0.989 27.277391865897222 7278
250 81.7 32.43154957160346 47.989672439288 987.943 0.989 27.188567919612947 8061
260 84.8 29.916196933962258 44.173051199794436 987.943 0.989 27.67105451678306 8878
270 80.5 339.5543900621116 677.7005360380374 4263.987 0.989 27.866806189594897 9726
280 98.4 33.264830284552815 50.924906560301736 4263.987 0.98 51.69251172728134 10531
290 108.9 40.101422405877 56.6799638125681 4263.987 0.98 50.1177971341728 11515
300 121.4 39.37429077429983 60.73682031587318 4263.987 0.98 49.25237091399554 12604
310 130.5 45.30008965517237 70.1266352997763 4263.987 0.98 48.384518164712674 13818
320 137 125.98177445255472 196.43302430255372 4263.987 0.938 48.118355418898346 15123
330 143.9 331.59476302988185 457.6572097061914 4263.987 0.938 54.586122597465575 16493
340 151.6 352.84986345646456 508.6090992115212 4263.987 0.937 76.81540173990629 17932
350 161 547.6468223602482 654.1603004066623 4263.987 0.937 98.3326911250514 19448
360 157.5 741.7411650793654 844.0464539065795 4263.987 0.937 132.6852294139994 21058
370 151.9 1088.3397695852575 1067.3168169786516 4729.477 0.937 175.06861202668668 22633
380 157.7 1609.740495244133 1473.071711658027 5273.71 0.937 232.5072874296127 24152
390 192.9 1614.844940383616 1671.297351432092 5410.218 0.912 316.92163578063673 25729
400 232.1 1281.8226566135247 1665.330047283114 5680.198 0.874 407.4449583122423 27658
410 295.4 1150.274688896409 1450.2125675260004 5705.323 0.874 475.140032789619 29979
420 332.8 987.6491159855765 1229.5092465601547 5705.323 0.86 535.6977643700841 32933
430 366.8 878.413523446021 1106.4391038683436 5705.323 0.815 577.1774284217197 36261
440 366.8 878.1008729552905 1058.5516441049401 5705.323 0.815 604.8498969671163 39929
450 359.9 876.2992411781038 1105.008925684959 5705.323 0.815 627.8396572699953 43597
460 368.2 886.007073601306 1110.5468564195248 5705.323 0.815 646.7863061912022 47196
470 382 832.0061376963356 1020.4424220822532 5705.323 0.815 664.0985210110457 50878
480 386.4 794.6564259834362 971.1646666460863 5705.323 0.815 675.8248564481332 54698
490 404.6 790.4708210578357 976.3467280466133 5705.323 0.815 683.6655241965777 58562
500 415.7 782.5330546066875 940.5539561723931 5705.323 0.815 690.5677448568871 62608
510 426.8 758.160003748825 922.6505207117439 5705.323 0.815 696.2937958211636 66765
520 440.5 730.4101770715108 870.0747059275456 5705.323 0.815 700.0110114172282 71033
530 452.9 707.3771090748489 824.2345820585987 5705.323 0.815 701.7860892918685 75438
540 481.1 659.3143354811905 798.7826500148336 5705.323 0.815 702.102741518376 79967
550 460.8 668.7639778645834 868.7135398573607 5705.323 0.815 699.6745759395124 84778
560 498.7 640.1502560657715 794.8462479594749 5705.323 0.815 698.0810821493296 89386
570 527.2 634.4263812594837 851.136586668624 5705.323 0.815 695.0198143112964 94373
580 563.5 573.9119011535062 750.8195589315784 5705.323 0.815 691.8139476943146 99645
590 587.8 566.1251090506989 725.626682550373 5705.323 0.815 685.5033660809269 105280
600 611.2 546.01174934555 661.620890727455 5705.323 0.815 679.1906814804152 111158
610 598.4 548.6446440508031 697.4954336777301 5705.323 0.815 672.2495231858104 117270
620 601.4 545.8973616561352 659.1870418031489 5705.323 0.815 666.2484879517095 123254
630 568.3 555.0792018300239 675.9269354077537 5705.323 0.815 660.6493321394313 129268
640 601 550.2323409317787 664.0909780345781 5705.323 0.815 656.2036070203261 134951
650 616.9 538.8805055924777 645.389245554815 5705.323 0.815 651.6854260398268 140961
660 622.3 536.2754181263106 642.2476980093123 5705.323 0.815 646.9556390878817 147130
670 632.7 527.4036636636641 635.6944807942776 5705.323 0.815 642.4642824463822 153353
680 663.1 385.70037128638205 532.7539782349041 5705.323 0.815 637.9052360095194 159680
690 616.3 310.61084471848187 493.69644231724163 5705.323 0.815 627.8495544371692 166311
700 604 369.5437074503312 483.7612317687947 5705.323 0.815 616.5136883472295 172474
710 558.6 585.0690341926215 602.0671929618413 5705.323 0.815 608.1574883594568 178514
720 515.2 596.5981737189452 740.2130953176014 5705.323 0.815 607.4569337425315 184100
730 502.3 632.6899279315124 1016.5337456248645 6863.438 0.815 607.1613261312962 189252
740 435.5 727.1718541905875 936.4213945533792 6863.438 0.815 607.8213707425044 194275
750 389.4 773.5880012840282 780.5825321317744 6863.438 0.815 610.4381524744502 198630
760 343.8 455.9317687609084 544.6265547058255 6863.438 0.815 613.5750918557803 202524
770 202.2 46.06878486646873 85.83915218776487 6863.438 0.815 610.943646517319 205962
780 60.8 17.11335032894736 17.478142267952357 6863.438 0.815 605.4519886481655 207984
790 12.5 28.34140800000003 69.61131099757813 6863.438 0.815 603.7371103589786 208592
