10 0.1 122 0 122 122 0 0
20 0.1 1041.0 0.0 1041 122 122.0 1
30 0.1 846.0 0.0 1041 122 581.5 2
40 0.1 1183.0 0.0 1183 122 669.6666666666666 3
50 0.1 1516.0 0.0 1516 122 798.0 4
60 0.1 1693.0 0.0 1693 122 941.6 5
70 0.1 2063.0 0.0 2063 122 1066.8333333333333 6
80 0.1 2765.0 0.0 2765 122 1209.142857142857 7
90 0.1 3033.0 0.0 3033 122 1403.625 8
100 0.1 3381.0 0.0 3381 122 1584.6666666666667 9
110 0.1 3473.0 0.0 3473 122 1764.3 10
120 0.1 3561.0 0.0 3561 122 1919.6363636363637 11
130 0.1 3065.0 0.0 3561 122 2056.4166666666665 12
140 0.1 2931.0 0.0 3561 122 2134.0 13
150 0.1 2806.0 0.0 3561 122 2190.9285714285716 14
160 0.1 3792.0 0.0 3792 122 2231.9333333333334 15
170 0.1 4222.0 0.0 4222 122 2329.4375 16
180 0.1 4282.0 0.0 4282 122 2440.764705882353 17
190 0.1 3934.0 0.0 4282 122 2543.0555555555557 18
200 0.1 3706.0 0.0 4282 122 2616.2631578947367 19
210 0.1 5006.0 0.0 5006 122 2670.75 20
220 0.1 7063.0 0.0 7063 122 2781.9523809523807 21
230 0.1 8365.0 0.0 8365 122 2976.545454545454 22
240 0.1 8730.0 0.0 8730 122 3210.826086956521 23
250 0.1 8643.0 0.0 8730 122 3440.791666666666 24
260 0.1 8995.0 0.0 8995 122 3648.879999999999 25
270 0.1 9415.0 0.0 9415 122 3854.4999999999995 26
280 0.1 9172.0 0.0 9415 122 4060.444444444444 27
290 0.1 11325.0 0.0 11325 122 4242.999999999999 28
300 0.1 12133.0 0.0 12133 122 4487.206896551723 29
310 0.1 13647.0 0.0 13647 122 4742.066666666665 30
320 0.1 14759.0 0.0 14759 122 5029.322580645159 31
330 0.1 15856.0 0.0 15856 122 5333.374999999998 32
340 0.1 16901.0 0.0 16901 122 5652.242424242422 33
350 0.1 17715.0 0.0 17715 122 5983.088235294116 34
360 0.1 18281.0 0.0 18281 122 6318.285714285713 35
370 0.1 18479.0 0.0 18479 122 6650.583333333332 36
380 0.1 17473.0 0.0 18479 122 6970.270270270269 37
390 0.1 17949.0 0.0 18479 122 7246.657894736841 38
400 0.1 19604.0 0.0 19604 122 7521.076923076922 39
410 0.1 22718.0 0.0 22718 122 7823.149999999999 40
420 0.1 27096.0 0.0 27096 122 8186.439024390243 41
430 0.1 30084.0 0.0 30084 122 8636.666666666666 42
440 0.1 3.07e4 0.0 30700 122 9135.441860465116 43
450 0.1 30856.0 0.0 30856 122 9625.545454545454 44
460 0.1 30111.0 0.0 30856 122 10097.333333333334 45
470 0.1 31950.0 0.0 31950 122 10532.41304347826 46
480 0.1 32452.0 0.0 32452 122 10988.106382978722 47
490 0.1 34424.0 0.0 34424 122 11435.270833333334 48
500 0.1 35216.0 0.0 35216 122 11904.42857142857 49
510 0.1 35153.0 0.0 35216 122 12370.66 50
520 0.1 36024.0 0.0 36024 122 12817.372549019608 51
530 0.1 38334.0 0.0 38334 122 13263.653846153846 52
540 0.1 39114.0 0.0 39114 122 13736.67924528302 53
550 0.1 40404.0 0.0 40404 122 14206.62962962963 54
560 0.1 39798.0 0.0 40404 122 14682.945454545454 55
570 0.1 40938.0 0.0 40938 122 15131.42857142857 56
580 0.1 43220.0 0.0 43220 122 15584.17543859649 57
590 0.1 46573.0 0.0 46573 122 16060.655172413793 58
600 0.1 48377.0 0.0 48377 122 16577.813559322032 59
610 0.1 49395.0 0.0 49395 122 17107.8 60
620 0.1 47982.0 0.0 49395 122 17637.09836065574 61
630 0.1 49083.0 0.0 49395 122 18126.532258064515 62
640 0.1 47918.0 0.0 49395 122 18617.904761904763 63
650 0.1 49512.0 0.0 49512 122 19075.71875 64
660 0.1 50279.0 0.0 50279 122 19543.96923076923 65
670 0.1 50664.0 0.0 50664 122 20009.651515151516 66
680 0.1 51806.0 0.0 51806 122 20467.17910447761 67
690 0.1 53065.0 0.0 53065 122 20928.04411764706 68
700 0.1 51776.0 0.0 53065 122 21393.797101449276 69
710 0.1 50315.0 0.0 53065 122 21827.82857142857 70
720 0.1 46299.0 0.0 53065 122 22229.056338028167 71
730 0.1 37844.0 0.0 53065 122 22563.36111111111 72
740 0.1 37762.0 0.0 53065 122 22772.68493150685 73
750 0.1 39121.0 0.0 53065 122 22975.243243243243 74
760 0.1 35147.0 0.0 53065 122 23190.52 75
770 0.1 26485.0 0.0 53065 122 23347.842105263157 76
780 0.1 10719.0 0.0 53065 122 23388.584415584417 77
790 0.1 2284.0 0.0 53065 122 23226.153846153848 78
