0 1 12.3263 7.437951640740883 33.983 7.473 0 0
10 2.7 35.9861851851852 47.258025227183516 195.715 0.372 12.3263 10
20 10.5 30.822190476190475 99.77096202728241 987.943 0.372 29.59162162162163 37
30 14.2 19.199711267605625 26.034268812195354 987.943 0.36 30.501549295774648 142
40 20.1 14.59913930348259 24.00076646869995 987.943 0.36 24.85063028169014 284
50 22.1 16.784588235294116 22.867726242856605 987.943 0.352 20.602074226804127 485
60 28.1 16.339128113879003 22.578036570652504 987.943 0.34 19.407082152974507 706
70 36.4 16.28885439560438 22.521567148451425 987.943 0.335 18.533632218844986 987
80 40.2 16.683271144278613 22.893538138764363 987.943 0.335 17.928821613619537 1351
90 46.6 17.56567596566523 26.574230202234514 987.943 0.335 17.643190530519107 1753
100 46.8 16.762952991452984 23.23266130419776 987.943 0.332 17.626912122577735 2219
110 50.6 15.668733201581006 23.121265692160424 987.943 0.329 17.476434685522886 2687
120 44.1 14.237380952380944 19.09436362871221 987.943 0.329 17.18996523645474 3193
130 40.6 16.614019704433478 24.12184793251576 987.943 0.324 16.831657677490362 3634
140 38 14.75215263157895 20.020212014437302 987.943 0.321 16.809786138613852 4040
150 48.3 20.41842650103521 29.261266528877353 987.943 0.321 16.63288552036198 4420
160 59.2 18.690653716216207 28.504216011183022 987.943 0.321 17.005803385682228 4903
170 60.4 15.05831125827815 23.369464739223723 987.943 0.321 17.187319563239303 5495
180 54.1 16.09254343807764 22.822501829394913 987.943 0.321 16.976478275127064 6099
190 48.2 16.88782365145232 24.82541437177458 987.943 0.321 16.904458885542166 6640
200 62.6 21.956137380191706 31.143294540208604 987.943 0.321 16.903333052513336 7122
210 92 19.229464130434803 28.309646208123983 987.943 0.321 17.311574599896748 7748
220 106.4 20.455729323308276 31.00915312952278 987.943 0.321 17.515134633133364 8668
230 122.8 19.77540716612373 29.568714102734745 987.943 0.321 17.836629983559394 9732
240 116.1 17.721529715762273 25.182111596582335 987.943 0.321 18.053857937956202 10960
250 122 21.66972622950822 33.26963558619426 987.943 0.321 18.022026152957675 12121
260 125.8 20.098878378378412 30.253347687474182 987.943 0.321 18.355598905629265 13341
270 122 223.97603360655734 485.04779718162365 2967.182 0.321 18.50581779573944 14599
280 146.4 22.355928278688527 35.92042450827701 2967.182 0.321 34.352183766356916 15819
290 165.5 26.369467673716027 39.03216876434554 2967.182 0.321 33.336010762020486 17283
300 181.9 26.175675096206696 41.98988501674028 2967.182 0.321 32.727201552434266 18938
310 193.3 30.502394205897616 47.579230184847766 2967.182 0.321 32.153071060365185 20757
320 207.8 83.03545428296435 127.25342247429415 2967.182 0.321 32.01244706919349 22690
330 217.9 219.80575172097284 283.81493189417756 2967.182 0.321 36.29320486111112 24768
340 230.3 239.9471897524968 337.71057294987105 2967.182 0.321 51.132476008461055 26947
350 240.9 362.4486172685758 405.8960160275134 2967.182 0.321 65.99881056410257 29250
360 233.2 517.5007572898805 568.9231079878006 2967.182 0.321 88.55630083072742 31659
370 224.7 766.9221619937689 714.2086419062547 2967.182 0.321 117.98463399135068 33991
380 235.4 1094.234334749359 932.522119842918 2967.182 0.321 158.22313019482309 36238
390 288.1 1094.1727240541477 1095.9087853341703 2976.968 0.321 215.31709722222197 38592
400 358.2 831.9051778336132 1090.24169535288 3387.547 0.321 276.36845740602297 41473
410 456.7 730.4431545872563 936.5982027703348 3387.547 0.31 320.53519877926965 45055
420 508.9 637.1619060719187 824.4839680366047 3387.547 0.31 358.2614015557614 49622
430 550.2 586.8463193384263 791.9802577629895 3387.547 0.31 384.2036191625082 54711
440 541.2 592.3196607538828 750.3319184991883 3387.547 0.31 402.72022083271065 60213
450 540.7 582.1805100795287 797.9328366063877 3387.547 0.31 418.356215786667 65625
460 552.3 587.8079545536859 788.1524118971513 3387.547 0.31 430.8266229164325 71032
470 574.3 554.755530384815 731.804616633647 3387.547 0.31 442.1519170792246 76555
480 583.6 526.4334492803329 704.5923860405546 3387.547 0.31 450.0097332012933 82298
490 604.1 527.948262042706 704.1518373730541 3387.547 0.31 455.07030922232116 88134
500 623.5 519.952193584605 682.6990354211246 3387.547 0.31 459.7451774250071 94175
510 635.8 505.8894510852464 677.053529093435 3387.547 0.31 463.48375670749977 100410
520 665.4 483.3403964532615 645.2738583471431 3387.547 0.31 466.00900214483784 106768
530 685.2 468.2673158201975 624.3107518839328 3387.547 0.31 467.0257634233222 113422
540 721.1 440.5859958396904 598.1680574132355 3387.547 0.31 467.0964945624162 120274
550 684 447.10278567251436 642.8977927074473 3387.547 0.31 465.5969675099035 127485
560 742.5 431.121992996633 596.473669951969 3387.547 0.31 464.6552202270616 134325
570 795.5 416.3808134506618 627.3345141786589 3387.547 0.31 462.89871784832485 141750
580 852.8 378.88652028611693 565.3158145413536 3387.547 0.31 460.4268569920848 149705
590 891.3 371.5548326040602 547.992566122279 3387.547 0.31 456.03222381551296 158233
600 912 361.58709188596623 511.05949763834474 3387.547 0.31 451.52749748124427 167146
610 899.3 365.2775622150543 546.5356028879517 3387.547 0.31 446.8739823448655 176266
620 898.2 363.26724794032384 512.1386969883306 3387.547 0.31 442.9130594950855 185259
630 848.5 368.7697892751923 530.1523256101287 3387.547 0.31 439.2301157325181 194241
640 907.3 363.6053993166547 517.7739341048854 3387.547 0.31 436.28103238854436 202726
650 924.3 356.8743832089163 502.55510212658487 3387.547 0.31 433.16776925292396 211799
660 935.8 352.17076886086846 505.4658759676834 3387.547 0.31 429.9775168700973 221042
670 948 348.7155592826996 499.0372272669548 3387.547 0.31 426.8172931380211 230400
680 1000 249.43866789999691 409.2811817787703 3387.547 0.31 423.7307313698518 239880
690 931.2 199.2646658075596 392.86232379413076 3387.547 0.31 416.755700816392 249880
700 905.1 245.32345972820704 394.68699531813394 3387.547 0.31 408.9418928361987 259192
710 818.3 397.2053169986541 488.91919924223134 3387.547 0.31 403.42111340090895 268243
720 763.3 405.10154408489456 594.2362291267217 3387.547 0.31 403.23710805423514 276426
730 781.5 411.3018476007693 758.0904688697739 3859.558 0.31 403.2872076470029 284059
740 679.5 461.73031096394436 650.7302278266171 3859.558 0.31 403.50180165413843 291874
750 592.9 503.65663113509805 550.1927820066703 3859.558 0.31 404.8265548784775 298669
760 492.8 308.4153709415595 359.92398937462264 3859.558 0.31 406.7502822901004 304598
770 265.7 33.82014076025593 61.01486122075084 3859.558 0.31 405.1846805534915 309526
780 74.9 13.85714419225635 14.852072720916073 3859.558 0.31 402.0239844802568 312183
790 15.1 23.362456953642404 62.699770275753444 3859.558 0.31 401.0949105492567 312932
