10 0.1 95 0 95 95 0 0
20 0.1 762.0 0.0 762 95 95.0 1
30 0.1 542.0 0.0 762 95 428.5 2
40 0.1 723.0 0.0 762 95 466.3333333333333 3
50 0.1 1038.0 0.0 1038 95 530.5 4
60 0.1 1104.0 0.0 1104 95 632.0 5
70 0.1 1384.0 0.0 1384 95 710.6666666666666 6
80 0.1 1798.0 0.0 1798 95 806.8571428571429 7
90 0.1 1979.0 0.0 1979 95 930.75 8
100 0.1 2234.0 0.0 2234 95 1047.2222222222222 9
110 0.1 2278.0 0.0 2278 95 1165.9 10
120 0.1 2337.0 0.0 2337 95 1267.0 11
130 0.1 2115.0 0.0 2337 95 1356.1666666666667 12
140 0.1 1926.0 0.0 2337 95 1414.5384615384614 13
150 0.1 1881.0 0.0 2337 95 1451.0714285714287 14
160 0.1 2375.0 0.0 2375 95 1479.7333333333333 15
170 0.1 2625.0 0.0 2625 95 1535.6875 16
180 0.1 2833.0 0.0 2833 95 1599.764705882353 17
190 0.1 2742.0 0.0 2833 95 1668.2777777777778 18
200 0.1 2530.0 0.0 2833 95 1724.7894736842106 19
210 0.1 3134.0 0.0 3134 95 1765.05 20
220 0.1 4392.0 0.0 4392 95 1830.2380952380952 21
230 0.1 5269.0 0.0 5269 95 1946.6818181818182 22
240 0.1 5730.0 0.0 5730 95 2091.1304347826085 23
250 0.1 5653.0 0.0 5730 95 2242.7499999999995 24
260 0.1 5830.0 0.0 5830 95 2379.1599999999994 25
270 0.1 6131.0 0.0 6131 95 2511.884615384615 26
280 0.1 5715.0 0.0 6131 95 2645.925925925925 27
290 0.1 7242.0 0.0 7242 95 2755.5357142857138 28
300 0.1 7689.0 0.0 7689 95 2910.241379310344 29
310 0.1 8735.0 0.0 8735 95 3069.533333333333 30
320 0.1 9281.0 0.0 9281 95 3252.290322580645 31
330 0.1 9759.0 0.0 9759 95 3440.6874999999995 32
340 0.1 10291.0 0.0 10291 95 3632.1515151515146 33
350 0.1 10841.0 0.0 10841 95 3827.9999999999995 34
360 0.1 11288.0 0.0 11288 95 4028.3714285714286 35
370 0.1 11515.0 0.0 11515 95 4230.027777777777 36
380 0.1 11067.0 0.0 11515 95 4426.918918918919 37
390 0.1 11479.0 0.0 11515 95 4601.6578947368425 38
400 0.1 13229.0 0.0 13229 95 4778.000000000001 39
410 0.1 16159.0 0.0 16159 95 4989.275000000001 40
420 0.1 19302.0 0.0 19302 95 5261.707317073171 41
430 0.1 21742.0 0.0 21742 95 5596.0 42
440 0.1 22652.0 0.0 22652 95 5971.488372093023 43
450 0.1 22741.0 0.0 22741 95 6350.590909090909 44
460 0.1 22401.0 0.0 22741 95 6714.822222222222 45
470 0.1 23142.0 0.0 23142 95 7055.826086956522 46
480 0.1 23910.0 0.0 23910 95 7398.085106382979 47
490 0.1 25467.0 0.0 25467 95 7742.083333333333 48
500 0.1 25507.0 0.0 25507 95 8103.816326530612 49
510 0.1 25673.0 0.0 25673 95 8451.88 50
520 0.1 26582.0 0.0 26582 95 8789.549019607843 51
530 0.1 27716.0 0.0 27716 95 9131.711538461539 52
540 0.1 28214.0 0.0 28214 95 9482.358490566037 53
550 0.1 29724.0 0.0 29724 95 9829.24074074074 54
560 0.1 29727.0 0.0 29727 95 10190.963636363636 55
570 0.1 30386.0 0.0 30386 95 10539.82142857143 56
580 0.1 32179.0 0.0 32179 95 10888.0 57
590 0.1 34310.0 0.0 34310 95 11255.086206896553 58
600 0.1 36430.0 0.0 36430 95 11645.847457627118 59
610 0.1 36773.0 0.0 36773 95 12058.916666666666 60
620 0.1 36174.0 0.0 36773 95 12464.065573770491 61
630 0.1 36656.0 0.0 36773 95 12846.483870967742 62
640 0.1 35741.0 0.0 36773 95 13224.412698412698 63
650 0.1 36926.0 0.0 36926 95 13576.234375 64
660 0.1 37414.0 0.0 37414 95 13935.461538461539 65
670 0.1 38285.0 0.0 38285 95 14291.19696969697 66
680 0.1 38914.0 0.0 38914 95 14649.313432835821 67
690 0.1 40615.0 0.0 40615 95 15006.14705882353 68
700 0.1 39836.0 0.0 40615 95 15377.289855072464 69
710 0.1 36801.0 0.0 40615 95 15726.7 70
720 0.1 33705.0 0.0 40615 95 16023.521126760563 71
730 0.1 29820.0 0.0 40615 95 16269.097222222223 72
740 0.1 29709.0 0.0 40615 95 16454.72602739726 73
750 0.1 27423.0 0.0 40615 95 16633.837837837837 74
760 0.1 23331.0 0.0 40615 95 16777.693333333333 75
770 0.1 17567.0 0.0 40615 95 16863.92105263158 76
780 0.1 8606.0 0.0 40615 95 16873.051948051947 77
790 0.1 2014.0 0.0 40615 95 16767.0641025641 78
