40 0.3 43398.21066666667 3075.776131978866 47291.826 39771.993 0 0
50 0.7 43856.49257142857 4650.795280057928 51394.241 37121.226 43398.21066666667 3
60 0.5 47782.2996 6981.92988811806 60923.472 37121.226 43719.007999999994 10
70 0.8 48955.250625000015 4754.434292883668 60923.472 37121.226 45073.438533333334 15
80 1.1 50611.453272727274 6075.788581551415 60923.472 37121.226 46423.63404347827 23
90 1.3 48224.0876923077 7284.4068836618635 63803.21 37121.226 47778.51673529412 34
100 1.4 46015.98292857143 9383.870913563844 74716.352 35620.231 47901.75976595745 47
110 1.1 47614.54363636365 12117.694880335512 78514.487 35620.231 47468.95852459017 61
120 2 50506.184850000005 10586.46177615574 80178.619 35620.231 47491.200694444444 72
130 1.7 47855.84547058824 9171.543825718498 80178.619 31421.685 48146.63203260869 92
140 1.4 47717.39264285715 5931.7866560131115 80178.619 31421.685 48101.28 109
150 1.1 51563.123000000014 7876.614413862872 80178.619 31421.685 48057.58550406504 123
160 1.5 52000.50606666666 11142.20323145507 83549.042 31421.685 48345.353507462685 134
170 1.2 57761.61641666666 19539.848111933843 105041.256 31421.685 48713.32188590604 149
180 2.3 46813.99230434783 10402.266541418932 105041.256 31421.685 49387.72893167702 161
190 2.8 50444.89410714286 9901.701943542883 105041.256 31421.685 49066.01185326087 184
200 0.9 48683.270333333334 4918.148362403591 105041.256 31421.685 49248.12837735849 212
210 1.4 49162.00828571428 12045.334567039097 105041.256 31421.685 49225.12510859728 221
220 1.4 47721.64814285715 8333.206146709821 105041.256 31421.685 49221.364957446815 235
230 4.1 48189.58558536586 8172.854361427673 105041.256 31421.685 49137.043530120485 249
240 3.8 46907.34031578947 6616.311576900565 105041.256 31421.685 49003.09257931035 290
250 4.5 48253.632377777794 8620.352589432501 105041.256 31421.685 48760.29201219513 328
260 3.8 46498.73231578947 6999.163313249427 105041.256 31421.685 48699.16685522789 373
270 3.3 52585.4646969697 12773.19223997866 105041.256 31421.685 48495.72035279807 411
280 4.1 48060.61551219512 8572.382805519283 105041.256 31421.685 48799.68783783785 444
290 4.4 48605.934909090916 7942.448563196192 105041.256 31421.685 48737.2095587629 485
300 5.2 47465.406 7322.331980406882 105041.256 31421.685 48726.290684310035 529
310 5.5 50730.60463636365 9962.196462662569 105041.256 31421.685 48613.44041996559 581
320 4.8 51536.871854166646 10010.719443609967 105041.256 31421.685 48796.52852044026 636
330 6.1 50627.928344262305 9773.658877914622 105041.256 31421.685 48988.83331578948 684
340 5.9 51180.12872881354 9047.784554314785 105041.256 31421.685 49123.0410966443 745
350 6 51356.998483333315 6539.27477680695 105041.256 31421.685 49273.996532338315 804
360 7.9 55156.77684810126 7739.816174267008 105041.256 31421.685 49418.64944560186 864
370 5.1 58529.993980392144 8508.823488512375 105041.256 31421.685 49899.36213361612 943
380 4.8 61686.65529166666 8885.064644168753 105041.256 31421.685 50342.18127263582 994
390 6.3 68317.3508412698 10530.228032967598 112536.343 31421.685 50864.76740786948 1042
400 5.9 69288.8091525424 9644.472146184506 112536.343 31421.685 51859.801576470585 1105
410 8.6 70714.09487209308 10638.488052678735 125222.208 31421.685 52743.23065463918 1164
420 9.1 71450.80503296702 9456.864452824788 125222.208 31421.685 53979.626112800004 1250
430 15.4 70759.68359090907 12603.90885510468 126465.589 31421.685 55165.21692692021 1341
440 21.5 69013.69533023253 11081.705644474501 126465.589 31421.685 56771.603459531776 1495
450 18 69823.88979444445 13176.956097603257 141978.418 31421.685 58310.81384093567 1710
460 17.9 69341.29521787711 12486.639762020783 141978.418 31421.685 59407.29726507937 1890
470 16.4 66191.51320121952 11818.835918389375 141978.418 31421.685 60266.739330594486 2069
480 19.5 65816.2521435897 12743.352107570105 141978.418 31421.685 60701.87722346619 2233
490 19.1 64681.56693717273 11839.367534549006 141978.418 31421.685 61112.62809225699 2428
500 19.1 65553.66447120407 11159.566375205197 141978.418 31421.685 61372.9058010691 2619
510 20.8 64672.93383653843 13117.142669899344 141978.418 31421.685 61657.07836548041 2810
520 21.1 65417.244810426564 11076.979025553528 141978.418 31421.685 61864.93056494366 3018
530 18.9 64469.390910052854 11792.73812856238 141978.418 31421.685 62097.057633942386 3229
540 23.9 63051.73558995818 11773.455142371753 141978.418 31421.685 62228.23697542422 3418
550 22.7 63048.14813656387 11853.757387857306 141978.418 31421.685 62282.055998906195 3657
560 26.4 62251.52203030304 10764.829111650097 141978.418 31421.685 62326.83017893923 3884
570 20.9 62482.346913875626 11936.48218695019 141978.418 31421.685 62322.037182015425 4148
580 24.8 63387.491443548395 12219.266047790601 141978.418 31421.685 62329.7270452146 4357
590 23.9 62689.78895815899 13213.751126148536 141978.418 31421.685 62386.692424321394 4605
600 30.8 58929.32800649352 9813.281710867348 141978.418 31421.685 62401.647022089186 4844
610 29.3 60241.82419795225 11574.093204963858 141978.418 31421.685 62194.06273311336 5152
620 29.3 61084.72059044373 11186.299948157695 141978.418 31421.685 62089.01114618917 5445
630 32.7 59697.58714067279 10811.570450855217 141978.418 31421.685 62037.72896897875 5738
640 27.8 60457.28424820142 10877.932197598771 141978.418 31421.685 61911.558090519386 6065
650 29.5 60025.144972881346 10877.254285066207 141978.418 31421.685 61847.8204067476 6343
660 29.5 59062.551288135575 9050.606407360207 141978.418 31421.685 61766.8187115095 6638
670 28.9 61960.74529411766 12191.79236481604 141978.418 31421.685 61651.751801096216 6933
680 36.5 60198.86849863013 10630.570669190294 141978.418 31421.685 61664.11667502078 7222
690 31.4 58834.37945859874 9867.241085673768 141978.418 31421.685 61593.62562659813 7587
700 33.2 58244.23953012048 10317.756313447615 141978.418 31421.685 61483.96820389824 7901
710 29.4 58583.262122449 10383.309652540282 141978.418 31421.685 61353.32446289324 8233
720 32.3 58676.833479876164 10222.499990321568 141978.418 31421.685 61257.816273836055 8527
730 26.8 59743.40658955225 11115.268822324279 141978.418 31421.685 61163.61769276837 8850
740 19.8 61711.87170707071 11055.538764074403 141978.418 31421.685 61121.87426486072 9118
750 25.7 61519.24080544747 11371.784024379991 141978.418 31421.685 61134.41392711465 9316
760 32.9 60223.281851063824 10251.02610251064 141978.418 31421.685 61144.74511981616 9573
770 34.2 62799.304052631574 11139.473046065463 141978.418 31421.685 61114.12893970915 9902
780 14.9 68329.22273154366 10492.031980628128 141978.418 31421.685 61170.38917873877 10244
790 3.7 76377.69432432431 6355.96657465714 141978.418 31421.685 61273.02231636678 10393
