0 2.6171875 2.6171875
10 13.1625 15.7796875
20 47.271875 63.0515625
30 66.60390625 129.65546875
40 91.6875 221.34296875
50 107.74765625 329.090625
60 133.4875 462.578125
70 170.36875 632.946875
80 192.8828125 825.8296875
90 224.0703125 1049.9
100 223.0984375 1272.9984375
110 241.89296875 1514.89140625
120 212.24375 1727.13515625
130 196.51953125 1923.6546875
140 179.8359375 2103.490625
150 233.865625 2337.35625
160 289.16640625 2626.52265625
170 283.04921875 2909.571875
180 257.40078125 3166.97265625
190 229.89921875 3396.871875
200 300.95390625 3697.82578125
210 435.13515625 4132.9609375
220 508.2578125 4641.21875
230 589.3625 5230.58125
240 553.39765625 5783.97890625
250 589.01796875 6372.996875
260 596.55234375 6969.54921875
270 591.475 7561.02421875
280 695.665625 8256.68984375
290 797.88828125 9054.578125
300 865.1296875 9919.7078125
310 918.4828125 10838.190625
320 1001.34921875 11839.53984375
330 1051.65078125 12891.190625
340 1125.5296875 14016.7203125
350 1150.51796875 15167.23828125
360 1147.95234375 16315.190625
370 1112.87734375 17428.06796875
380 1143.2046875 18571.27265625
390 1333.3671875 19904.63984375
400 1593.70234375 21498.3421875
410 1989.5046875 23487.846875
420 2195.803125 25683.65
430 2367.16796875 28050.81796875
440 2362.72109375 30413.5390625
450 2350.2734375 32763.8125
460 2358.05546875 35121.86796875
470 2470.4515625 37592.31953125
480 2498.1015625 40090.42109375
490 2584.4375 42674.85859375
500 2658.6890625 45333.54765625
510 2713.58203125 48047.1296875
520 2824.890625 50872.0203125
530 2880.71171875 53752.73203125
540 3050.08125 56802.81328125
550 2876.55546875 59679.36875
560 3128.71484375 62808.08359375
570 3315.76015625 66123.84375
580 3534.21171875 69658.05546875
590 3709.0953125 73367.15078125
600 3795.4171875 77162.56796875
610 3749.3109375 80911.87890625
620 3741.03984375 84652.91875
630 3560.015625 88212.934375
640 3775.08046875 91988.01484375
650 3832.38203125 95820.396875
660 3888.46484375 99708.86171875
670 3914.7265625 103623.58828125
680 4124.02890625 107747.6171875
690 3877.42109375 111625.03828125
700 3831.67265625 115456.7109375
710 3400.5640625 118857.275
720 3320.4625 122177.7375
730 3349.19609375 125526.93359375
740 2874.65234375 128401.5859375
750 2540.2921875 130941.878125
760 2169.4359375 133111.3140625
770 1330.6375 134441.9515625
780 410.39609375 134852.34765625
790 81.23671875 134933.584375
