0 89.959375 89.959375
10 177.2828125 267.2421875
20 557.34453125 824.58671875
30 736.9703125 1561.55703125
40 910.3671875 2471.92421875
50 1009.09765625 3481.021875
60 1289.84140625 4770.86328125
70 1718.4125 6489.27578125
80 1887.88203125 8377.1578125
90 2052.48046875 10429.63828125
100 2156.39296875 12586.03125
110 2151.115625 14737.146875
120 1911.0375 16648.184375
130 1806.12734375 18454.31171875
140 1756.36015625 20210.671875
150 2271.63359375 22482.30546875
160 2613.9453125 25096.25078125
170 2589.03984375 27685.290625
180 2482.23984375 30167.53046875
190 2298.990625 32466.52109375
200 3145.95625 35612.47734375
210 4282.790625 39895.26796875
220 4850.51875 44745.78671875
230 5411.51171875 50157.2984375
240 5164.4296875 55321.728125
250 5509.47734375 60831.20546875
260 5785.33125 66616.53671875
270 5951.63359375 72568.1703125
280 6181.64375 78749.8140625
290 7549.28671875 86299.10078125
300 8410.47578125 94709.5765625
310 9110.4359375 103820.0125
320 9400.03125 113220.04375
330 9926.0171875 123146.0609375
340 10308.69296875 133454.75390625
350 10795.0109375 144249.76484375
360 10643.7828125 154893.54765625
370 10500.890625 165394.43828125
380 10120.31015625 175514.7484375
390 10023.80078125 185538.54921875
400 9157.7671875 194696.31640625
410 11738.73515625 206435.0515625
420 12795.275 219230.3265625
430 12658.80859375 231889.13515625
440 13047.68046875 244936.815625
450 12225.853125 257162.66875
460 12827.47578125 269990.14453125
470 13464.86328125 283455.0078125
480 13098.434375 296553.4421875
490 14018.31796875 310571.76015625
500 14906.0671875 325477.82734375
510 14674.7390625 340152.56640625
520 15129.38046875 355281.946875
530 15772.9 371054.846875
540 16607.0921875 387661.9390625
550 14668.26171875 402330.20078125
560 16518.853125 418849.05390625
570 15970.00859375 434819.0625
580 17243.4890625 452062.5515625
590 17816.253125 469878.8046875
600 18855.471875 488734.2765625
610 17609.40703125 506343.68359375
620 18657.58671875 525001.2703125
630 16911.57578125 541912.84609375
640 18588.90859375 560501.7546875
650 19572.28828125 580074.04296875
660 18959.22265625 599033.265625
670 19181.0265625 618214.2921875
680 19467.1390625 637681.43125
690 17825.9125 655507.34375
700 19961.87109375 675469.21484375
710 20643.94765625 696113.1625
720 14897.76953125 711010.93203125
730 10862.67421875 721873.60625
740 14564.46796875 736438.07421875
750 16550.240625 752988.31484375
760 15947.25703125 768935.571875
770 9223.82734375 778159.39921875
780 2587.50234375 780746.9015625
790 466.68984375 781213.59140625
