0 7 7
10 14 14
20 26 26
30 35 35
40 44 44
50 47 47
60 55 55
70 69 69
80 73 74
90 77 82
100 80 83
110 78 83
120 72 83
130 70 83
140 79 83
150 90 90
160 86 93
170 89 93
180 96 97
190 114 114
200 140 140
210 172 172
220 191 191
230 190 195
240 196 200
250 211 213
260 231 233
270 249 250
280 272 272
290 286 289
300 326 326
310 379 381
320 404 404
330 428 429
340 473 473
350 519 532
360 583 584
370 708 709
380 815 815
390 925 925
400 1018 1020
410 1091 1097
420 1178 1178
430 1243 1253
440 1212 1253
450 1224 1253
460 1247 1253
470 1281 1283
480 1300 1302
490 1346 1346
500 1394 1395
510 1413 1416
520 1434 1436
530 1445 1454
540 1491 1492
550 1572 1574
560 1610 1615
570 1689 1690
580 1746 1747
590 1777 1795
600 1808 1813
610 1830 1838
620 1824 1838
630 1815 1838
640 1835 1838
650 1849 1858
660 1866 1881
670 1918 1923
680 1802 1923
690 1704 1923
700 1663 1923
710 1768 1923
720 1587 1923
730 1319 1923
740 1121 1923
750 864 1923
760 535 1923
770 193 1923
780 44 1923
790 7 1923
