0 0.7 7
10 0.7 14
20 1.2 26
30 0.9 35
40 1.2 47
50 1 57
60 1.3 70
70 2.2 92
80 1.5 107
90 1.7 124
100 1.7 141
110 0.9 150
120 1.4 164
130 1.5 179
140 2.3 202
150 2.2 224
160 1.1 235
170 1.5 250
180 3 280
190 4.6 326
200 3.5 361
210 4.6 407
220 3.3 440
230 4 480
240 4.4 524
250 6 584
260 5.8 642
270 5.1 693
280 6.4 757
290 5.8 815
300 9.2 907
310 10.8 1015
320 7.3 1088
330 8.5 1173
340 10.4 1277
350 10.6 1383
360 14.3 1526
370 17.6 1702
380 15.5 1857
390 17.3 2030
400 15.2 2182
410 15.9 2341
420 17.8 2519
430 21.9 2738
440 18.4 2922
450 19.2 3114
460 20.2 3316
470 19.8 3514
480 21.4 3728
490 23.7 3965
500 23.9 4204
510 22.7 4431
520 23.2 4663
530 20 4863
540 28.5 5148
550 30.8 5456
560 30.2 5758
570 28.8 6046
580 30.5 6351
590 27 6621
600 33.9 6960
610 31.5 7275
620 28.7 7562
630 31.8 7880
640 29.8 8178
650 30.9 8487
660 31.2 8799
670 34.1 9140
680 24.9 9389
690 21.6 9605
700 29.1 9896
710 39.9 10295
720 14.2 10437
730 0 10437
740 0 10437
750 0 10437
760 0 10437
770 0 10437
780 0 10437
790 0 10437
