0 1.4 14
10 2.9 43
20 6.7 110
30 12.8 238
40 16.5 403
50 17 573
60 15.8 731
70 11 841
80 10.9 950
90 12.2 1072
100 16.5 1237
110 19.1 1428
120 24.2 1670
130 26.5 1935
140 26.3 2198
150 24.2 2440
160 24.8 2688
170 27.2 2960
180 28.1 3241
190 32.1 3562
200 36.1 3923
210 44.3 4366
220 52.1 4887
230 57.8 5465
240 59.5 6060
250 58.9 6649
260 64 7289
270 68.7 7976
280 75.9 8735
290 81.1 9546
300 84.1 10387
310 94.9 11336
320 108.8 12424
330 124.9 13673
340 135.9 15032
350 141.7 16449
360 146.3 17912
370 141.9 19331
380 139.6 20727
390 138.7 22114
400 123.8 23352
410 120.3 24555
420 125.3 25808
430 117.7 26985
440 120.8 28193
450 115.7 29350
460 100.2 30352
470 107.3 31425
480 103.1 32456
490 110.5 33561
500 103.6 34597
510 96.9 35566
520 113.6 36702
530 102.4 37726
540 110.1 38827
550 119.2 40019
560 123.8 41257
570 113.3 42390
580 27.6 42666
590 35.3 43019
600 46.1 43480
610 65.5 44135
620 68 44815
630 84.4 45659
640 80.3 46462
650 111.4 47576
660 109.9 48675
670 132.6 50001
680 95.5 50956
690 109.7 52053
700 138.7 53440
710 130.2 54742
720 122.1 55963
730 102.5 56988
740 139.6 58384
750 142.2 59806
760 102.4 60830
770 53.8 61368
780 27.2 61640
790 13.3 61773
800 2.8 61801
810 0.6 61807
820 0.2 61809
828 0 61809
