10 1.1 11
20 4.6 57
30 13.3 190
40 20.7 397
50 24 637
60 17.3 810
70 11.3 923
80 10.8 1031
90 12.3 1154
100 16.6 1320
110 21.7 1537
120 28.4 1821
130 30 2121
140 29.3 2414
150 26.3 2677
160 29.6 2973
170 31.2 3285
180 30.2 3587
190 31.6 3903
200 37.3 4276
210 50.2 4778
220 58 5358
230 69.4 6052
240 66.3 6715
250 65.4 7369
260 68 8049
270 77.6 8825
280 85 9675
290 93.6 10611
300 92.2 11533
310 97.3 12506
320 115.3 13659
330 139.2 15051
340 160.6 16657
350 163.8 18295
360 165.5 19950
370 155.5 21505
380 147.6 22981
390 142.1 24402
400 129.6 25698
410 131 27008
420 130.4 28312
430 120.7 29519
440 119.4 30713
450 119.3 31906
460 98.5 32891
470 106.5 33956
480 94.7 34903
490 101.7 35920
500 92.2 36842
510 79.8 37640
520 84.6 38486
530 71.9 39205
540 73.9 39944
550 71.7 40661
560 77.6 41437
570 56.2 41999
580 0 41999
590 0 41999
600 0 41999
610 0 41999
620 0 41999
630 0 41999
640 0 41999
650 0 41999
660 0 41999
670 0 41999
680 0 41999
690 0 41999
700 0 41999
710 0 41999
720 0 41999
730 0 41999
740 0 41999
750 0 41999
760 0 41999
770 0 41999
780 0 41999
790 0 41999
800 0 41999
810 0 41999
820 0 41999
828 0 41999
