430 1.2 12
440 2.1 33
450 7.3 106
460 26.6 372
470 53.5 907
480 110 2007
490 164.4 3651
500 237.2 6023
510 304.9 9072
520 327 12342
530 349.1 15833
540 322 19053
550 327.3 22326
560 289.4 25220
570 293.8 28158
580 383.9 31997
590 422.2 36219
600 449.7 40716
610 475.7 45473
620 494.5 50418
630 522 55638
640 496.8 60606
650 498.9 65595
660 480.3 70398
670 451.8 74916
680 443.2 79348
690 385.7 83205
700 375.5 86960
710 368 90640
720 416.9 94809
730 468.5 99494
740 554.1 105035
750 496.8 110003
760 399.7 114000
770 208.1 116081
780 106.8 117149
790 57.5 117724
800 12.9 117853
810 2.6 117879
820 0.7 117886
828 0 117886
