430 0.9 9
440 0.3 12
450 2.4 36
460 7.9 115
470 16.6 281
480 27.6 557
490 36.4 921
500 47.1 1392
510 53.6 1928
520 64.1 2569
530 65.1 3220
540 68.3 3903
550 73.2 4635
560 71.9 5354
570 77.7 6131
580 55.6 6687
590 57.4 7261
600 69.3 7954
610 87.7 8831
620 89.1 9722
630 111.8 10840
640 104.6 11886
650 119.7 13083
660 127.5 14358
670 126.6 15624
680 102 16644
690 104.7 17691
700 119.4 18885
710 104.9 19934
720 123.8 21172
730 131.1 22483
740 179.9 24282
750 186.9 26151
760 158.2 27733
770 100.6 28739
780 79.7 29536
790 58.9 30125
800 23 30355
810 5.3 30408
820 1.1 30419
828 0.2 30421
