430 1.3 13
440 1.9 32
450 10.6 138
460 24.3 381
470 42.3 804
480 97.1 1775
490 128 3055
500 174 4795
510 222.5 7020
520 221.1 9231
530 242.2 11653
540 218.9 13842
550 211.4 15956
560 196.1 17917
570 146.5 19382
580 261.3 21995
590 277.9 24774
600 289.6 27670
610 254.7 30217
620 272.3 32940
630 249.4 35434
640 251.2 37946
650 198 39926
660 163 41556
670 137.8 42934
680 235.9 45293
690 150.3 46796
700 95 47746
710 95.1 48697
720 89.4 49591
730 113.1 50722
740 63 51352
750 17.8 51530
760 32.4 51854
770 8.7 51941
780 0 51941
790 0 51941
800 0 51941
810 0 51941
820 0 51941
828 0 51941
