0 1.1 1.571 0.6762648754875429 3.636 1.129 0 0
10 1.3 2.2770769230769226 2.882192206838358 12.216 1.102 1.571 11
20 1.7 1.6748823529411765 1.2965286631596171 12.216 0.885 1.953458333333333 24
30 1.5 1.367 0.1851305845432714 12.216 0.885 1.837951219512195 41
40 0.4 1.2595 0.1400669482783144 12.216 0.885 1.7118035714285713 56
50 0 0 0 12.216 0.885 1.6816499999999999 60
60 1.4 1.3325714285714285 0.21577028601392412 12.216 0.885 1.6816499999999999 60
70 0.9 1.3107777777777778 0.15257186123104807 12.216 0.885 1.6156081081081077 74
80 1.7 2.6688823529411763 5.261638940396836 23.631 0.856 1.5825542168674696 83
90 2.2 1.2571363636363633 0.23582761336014174 23.631 0.779 1.7672299999999996 100
100 2.1 1.369095238095238 0.20639949814490133 23.631 0.779 1.6752459016393437 122
110 0.8 1.370625 0.2433638929155268 23.631 0.779 1.630286713286713 143
120 2.2 1.2324545454545455 0.2222896814504417 23.631 0.765 1.6165298013245029 151
130 2.1 1.238142857142857 0.1991908120166107 23.631 0.765 1.5676878612716758 173
140 1.9 1.80021052631579 2.1496853032588494 23.631 0.765 1.5320154639175252 194
150 1.9 1.4619473684210524 0.9657410829695402 23.631 0.765 1.5559389671361499 213
160 1.6 1.2074375 0.22588851474510607 23.631 0.765 1.5482413793103444 232
170 2.3 1.3457391304347828 0.24704712055224787 23.631 0.765 1.5262540322580642 248
180 2.9 1.2925862068965521 0.24180449743990315 23.631 0.765 1.510933579335793 271
190 5.1 1.551666666666667 1.906669343889523 23.631 0.765 1.4898266666666664 300
200 3.8 2.1061842105263153 4.532252070934221 28.576 0.765 1.4988119658119656 351
210 4.4 1.1602045454545455 0.2152927794618987 28.576 0.744 1.5581439588688943 389
220 3.8 1.266578947368421 0.3091038516999329 28.576 0.744 1.517706697459584 433
230 3.3 1.5252424242424245 1.039751661209571 28.576 0.744 1.4974458598726113 471
240 6.4 1.7406562500000002 1.595340110865372 28.576 0.744 1.4992658730158728 504
250 4.7 1.2530212765957454 0.28648801462893675 28.576 0.744 1.5264647887323943 568
260 6.3 1.5454761904761907 2.780596920368015 28.576 0.708 1.5055674796747966 615
270 6.7 1.140194029850746 0.37237215531496126 28.576 0.69 1.5092758112094395 678
280 5.3 1.1715471698113202 0.23342475382773178 28.576 0.69 1.47608322147651 745
290 6 1.2347500000000002 0.6072551255444452 28.576 0.664 1.4558571428571427 798
300 9.1 1.1373406593406585 0.2811407382796816 28.576 0.664 1.440395104895105 858
310 10.6 1.180254716981133 0.3056613325456773 28.576 0.664 1.4113350895679662 949
320 11.5 1.4713565217391311 1.9652517271721501 28.576 0.664 1.388117535545024 1055
330 12.3 1.214113821138212 0.622597616380594 28.576 0.664 1.3962991452991456 1170
340 11 1.2522181818181812 1.069743073502131 28.576 0.664 1.3789682907965972 1293
350 6.7 1.2219999999999998 0.4911844958416582 28.576 0.664 1.3690306486101214 1403
360 12.3 2.335910569105691 2.289702465877612 28.576 0.664 1.3623292517006804 1470
370 14.6 1.7878219178082184 1.4713124775665085 28.576 0.664 1.4375021971123667 1593
380 17.5 1.2609028571428564 0.9434604067658027 28.576 0.664 1.4669137435307649 1739
390 15 1.215973333333332 0.37636133252796067 28.576 0.664 1.4480778474399165 1914
400 16.3 1.2870797546012271 0.8414047776036057 28.576 0.664 1.4312097868217053 2064
410 17.3 1.8901156069364156 5.079909881367977 63.3 0.664 1.420660529860799 2227
420 16.5 1.2511333333333339 0.4710024323855784 63.3 0.664 1.4545004166666664 2400
430 23.3 1.2190600858369112 0.39692636239260365 63.3 0.664 1.4414183235867444 2565
440 20.2 1.176143564356435 1.0017556984561033 63.3 0.664 1.4229017155110792 2798
450 24.9 1.2413895582329317 1.1164485740621948 63.3 0.542 1.4062866666666665 3000
460 39.9 1.2828972431077699 1.2458900883497066 63.3 0.448 1.3936491228070174 3249
470 68.5 1.9888087591240893 2.8173945135849814 63.3 0.421 1.3815356359649122 3648
480 119.9 2.7919708090074993 3.80846480555195 63.3 0.421 1.4775388876067392 4333
490 179.2 4.056760044642865 5.016882917625496 63.3 0.421 1.7624275126536502 5532
500 249.8 4.390476381104896 4.884639635422142 63.3 0.42 2.323793418896779 7324
510 315.8 4.9306044965167874 5.0340822635227145 63.3 0.42 2.849406739971496 9822
520 351.1 7.280971802905157 9.975243326592325 76.063 0.402 3.3557567026194186 12980
530 365.7 7.443152584085327 6.908688635200671 76.063 0.402 4.1914507307015985 16491
540 353.6 16.905518099547482 42.197283384481224 1049.272 0.402 4.781656889021248 20148
550 363.3 6.461698320946896 6.284605068664048 1049.272 0.402 6.5917385154534704 23684
560 321.2 6.558764009962649 7.0813799135778135 1049.272 0.402 6.574443936010545 27317
570 309.6 18.833836886304955 53.93952774356226 1049.272 0.402 6.572794228438537 30529
580 412.6 4.774497333979643 7.177490232435799 1049.272 0.402 7.701721754646846 33625
590 445 6.375777078651685 9.278550257168442 1049.272 0.402 7.381790416147922 37751
600 482.6 7.924432449233293 11.249172236568027 1049.272 0.402 7.275708585104623 42201
610 499.3 24.596267975165244 40.14336928948752 1049.272 0.402 7.342281859357391 47027
620 522.2 26.251741478360838 42.09577571242174 1049.272 0.402 8.998359381007308 52020
630 536.5 56.79920167753927 79.91619552303759 1049.272 0.402 10.572328866915909 57242
640 515.9 52.18914363248694 62.10601304567583 1049.272 0.402 14.533661826952235 62607
650 518.5 69.77405882352959 86.45570188573154 1049.272 0.402 17.4003594427884 67766
660 508.9 53.817814305364536 72.1392615890773 1049.272 0.402 21.12282563638606 72951
670 503.3 39.35870216570631 69.28251601683196 1049.272 0.402 23.25487070732957 78040
680 485.2 13.57225968672714 19.190536172036392 1049.272 0.402 24.230525658156076 83073
690 432.9 8.73407623007621 17.780991699916193 1049.272 0.402 23.64236635769121 87925
700 413.3 9.636353496249663 11.023074739010031 1049.272 0.402 22.94279790578186 92254
710 405.1 10.468197728955854 13.859071894574065 1049.272 0.402 22.372227862678567 96387
720 423.2 10.146657608695644 11.092261109144488 1049.272 0.402 21.892098568270967 100438
730 447.4 10.581807778274488 12.012811917122757 1049.272 0.402 21.41720885640584 104670
740 551.4 28.002702756619485 29.512618090750866 1049.272 0.402 20.973047157883155 109144
750 497.6 48.45938082797429 47.57913678397263 1049.272 0.402 21.31110922918592 114658
760 436.4 7.540781851512382 7.692589407535315 1049.272 0.402 22.44030159486433 119634
770 247.2 3.1576674757281507 3.934205934315377 1049.272 0.402 21.915926168164 123998
780 118.5 1.7522683544303805 2.173142394215952 1049.272 0.402 21.549274665928674 126470
790 65.6 1.3784435975609777 1.3912823089805244 1049.272 0.402 21.365502369668242 127655
800 18.7 1.274347593582888 1.1383097198109724 1049.272 0.402 21.263316972044482 128311
810 3.3 1.2741212121212122 0.2512294324554034 1049.272 0.402 21.234227513268685 128498
820 0.9 1.3551111111111112 0.19783351274602626 1049.272 0.402 21.22910280788292 128531
828 0 0 0 1049.272 0.402 21.227711288314918 128540
