0 11 11
10 24 13
20 41 17
30 56 15
40 58 2
50 51 -7
60 45 -6
70 38 -7
80 45 7
90 63 18
100 76 13
110 76 0
120 91 15
130 96 5
140 99 3
150 92 -7
160 95 3
170 99 4
180 111 12
190 141 30
200 157 16
210 185 28
220 201 16
230 202 1
240 218 16
250 225 7
260 243 18
270 273 30
280 283 10
290 292 9
300 326 34
310 381 55
320 433 52
330 499 66
340 537 38
350 525 -12
360 545 20
370 598 53
380 678 80
390 743 65
400 836 93
410 978 142
420 1105 127
430 1288 183
440 1439 151
450 1581 142
460 1688 107
470 1792 104
480 1844 52
490 1923 79
500 1947 24
510 1930 -17
520 1989 59
530 1918 -71
540 1963 45
550 2034 71
560 2008 -26
570 1850 -158
580 1913 63
590 1903 -10
600 1960 57
610 1961 1
620 1956 -5
630 1793 -163
640 1611 -182
650 1403 -208
660 1322 -81
670 1467 145
680 1456 -11
690 1581 125
700 1674 93
710 1822 148
720 1694 -128
730 1266 -428
740 1000 -266
750 725 -275
760 729 4
770 774 45
780 478 -296
790 175 -303
800 46 -129
810 9 -37
820 2 -7
828 0 -2
