0 0.1 6.031509016602999 0 6.031509016602999 6.031509016602999 0 0
10 0.1 23.511904761904763 0.0 23.511904761904763 6.031509016602999 6.031509016602999 1
20 0.1 3.383084577114428 0.0 23.511904761904763 3.383084577114428 14.771706889253881 2
30 0.1 3.5785288270377733 0.0 23.511904761904763 3.383084577114428 10.975499451874065 3
40 0.1 4.616895874263261 0.0 23.511904761904763 3.383084577114428 9.126256795664991 4
50 0.1 4.051383399209486 0.0 23.511904761904763 3.383084577114428 8.224384611384647 5
60 0.1 4.612365063788027 0.0 23.511904761904763 3.383084577114428 7.528884409355453 6
70 0.1 3.5608308605341246 0.0 23.511904761904763 3.383084577114428 7.112238788560107 7
80 0.1 2.2908366533864544 0.0 23.511904761904763 2.2908366533864544 6.668312797556859 8
90 0.1 2.2908366533864544 0.0 23.511904761904763 2.2908366533864544 6.181926559315703 9
100 0.1 2.876984126984127 0.0 23.511904761904763 2.2908366533864544 5.7928175687227785 10
110 0.1 4.142011834319527 0.0 23.511904761904763 2.2908366533864544 5.527741801291992 11
120 0.1 4.916420845624385 0.0 23.511904761904763 2.2908366533864544 5.412264304044286 12
130 0.1 5.604719764011799 0.0 23.511904761904763 2.2908366533864544 5.374122499550448 13
140 0.1 5.517241379310345 0.0 23.511904761904763 2.2908366533864544 5.390593732726259 14
150 0.1 5.697445972495088 0.0 23.511904761904763 2.2908366533864544 5.399036909165199 15
160 0.1 4.662698412698413 0.0 23.511904761904763 2.2908366533864544 5.417687475623317 16
170 0.1 4.9504950495049505 0.0 23.511904761904763 2.2908366533864544 5.373276354274793 17
180 0.1 6.549364613880742 0.0 23.511904761904763 2.2908366533864544 5.349788504009802 18
190 0.1 6.11439842209073 0.0 23.511904761904763 2.2908366533864544 5.412924088739851 19
200 0.1 5.753968253968254 0.0 23.511904761904763 2.2908366533864544 5.447997805407395 20
210 0.1 6.791338582677166 0.0 23.511904761904763 2.2908366533864544 5.462567826767436 21
220 0.1 9.426627793974733 0.0 23.511904761904763 2.2908366533864544 5.522966497490605 22
230 0.1 9.547244094488189 0.0 23.511904761904763 2.2908366533864544 5.692690901685568 23
240 0.1 10.241545893719808 0.0 23.511904761904763 2.2908366533864544 5.85329728471901 24
250 0.1 11.359223300970873 0.0 23.511904761904763 2.2908366533864544 6.028827229079042 25
260 0.1 10.526315789473683 0.0 23.511904761904763 2.2908366533864544 6.233842462613343 26
270 0.1 12.451737451737452 0.0 23.511904761904763 2.2908366533864544 6.392822956200763 27
280 0.1 14.040114613180515 0.0 23.511904761904763 2.2908366533864544 6.609212759612787 28
290 0.1 14.381591562799617 0.0 23.511904761904763 2.2908366533864544 6.8654507545633985 29
300 0.1 16.261682242990656 0.0 23.511904761904763 2.2908366533864544 7.115988781504607 30
310 0.1 16.187739463601535 0.0 23.511904761904763 2.2908366533864544 7.411011151229962 31
320 0.1 17.349857006673023 0.0 23.511904761904763 2.2908366533864544 7.685283910991574 32
330 0.1 19.60038058991437 0.0 23.511904761904763 2.2908366533864544 7.9781497623758595 33
340 0.1 23.178807947019866 0.0 23.511904761904763 2.2908366533864544 8.319980080832876 34
350 0.1 24.834749763928237 0.0 24.834749763928237 2.2908366533864544 8.74451801986679 35
360 0.1 24.705882352941178 0.0 24.834749763928237 2.2908366533864544 9.191468901646275 36
370 0.1 22.841000807102503 0.0 24.834749763928237 2.2908366533864544 9.610777373302893 37
380 0.1 22.892635314995562 0.0 24.834749763928237 2.2908366533864544 9.958941147876567 38
390 0.1 24.90566037735849 0.0 24.90566037735849 2.2908366533864544 10.290574331648848 39
400 0.1 24.413145539906104 0.0 24.90566037735849 2.2908366533864544 10.65595148279159 40
410 0.1 23.15689981096408 0.0 24.90566037735849 2.2908366533864544 10.991492801257799 41
420 0.1 22.667910447761194 0.0 24.90566037735849 2.2908366533864544 11.281145349107948 42
430 0.1 23.711340206185564 0.0 24.90566037735849 2.2908366533864544 11.545953839774302 43
440 0.1 23.751178133836003 0.0 24.90566037735849 2.2908366533864544 11.822439893556377 44
450 0.1 22.8003784295175 0.0 24.90566037735849 2.2908366533864544 12.08752296556259 45
460 0.1 28.544600938967136 0.0 28.544600938967136 2.2908366533864544 12.32041112782248 46
470 0.1 34.07821229050279 0.0 34.07821229050279 2.2908366533864544 12.665606655719175 47
480 0.1 39.35018050541516 0.0 39.35018050541516 2.2908366533864544 13.111702606443833 48
490 0.1 46.36614535418583 0.0 46.36614535418583 2.2908366533864544 13.647181747239166 49
500 0.1 48.059149722735675 0.0 48.059149722735675 2.2908366533864544 14.3015610193781 50
510 0.1 48.30508474576271 0.0 48.30508474576271 2.2908366533864544 14.963474523365504 51
520 0.1 48.84615384615385 0.0 48.84615384615385 2.2908366533864544 15.60465933533468 52
530 0.1 48.44357976653696 0.0 48.84615384615385 2.2908366533864544 16.231857344972777 53
540 0.1 48.15533980582524 0.0 48.84615384615385 2.2908366533864544 16.82837072314989 54
550 0.1 48.8235294117647 0.0 48.84615384615385 2.2908366533864544 17.397951979198535 55
560 0.1 49.02152641878669 0.0 49.02152641878669 2.2908366533864544 17.959123004780075 56
570 0.1 48.72037914691943 0.0 49.02152641878669 2.2908366533864544 18.504077450639837 57
580 0.1 48.05318138651472 0.0 49.02152641878669 2.2908366533864544 19.02504816954121 58
590 0.1 48.42300556586271 0.0 49.02152641878669 2.2908366533864544 19.517050427456017 59
600 0.1 48.5024154589372 0.0 49.02152641878669 2.2908366533864544 19.99881634642946 60
610 0.1 48.54932301740813 0.0 49.02152641878669 2.2908366533864544 20.466088463027948 61
620 0.1 49.317738791423 0.0 49.317738791423 2.2908366533864544 20.91904385906634 62
630 0.1 49.520153550863725 0.0 49.520153550863725 2.2908366533864544 21.36981679450057 63
640 0.1 49.20159680638723 0.0 49.520153550863725 2.2908366533864544 21.809665806318744 64
650 0.1 49.46025515210991 0.0 49.520153550863725 2.2908366533864544 22.23108012939672 65
660 0.1 49.31640625 0.0 49.520153550863725 2.2908366533864544 22.64364338731662 66
670 0.1 49.25521350546177 0.0 49.520153550863725 2.2908366533864544 23.041744325565624 67
680 0.1 49.45273631840796 0.0 49.520153550863725 2.2908366533864544 23.427236519387627 68
690 0.1 49.30139720558882 0.0 49.520153550863725 2.2908366533864544 23.804417675895166 69
700 0.1 49.25224327018943 0.0 49.520153550863725 2.2908366533864544 24.168660240605075 70
710 0.1 49.35194416749751 0.0 49.520153550863725 2.2908366533864544 24.521950142430207 71
720 0.1 49.35194416749751 0.0 49.520153550863725 2.2908366533864544 24.866811170556144 72
730 0.1 49.306930693069305 0.0 49.520153550863725 2.2908366533864544 25.202223951336162 73
740 0.1 49.25373134328358 0.0 49.520153550863725 2.2908366533864544 25.52796323162985 74
750 0.1 49.43289224952741 0.0 49.520153550863725 2.2908366533864544 25.8443068064519 75
760 0.1 49.356617647058826 0.0 49.520153550863725 2.2908366533864544 26.154682930702894 76
770 0.1 47.87234042553192 0.0 49.520153550863725 2.2908366533864544 26.456006758188035 77
780 0.1 37.83783783783784 0.0 49.520153550863725 2.2908366533864544 26.730575138538597 78
790 0.1 29.67032967032967 0.0 49.520153550863725 2.2908366533864544 26.871173400555044 79
800 0.1 16.28787878787879 0.0 49.520153550863725 2.2908366533864544 26.906162853927224 80
810 0.1 4.545454545454546 0.0 49.520153550863725 2.2908366533864544 26.77507292718589 81
820 0.1 1.1988011988011988 0.0 49.520153550863725 1.1988011988011988 26.503980020091603 82
828 0.1 0.4985044865403789 0.0 49.520153550863725 0.4985044865403789 26.199098347545934 83
