0 0 0
10 0 0
20 0 0
30 0 0
40 0.3 3
50 0.8 11
60 1.9 30
70 1.5 45
80 1 55
90 0.3 58
100 0.8 66
110 0.8 74
120 0.7 81
130 1.6 97
140 1.6 113
150 2.7 140
160 1.2 152
170 1.9 171
180 1.8 189
190 1.9 208
200 2.2 230
210 1.6 246
220 2.3 269
230 3.3 302
240 4.7 349
250 3.9 388
260 4.4 432
270 3.7 469
280 4.6 515
290 5 565
300 5.7 622
310 5 672
320 6.1 733
330 5.8 791
340 7.2 863
350 8 943
360 10.1 1044
370 9.3 1137
380 9.5 1232
390 8.4 1316
400 7 1386
410 3.1 1417
420 3.8 1455
430 3.8 1493
440 2.8 1521
450 3.4 1555
460 2.7 1582
470 4.6 1628
480 4.5 1673
490 7 1743
500 10 1843
510 13 1973
520 18.1 2154
530 23.5 2389
540 27.7 2666
550 29 2956
560 33.9 3295
570 31 3605
580 22.5 3830
590 23.6 4066
600 27 4336
610 23.3 4569
620 28.8 4857
630 30.2 5159
640 37.7 5536
650 40.3 5939
660 36.3 6302
670 36.7 6669
680 42.7 7096
690 35.5 7451
700 28.2 7733
710 22.6 7959
720 18.7 8146
730 21.7 8363
740 22.3 8586
750 29.3 8879
760 36 9239
770 37.4 9613
780 40.2 10015
790 37.6 10391
800 17.8 10569
810 4.5 10614
820 0.8 10622
828 0.2 10624
