0 0.1 3511.8203125 0 3511.8203125 3511.8203125 0 0
10 0.1 3501.30859375 0.0 3511.8203125 3501.30859375 3511.8203125 1
20 0.1 3508.1171875 0.0 3511.8203125 3501.30859375 3506.564453125 2
30 0.1 3500.703125 0.0 3511.8203125 3500.703125 3507.08203125 3
40 0.1 3490.94921875 0.0 3511.8203125 3490.94921875 3505.4873046875 4
50 0.1 3485.19921875 0.0 3511.8203125 3485.19921875 3502.5796875 5
60 0.1 3480.16015625 0.0 3511.8203125 3480.16015625 3499.6829427083335 6
70 0.1 3480.87109375 0.0 3511.8203125 3480.16015625 3496.893973214286 7
80 0.1 3482.8984375 0.0 3511.8203125 3480.16015625 3494.89111328125 8
90 0.1 3483.17578125 0.0 3511.8203125 3480.16015625 3493.55859375 9
100 0.1 3483.18359375 0.0 3511.8203125 3480.16015625 3492.5203125 10
110 0.1 3481.6171875 0.0 3511.8203125 3480.16015625 3491.6715198863635 11
120 0.1 3474.2421875 0.0 3511.8203125 3474.2421875 3490.8336588541665 12
130 0.1 3472.91796875 0.0 3511.8203125 3472.91796875 3489.557391826923 13
140 0.1 3472.54296875 0.0 3511.8203125 3472.54296875 3488.3688616071427 14
150 0.1 3471.96484375 0.0 3511.8203125 3471.96484375 3487.3138020833335 15
160 0.1 3471.140625 0.0 3511.8203125 3471.140625 3486.3544921875 16
170 0.1 3471.98046875 0.0 3511.8203125 3471.140625 3485.4595588235293 17
180 0.1 3470.5546875 0.0 3511.8203125 3470.5546875 3484.7107204861113 18
190 0.1 3468.265625 0.0 3511.8203125 3468.265625 3483.9656661184213 19
200 0.1 3463.01953125 0.0 3511.8203125 3463.01953125 3483.1806640625 20
210 0.1 3458.015625 0.0 3511.8203125 3458.015625 3482.2206101190477 21
220 0.1 3451.875 0.0 3511.8203125 3451.875 3481.1203835227275 22
230 0.1 3437.29296875 0.0 3511.8203125 3437.29296875 3479.8488451086955 23
240 0.1 3423.75 0.0 3511.8203125 3423.75 3478.07568359375 24
250 0.1 3419.46875 0.0 3511.8203125 3419.46875 3475.90265625 25
260 0.1 3409.49609375 0.0 3511.8203125 3409.49609375 3473.732121394231 26
270 0.1 3409.41015625 0.0 3511.8203125 3409.41015625 3471.353009259259 27
280 0.1 3406.22265625 0.0 3511.8203125 3406.22265625 3469.1407645089284 28
290 0.1 3408.5234375 0.0 3511.8203125 3406.22265625 3466.9711745689656 29
300 0.1 3399.99609375 0.0 3511.8203125 3399.99609375 3465.022916666667 30
310 0.1 3399.51171875 0.0 3511.8203125 3399.51171875 3462.925277217742 31
320 0.1 3367.99609375 0.0 3511.8203125 3367.99609375 3460.943603515625 32
330 0.1 3352.48828125 0.0 3511.8203125 3352.48828125 3458.127012310606 33
340 0.1 3326.0 0.0 3511.8203125 3326.0 3455.0199908088234 34
350 0.1 3300.6328125 0.0 3511.8203125 3300.6328125 3451.3337053571427 35
360 0.1 3267.3828125 0.0 3511.8203125 3267.3828125 3447.1475694444443 36
370 0.1 3260.4765625 0.0 3511.8203125 3260.4765625 3442.2890625 37
380 0.1 3264.68359375 0.0 3511.8203125 3260.4765625 3437.504523026316 38
390 0.1 3241.625 0.0 3511.8203125 3241.625 3433.073217147436 39
400 0.1 3233.3359375 0.0 3511.8203125 3233.3359375 3428.28701171875 40
410 0.1 3181.6484375 0.0 3511.8203125 3181.6484375 3423.532107469512 41
420 0.1 3107.31640625 0.0 3511.8203125 3107.31640625 3417.772972470238 42
430 0.1 3078.94921875 0.0 3511.8203125 3078.94921875 3410.5530523255816 43
440 0.1 3021.66796875 0.0 3511.8203125 3021.66796875 3403.0166015625 44
450 0.1 2976.875 0.0 3511.8203125 2976.875 3394.5421875 45
460 0.1 2936.91015625 0.0 3511.8203125 2936.91015625 3385.4624660326085 46
470 0.1 2878.65234375 0.0 3511.8203125 2878.65234375 3375.9187998670213 47
480 0.1 2800.28125 0.0 3511.8203125 2800.28125 3365.55908203125 48
490 0.1 2779.21875 0.0 3511.8203125 2779.21875 3354.022799744898 49
500 0.1 2765.37109375 0.0 3511.8203125 2765.37109375 3342.52671875 50
510 0.1 2759.0703125 0.0 3511.8203125 2759.0703125 3331.2099417892155 51
520 0.1 2758.24609375 0.0 3511.8203125 2758.24609375 3320.207256610577 52
530 0.1 2742.5234375 0.0 3511.8203125 2742.5234375 3309.6042158018868 53
540 0.1 2749.1328125 0.0 3511.8203125 2742.5234375 3299.1027199074074 54
550 0.1 2759.89453125 0.0 3511.8203125 2742.5234375 3289.1032670454547 55
560 0.1 2747.1015625 0.0 3511.8203125 2742.5234375 3279.6531110491073 56
570 0.1 2756.34765625 0.0 3511.8203125 2742.5234375 3270.3101014254385 57
580 0.1 2763.30078125 0.0 3511.8203125 2742.5234375 3261.4486799568967 58
590 0.1 2777.40234375 0.0 3511.8203125 2742.5234375 3253.0054952330506 59
600 0.1 2788.9140625 0.0 3511.8203125 2742.5234375 3245.0787760416665 60
610 0.1 2799.04296875 0.0 3511.8203125 2742.5234375 3237.6006659836066 61
620 0.1 2784.93359375 0.0 3511.8203125 2742.5234375 3230.5271547379034 62
630 0.1 2787.625 0.0 3511.8203125 2742.5234375 3223.4542410714284 63
640 0.1 2790.921875 0.0 3511.8203125 2742.5234375 3216.6444091796875 64
650 0.1 2802.453125 0.0 3511.8203125 2742.5234375 3210.0948317307693 65
660 0.1 2816.1171875 0.0 3511.8203125 2742.5234375 3203.9184422348485 66
670 0.1 2814.12890625 0.0 3511.8203125 2742.5234375 3198.1303638059703 67
680 0.1 2809.2890625 0.0 3511.8203125 2742.5234375 3192.483283547794 68
690 0.1 2820.61328125 0.0 3511.8203125 2742.5234375 3186.929744112319 69
700 0.1 2810.125 0.0 3511.8203125 2742.5234375 3181.6966517857145 70
710 0.1 2791.98046875 0.0 3511.8203125 2742.5234375 3176.463248239437 71
720 0.1 2768.9453125 0.0 3511.8203125 2742.5234375 3171.1232096354165 72
730 0.1 2771.23828125 0.0 3511.8203125 2742.5234375 3165.613923373288 73
740 0.1 2818.05859375 0.0 3511.8203125 2742.5234375 3160.2845228040546 74
750 0.1 2846.58203125 0.0 3511.8203125 2742.5234375 3155.721510416667 75
760 0.1 2849.33203125 0.0 3511.8203125 2742.5234375 3151.65388569079 76
770 0.1 2878.66796875 0.0 3511.8203125 2742.5234375 3147.72762784091 77
780 0.1 2924.171875 0.0 3511.8203125 2742.5234375 3144.278145032052 78
790 0.1 3054.79296875 0.0 3511.8203125 2742.5234375 3141.491989715191 79
800 0.1 3095.58203125 0.0 3511.8203125 2742.5234375 3140.408251953126 80
810 0.1 3162.89453125 0.0 3511.8203125 2742.5234375 3139.854841820989 81
820 0.1 3231.94921875 0.0 3511.8203125 2742.5234375 3140.1358136432937 82
828 0.1 3248.6953125 0.0 3511.8203125 2742.5234375 3141.241999246989 83
