0 0.1 0.0703125 0 0.0703125 0.0703125 0 0
10 0.1 0.05859375 0.0 0.0703125 0.05859375 0.0703125 1
20 0.1 0.05078125 0.0 0.0703125 0.05078125 0.064453125 2
30 0.1 0.0390625 0.0 0.0703125 0.0390625 0.059895833333333336 3
40 0.1 0.03125 0.0 0.0703125 0.03125 0.0546875 4
50 0.1 0.03125 0.0 0.0703125 0.03125 0.05 5
60 0.1 0.01953125 0.0 0.0703125 0.01953125 0.046875 6
70 0.1 0.01953125 0.0 0.0703125 0.01953125 0.04296875 7
80 0.1 0.01953125 0.0 0.0703125 0.01953125 0.0400390625 8
90 0.1 0.01171875 0.0 0.0703125 0.01171875 0.037760416666666664 9
100 0.1 0.01171875 0.0 0.0703125 0.01171875 0.03515625 10
110 0.1 0.01171875 0.0 0.0703125 0.01171875 0.033025568181818184 11
120 0.1 0.01171875 0.0 0.0703125 0.01171875 0.03125 12
130 0.1 0.01171875 0.0 0.0703125 0.01171875 0.029747596153846152 13
140 0.1 0.0 0.0 0.0703125 0.0 0.028459821428571428 14
150 0.1 0.0 0.0 0.0703125 0.0 0.0265625 15
160 0.1 0.0 0.0 0.0703125 0.0 0.02490234375 16
170 0.1 0.0 0.0 0.0703125 0.0 0.0234375 17
180 0.1 0.0 0.0 0.0703125 0.0 0.022135416666666668 18
190 0.1 0.0 0.0 0.0703125 0.0 0.020970394736842105 19
200 0.1 0.078125 0.0 0.078125 0.0 0.019921875 20
210 0.1 0.0703125 0.0 0.078125 0.0 0.02269345238095238 21
220 0.1 0.05859375 0.0 0.078125 0.0 0.024857954545454544 22
230 0.1 0.05078125 0.0 0.078125 0.0 0.026324728260869564 23
240 0.1 0.0390625 0.0 0.078125 0.0 0.02734375 24
250 0.1 0.03125 0.0 0.078125 0.0 0.0278125 25
260 0.1 0.03125 0.0 0.078125 0.0 0.02794471153846154 26
270 0.1 0.1015625 0.0 0.1015625 0.0 0.02806712962962963 27
280 0.1 0.078125 0.0 0.1015625 0.0 0.030691964285714284 28
290 0.1 0.0703125 0.0 0.1015625 0.0 0.032327586206896554 29
300 0.1 0.05859375 0.0 0.1015625 0.0 0.03359375 30
310 0.1 0.05078125 0.0 0.1015625 0.0 0.034400201612903226 31
320 0.1 0.109375 0.0 0.109375 0.0 0.034912109375 32
330 0.1 0.1796875 0.0 0.1796875 0.0 0.03716856060606061 33
340 0.1 0.30078125 0.0 0.30078125 0.0 0.04136029411764706 34
350 0.1 0.328125 0.0 0.328125 0.0 0.04877232142857143 35
360 0.1 0.28125 0.0 0.328125 0.0 0.05653211805555555 36
370 0.1 0.3203125 0.0 0.328125 0.0 0.06260557432432433 37
380 0.1 0.26953125 0.0 0.328125 0.0 0.06938733552631579 38
390 0.1 0.30078125 0.0 0.328125 0.0 0.07451923076923077 39
400 0.1 0.328125 0.0 0.328125 0.0 0.08017578125 40
410 0.1 0.359375 0.0 0.359375 0.0 0.08622332317073171 41
420 0.1 0.37890625 0.0 0.37890625 0.0 0.09272693452380952 42
430 0.1 0.3984375 0.0 0.3984375 0.0 0.09938226744186046 43
440 0.1 0.41015625 0.0 0.41015625 0.0 0.10617897727272728 44
450 0.1 0.3515625 0.0 0.41015625 0.0 0.11293402777777778 45
460 0.1 0.44921875 0.0 0.44921875 0.0 0.11812160326086957 46
470 0.1 0.69140625 0.0 0.69140625 0.0 0.12516622340425532 47
480 0.1 0.890625 0.0 0.890625 0.0 0.136962890625 48
490 0.1 0.91015625 0.0 0.91015625 0.0 0.15234375 49
500 0.1 0.921875 0.0 0.921875 0.0 0.1675 50
510 0.1 1.01171875 0.0 1.01171875 0.0 0.18229166666666666 51
520 0.1 1.08984375 0.0 1.08984375 0.0 0.1982421875 52
530 0.1 1.0703125 0.0 1.08984375 0.0 0.21506485849056603 53
540 0.1 1.140625 0.0 1.140625 0.0 0.2309027777777778 54
550 0.1 1.12109375 0.0 1.140625 0.0 0.2474431818181818 55
560 0.1 1.26171875 0.0 1.26171875 0.0 0.26304408482142855 56
570 0.1 1.21875 0.0 1.26171875 0.0 0.2805646929824561 57
580 0.1 1.26171875 0.0 1.26171875 0.0 0.29674030172413796 58
590 0.1 1.30078125 0.0 1.30078125 0.0 0.3130958686440678 59
600 0.1 1.41015625 0.0 1.41015625 0.0 0.32955729166666664 60
610 0.1 1.5 0.0 1.5 0.0 0.3472720286885246 61
620 0.1 1.5 0.0 1.5 0.0 0.3658644153225806 62
630 0.1 1.421875 0.0 1.5 0.0 0.38386656746031744 63
640 0.1 1.359375 0.0 1.5 0.0 0.40008544921875 64
650 0.1 1.30078125 0.0 1.5 0.0 0.41484375 65
660 0.1 1.23046875 0.0 1.5 0.0 0.42826704545454547 66
670 0.1 1.19921875 0.0 1.5 0.0 0.4402402052238806 67
680 0.1 1.25 0.0 1.5 0.0 0.4514016544117647 68
690 0.1 1.2109375 0.0 1.5 0.0 0.46297554347826086 69
700 0.1 1.1796875 0.0 1.5 0.0 0.47366071428571427 70
710 0.1 1.1484375 0.0 1.5 0.0 0.48360475352112675 71
720 0.1 1.12890625 0.0 1.5 0.0 0.4928385416666667 72
730 0.1 1.109375 0.0 1.5 0.0 0.5015517979452054 73
740 0.1 1.171875 0.0 1.5 0.0 0.509765625 74
750 0.1 1.140625 0.0 1.5 0.0 0.51859375 75
760 0.1 1.12109375 0.0 1.5 0.0 0.5267783717105263 76
770 0.1 1.01953125 0.0 1.5 0.0 0.5344967532467533 77
780 0.1 0.859375 0.0 1.5 0.0 0.5407151442307693 78
790 0.1 1.0390625 0.0 1.5 0.0 0.5447488132911392 79
800 0.1 1.03125 0.0 1.5 0.0 0.550927734375 80
810 0.1 1.01953125 0.0 1.5 0.0 0.5568576388888888 81
820 0.1 0.859375 0.0 1.5 0.0 0.5624999999999999 82
828 0.1 0.73046875 0.0 1.5 0.0 0.5660768072289156 83
