0 1.4 10.217142857142857 3.721882700560926 22.088 7.305 0 0
10 3.1 35.009419354838705 44.14758784903948 147.322 7.305 10.217142857142857 14
20 7.9 37.85886075949364 41.49359612928368 175.874 6.864 27.296266666666664 45
30 16.7 43.074383233532956 37.39569930294293 175.874 6.042 34.02566129032256 124
40 23.1 47.15911255411256 37.92216157059702 231.163 6.042 39.21857044673539 291
50 25.9 51.78462162162164 83.9840835600215 723.045 6.042 42.73248850574713 522
60 23.1 36.985238095238095 36.67163434144045 723.045 6.042 45.73441229193342 781
70 16.3 33.59002453987729 33.951933403381005 723.045 6.042 43.73731818181818 1012
80 14.9 39.41102013422816 63.11772809466298 723.045 6.042 42.329651063829786 1175
90 16.5 33.3500787878788 28.0777167033322 723.045 6.042 42.00119486404834 1324
100 22.2 41.60107657657657 38.872022559348466 723.045 6.042 41.04254197447951 1489
110 26.5 40.57530943396227 33.54684564631163 723.045 6.004 41.115011104617174 1711
120 33.8 42.32657988165682 34.4814122286069 723.045 6.004 41.04263208502023 1976
130 37.6 36.8130212765957 27.39425691053506 723.045 5.944 41.2301750216076 2314
140 37.3 38.916603217158226 32.74792511239392 723.045 5.63 40.61275873605947 2690
150 34.8 37.34529310344823 33.25638190348797 723.045 5.63 40.40620763956904 3063
160 35.2 42.1465397727272 34.352640564918865 723.045 5.63 40.09392436235707 3411
170 39 39.679892307692306 32.26954655571534 723.045 5.63 40.28593090619185 3763
180 39.1 38.94337595907932 32.53195215204352 723.045 5.63 40.22901902239343 4153
190 43.8 39.795773972602746 40.39102995728824 723.045 5.63 40.11839260563379 4544
200 49.4 51.32891497975705 72.92850107807506 723.045 5.443 40.09002910477719 4982
210 61.7 43.971756888168606 37.69154610452654 723.045 5.443 41.10390960555148 5476
220 72.2 44.65329085872578 36.954119415262845 723.045 5.443 41.394318562284575 6093
230 83.2 45.62175600961542 36.97193359384431 723.045 5.327 41.739583125458545 6815
240 84.8 45.94780660377349 63.354027522402205 1524.57 5.327 42.161966784359876 7647
250 83.5 51.08158443113782 56.54788962088507 1524.57 5.327 42.539882283696286 8495
260 89.1 47.05667789001126 41.36269770385742 1524.57 5.234 43.30433258306538 9330
270 96.6 48.02429710144933 42.18457894196774 1524.57 5.234 43.63143753057432 10221
280 107.5 52.45072465116286 46.14736864663936 1524.57 5.234 44.01076195584161 11187
290 114.2 58.36746584938709 50.086911783035845 1524.57 5.234 44.750686918936566 12262
300 119.5 51.75755732217562 45.97423522766734 1524.57 5.056 45.9108153536258 13404
310 129.3 61.01196829079659 57.43785487310257 1524.57 5.056 46.3893999589013 14599
320 150.9 70.54938568588452 68.81733584617973 1524.57 5.056 47.579116851245914 15892
330 172.7 85.94769947886539 87.65813369185287 1551.519 5.056 49.57107913338312 17401
340 193.8 121.77295356037142 116.68446221162004 1551.519 5.056 52.85539653910499 19128
350 200.2 235.02373126873096 241.30286979843135 1551.519 5.056 59.19557623658977 21066
360 209.2 271.9220229445515 256.91712677863774 1551.519 5.056 74.4551551499913 23068
370 199.8 307.6784304304308 289.78078009264533 1551.519 5.056 90.87410139109703 25160
380 193.2 493.5404730848859 451.6522019976854 2289.133 5.056 106.8242836364976 27158
390 188.3 820.372557089751 761.6204049657083 4651.847 5.056 132.50787518047446 29090
400 167.3 1515.4004518828456 1230.5671243302015 6522.11 5.056 174.3265300100088 30973
410 162.4 2109.945346674873 1493.0171570914295 7129.596 5.056 243.05215248422485 32646
420 167.8 3098.5334785458854 1870.4862728038272 9539.654 5.056 331.52120843303175 34270
430 159.4 3672.6102333751587 2092.8809186621083 10367.441 1.082 460.68128936241214 35948
440 159.1 4868.984680075418 2620.308733903641 11893.672 1.082 597.056941612061 37542
450 168.9 5246.49143043221 2958.697966688903 11906.039 0.797 770.7373911532461 39133
460 167.8 5674.471697854583 3683.0747565994866 12601.575 0.76 955.9205907108907 40822
470 213.5 5536.843699765815 4306.737181268188 13820.49 0.76 1142.220090894117 42500
480 286.1 4455.868555400209 4489.967594649721 14185.684 0.76 1352.4255665285086 44635
490 354.9 3649.7611051000367 4161.1265814968565 14603.46 0.76 1539.366580322553 47496
500 426 2970.727476056327 3909.6294805089206 14603.46 0.76 1686.0957441669118 51045
510 494.2 2556.3317511129053 3829.076968369621 16048.631 0.758 1785.047578139408 55305
520 533.7 2568.393607457369 3653.8873949330796 16048.631 0.758 1848.3152326754848 60247
530 553 2209.4045457504576 3349.716406257046 16048.631 0.758 1906.9127303305672 65584
540 535.5 2454.189238842194 3542.1557339589326 16386.692 0.758 1930.435239812132 71114
550 549.8 2305.813973081123 3203.9911475185027 16386.692 0.758 1967.1128825798678 76469
560 528.1 2415.1249509562394 3102.8973539843278 16386.692 0.746 1989.8315205143524 81967
570 523.1 2514.174966354421 2940.237828023438 16386.692 0.746 2015.5739398954684 87248
580 522.5 1507.6784086124421 2966.6751500410573 16832.083 0.746 2043.7769045621149 92479
590 555.2 2122.7203213256466 3899.6929090013987 16832.083 0.746 2015.1075088225643 97704
600 601.2 2154.1961289088435 3879.4132024775035 16832.083 0.746 2020.8937714612207 103256
610 611.7 2105.0302305051387 3431.7315143203805 16832.083 0.746 2028.2281582256448 109268
620 641.3 1803.6125113051512 2969.024724839575 16832.083 0.746 2032.299729713565 115385
630 677.8 2179.110022277965 5267.5035640906135 60496.476 0.746 2020.2587181070267 121798
640 660.4 1660.7831229557871 2602.845886355879 60496.476 0.746 2028.6327081181532 128576
650 659.9 1626.5239201394127 2390.912635093856 60496.476 0.746 2010.6620123021137 135180
660 633.1 1383.3087635444642 2132.799310025567 60496.476 0.746 1992.7825853758293 141779
670 622.3 1311.9424052707664 2013.517689942645 60496.476 0.746 1966.7304702855965 148110
680 640.2 1112.3908295845029 2084.093281413621 60496.476 0.746 1940.3281705273641 154333
690 553.4 1288.8225558366446 2176.85621543522 60496.476 0.746 1907.3518128161238 160735
700 537.5 1649.9592245581387 2185.5814559019373 60496.476 0.746 1886.765047344963 166269
710 508.4 1902.2855450432762 2186.653045516486 60496.476 0.746 1879.349516959519 171644
720 530.7 1957.7409163369132 2260.1482620460165 60496.476 0.746 1880.0093261961867 176728
730 554.3 1987.0574970232692 2397.269675033837 60496.476 0.746 1882.2754923119162 182035
740 635.6 1609.4632994021415 2077.681102933087 60496.476 0.746 1885.3718397093457 187578
750 590 1144.3168908474504 1601.2324885129246 60496.476 0.746 1876.3292031309602 193934
760 517.9 1614.8667849005558 5446.730729801835 60496.476 0.746 1854.7169017084161 199834
770 319 1707.6372846394977 2149.148818516133 60496.476 0.746 1848.6578529898084 205013
780 217.8 2414.2579090909153 2656.922237224855 60496.476 0.746 1846.4971943391768 208203
790 143.8 1997.0777802503437 2879.3542380127474 60496.476 0.746 1852.3750199827914 210381
800 52.4 1477.8709351145021 2346.752281697381 60496.476 0.746 1853.3573802491733 211819
810 10.9 1476.5039633027518 2276.687419501042 60496.476 0.746 1852.4307902638639 212343
820 2.4 1256.0436666666667 2166.115401224364 60496.476 0.746 1852.2379183486134 212452
828 0.4 2508.33675 2500.271670534762 60496.476 0.746 1852.1705758626838 212476
