10 0.1 3914 0 3914 3914 0 0
20 0.1 845.0 0.0 3914 845 3914.0 1
30 0.1 1373.0 0.0 3914 845 2379.5 2
40 0.1 2267.0 0.0 3914 845 2044.0 3
50 0.1 2891.0 0.0 3914 845 2099.75 4
60 0.1 3057.0 0.0 3914 845 2258.0 5
70 0.1 2311.0 0.0 3914 845 2391.1666666666665 6
80 0.1 1648.0 0.0 3914 845 2379.714285714286 7
90 0.1 1644.0 0.0 3914 845 2288.25 8
100 0.1 2088.0 0.0 3914 845 2216.6666666666665 9
110 0.1 2723.0 0.0 3914 845 2203.8 10
120 0.1 3115.0 0.0 3914 845 2251.0 11
130 0.1 4253.0 0.0 4253 845 2323.0 12
140 0.1 4217.0 0.0 4253 845 2471.4615384615386 13
150 0.1 4046.0 0.0 4253 845 2596.1428571428573 14
160 0.1 3848.0 0.0 4253 845 2692.8 15
170 0.1 4212.0 0.0 4253 845 2765.0 16
180 0.1 4455.0 0.0 4455 845 2850.1176470588234 17
190 0.1 4552.0 0.0 4552 845 2939.277777777778 18
200 0.1 4923.0 0.0 4923 845 3024.157894736842 19
210 0.1 6024.0 0.0 6024 845 3119.1 20
220 0.1 7609.0 0.0 7609 845 3257.4285714285716 21
230 0.1 9117.0 0.0 9117 845 3455.2272727272725 22
240 0.1 9667.0 0.0 9667 845 3701.391304347826 23
250 0.1 9756.0 0.0 9756 845 3949.9583333333335 24
260 0.1 9468.0 0.0 9756 845 4182.2 25
270 0.1 10504.0 0.0 10504 845 4385.5 26
280 0.1 11482.0 0.0 11482 845 4612.111111111111 27
290 0.1 12520.0 0.0 12520 845 4857.464285714285 28
300 0.1 13625.0 0.0 13625 845 5121.689655172414 29
310 0.1 14337.0 0.0 14337 845 5405.133333333333 30
320 0.1 15084.0 0.0 15084 845 5693.258064516129 31
330 0.1 18399.0 0.0 18399 845 5986.71875 32
340 0.1 21934.0 0.0 21934 845 6362.848484848485 33
350 0.1 23856.0 0.0 23856 845 6820.823529411765 34
360 0.1 24272.0 0.0 24272 845 7307.542857142857 35
370 0.1 24878.0 0.0 24878 845 7778.777777777777 36
380 0.1 24724.0 0.0 24878 845 8240.918918918918 37
390 0.1 24051.0 0.0 24878 845 8674.684210526315 38
400 0.1 22869.0 0.0 24878 845 9068.948717948717 39
410 0.1 21659.0 0.0 24878 845 9413.949999999999 40
420 0.1 21510.0 0.0 24878 845 9712.60975609756 41
430 0.1 21067.0 0.0 24878 845 9993.499999999998 42
440 0.1 20954.0 0.0 24878 845 10251.023255813952 43
450 0.1 20340.0 0.0 24878 845 10494.272727272726 44
460 0.1 20373.0 0.0 24878 845 10713.066666666666 45
470 0.1 21098.0 0.0 24878 845 10923.065217391302 46
480 0.1 22587.0 0.0 24878 845 11139.55319148936 47
490 0.1 27393.0 0.0 27393 845 11378.041666666666 48
500 0.1 30958.0 0.0 30958 845 11704.877551020409 49
510 0.1 34492.0 0.0 34492 845 12089.94 50
520 0.1 38153.0 0.0 38153 845 12529.196078431372 51
530 0.1 41053.0 0.0 41053 845 13021.961538461539 52
540 0.1 39681.0 0.0 41053 845 13550.849056603774 53
550 0.1 42135.0 0.0 42135 845 14034.74074074074 54
560 0.1 41617.0 0.0 42135 845 14545.654545454545 55
570 0.1 39338.0 0.0 42135 845 15029.07142857143 56
580 0.1 37515.0 0.0 42135 845 15455.543859649122 57
590 0.1 33044.0 0.0 42135 845 15835.879310344828 58
600 0.1 34826.0 0.0 42135 845 16127.542372881357 59
610 0.1 38824.0 0.0 42135 845 16439.183333333334 60
620 0.1 42345.0 0.0 42345 845 16806.147540983606 61
630 0.1 45068.0 0.0 45068 845 17218.064516129034 62
640 0.1 46189.0 0.0 46189 845 17660.126984126986 63
650 0.1 46029.0 0.0 46189 845 18105.890625 64
660 0.1 48265.0 0.0 48265 845 18535.476923076923 65
670 0.1 48209.0 0.0 48265 845 18985.924242424244 66
680 0.1 43951.0 0.0 48265 845 19422.089552238805 67
690 0.1 42574.0 0.0 48265 845 19782.808823529413 68
700 0.1 42976.0 0.0 48265 845 20113.115942028984 69
710 0.1 42697.0 0.0 48265 845 20439.72857142857 70
720 0.1 43594.0 0.0 48265 845 20753.211267605635 71
730 0.1 42666.0 0.0 48265 845 21070.444444444445 72
740 0.1 47378.0 0.0 48265 845 21366.27397260274 73
750 0.1 54626.0 0.0 54626 845 21717.783783783783 74
760 0.1 55551.0 0.0 55551 845 22156.56 75
770 0.1 33283.0 0.0 55551 845 22595.96052631579 76
780 0.1 17407.0 0.0 55551 845 22734.753246753247 77
790 0.1 10311.0 0.0 55551 845 22666.44871794872 78
800 0.1 4563.0 0.0 55551 845 22510.050632911392 79
810 0.1 974.0 0.0 55551 845 22285.7125 80
820 0.1 240.0 0.0 55551 240 22022.604938271605 81
828 0.1 20.0 0.0 55551 20 21756.963414634145 82
