0 1.4 10.217142857142857 3.721882700560926 22.088 7.305 0 0
10 4 27.098724999999995 24.784529511357988 85.689 7.107 10.217142857142857 14
20 11.3 26.480044247787607 23.604296662413933 92.514 6.474 22.722018518518514 54
30 26.1 27.483662835249028 22.207305729160144 92.514 6.042 25.264874251497 167
40 37.2 29.23188440860215 26.001020230398364 220.228 5.396 26.617920560747653 428
50 41 32.78137073170735 66.67228709206658 707.987 5.109 27.83341374999999 800
60 33.1 25.623728096676746 28.049348336589528 707.987 4.951 29.50999421487604 1210
70 22.3 24.51565919282513 23.77135229566395 707.987 4.951 28.675241401687224 1541
80 21.7 27.01737327188941 49.7331677703479 707.987 4.951 28.149398526077107 1764
90 24.5 22.765077551020422 18.075715635764087 707.987 4.951 28.025395759717327 1981
100 33.1 27.599942598187305 23.562382514210004 707.987 4.951 27.44642991913748 2226
110 40.8 26.369276960784315 21.659543524969706 707.987 4.951 27.466301916308186 2557
120 52.6 27.345311787072244 21.861888088724843 707.987 4.951 27.315345362563253 2965
130 56.5 24.229115044247756 18.019687548366285 707.987 4.951 27.319860498424532 3491
140 55.6 26.067230215827323 20.77309512691926 707.987 4.951 26.889320266272197 4056
150 50.5 25.743176237623764 21.458813447183395 707.987 4.951 26.790213139635735 4612
160 54.4 27.182979779411763 22.576229718102123 707.987 4.951 26.6868803986711 5117
170 58.4 26.46240924657535 20.56374713181799 707.987 4.951 26.73455361243597 5661
180 58.3 26.06015437392794 21.14958767851096 707.987 4.951 26.70910408326662 6245
190 63.7 27.33143799058085 27.853352656125637 707.987 4.951 26.653694346807267 6828
200 73.4 34.78657493188009 56.507562083522345 707.987 4.951 26.711527260549232 7465
210 94.5 28.662213756613806 24.135659960347144 707.987 4.799 27.434430662275886 8199
220 110.1 29.153345140781095 24.15234791723968 707.987 4.799 27.56131769466317 9144
230 127.2 29.71781367924526 24.481897652079347 707.987 4.799 27.732408199121522 10245
240 125.8 31.000784578696322 49.488724200365304 1503.38 4.799 27.951687158114087 11517
250 124.3 34.33680128720845 42.249418345817126 1503.38 4.799 28.251942700587076 12775
260 132 31.613553787878768 27.377166194025417 1503.38 4.799 28.79149750321016 14018
270 146.3 31.713630211893342 28.739594902882327 1503.38 4.799 29.03436582344504 15338
280 160.9 34.943893722809094 31.324021816689207 1503.38 4.799 29.26767121004702 16801
290 174.7 38.11814024041216 34.423462459547245 1503.38 4.799 29.76376257468766 18410
300 176.3 35.1551298922291 32.81553509800127 1503.38 4.799 30.48783350697028 20157
310 192.2 40.919521852237146 40.75973670122216 1503.38 4.799 30.863218704379555 21920
320 224.1 47.424390004462325 49.441136203769126 1503.38 4.715 31.67389795319183 23842
330 264.1 56.21898523286648 65.55980327739478 1535.475 4.715 33.02714921596441 26083
340 296.5 81.06256998313643 88.21735581760821 1535.475 4.715 35.15949982592954 28724
350 305.1 155.46130121271676 175.6935662343005 1535.475 4.715 39.45444769478367 31689
360 312.2 179.87746860986556 191.21929221283028 1535.475 4.715 49.64261436384566 34740
370 297.4 207.02231405514462 208.40159123776226 1535.475 4.715 60.38143468385184 37862
380 287.2 339.19303969359254 313.7001232995949 1654.381 4.715 71.06098153589967 40836
390 280.8 559.9442314814816 557.0875198781953 3081.865 4.715 88.67961590555498 43708
400 253.4 1046.658736779797 832.7099510577749 3824.81 4.715 117.12812911686297 46516
410 251.3 1442.0987325905317 990.2109488556335 4899.093 4.715 165.14913951070344 49050
420 255.7 2064.5070531873293 1128.309293314072 5577.056 4.715 227.38318965149446 51563
430 241.8 2543.8027076095955 1324.079366539495 5712.823 0.778 314.1815214892833 54120
440 244.5 3358.3008895705498 1442.89170123387 6714.242 0.336 409.53728271251214 56538
450 255.3 3607.936640814735 1645.9661104062175 6938.084 0.336 531.7712657036774 58983
460 257.5 3895.264526990291 2198.794991215394 7301.868 0.336 659.3949364437082 61536
470 326.2 3719.813710300441 2585.460432329001 8181.632 0.314 789.36271413642 64111
480 432.5 2893.9956175722614 2901.8123637720596 8181.632 0.314 931.2464234782489 67373
490 541 2342.8915447319864 2637.377167691054 8181.632 0.301 1049.6442904265123 71698
500 654.2 1928.9117195047313 2587.7242389451358 8181.632 0.301 1140.380240597605 77108
510 759 1651.38284057971 2576.4521868581555 9471.008 0.3 1202.048775385536 83650
520 814.4 1650.7161047396812 2450.435136218694 9471.008 0.3 1239.427617503289 91240
530 836.1 1436.8344664513827 2306.826271608193 9471.008 0.3 1273.1305620421801 99384
540 802.3 1639.2830494827297 2542.853159857245 11866.207 0.3 1285.833966791963 107745
550 815 1542.0155169325192 2252.380156899136 11866.207 0.3 1310.3288357577221 115768
560 774.5 1638.772432795341 2202.5637705111467 11866.207 0.3 1325.5667063784115 123918
570 761.3 1604.203224221728 2048.993931362214 11866.207 0.3 1343.9908525022208 131663
580 773.9 975.6857079726078 2362.8004471289432 11866.207 0.3 1358.2143855294519 139276
590 838.6 1404.2974441927054 3325.2680060410403 14927.115 0.3 1338.0777366459201 147015
600 901.8 1434.5563190286066 3322.635130635183 14999.057 0.3 1341.6511915624735 155401
610 931.3 1374.1441155374187 2938.0098919081597 14999.057 0.3 1346.7468218697345 164419
620 972 1181.4785945473202 2541.7436810993086 14999.057 0.3 1348.2154689579343 173732
630 1025.6 1417.8826038416498 4376.524239785333 60174.314 0.3 1339.3811012798976 183452
640 991.5 1087.3468540595024 2229.5231974584635 60174.314 0.3 1343.5374159921105 193708
650 990.9 1054.5765094358665 2055.0380706062606 60174.314 0.3 1331.0627475039641 203623
660 949.1 899.7021319144469 1823.13508302029 60174.314 0.3 1318.232342070508 213532
670 918.5 871.339537506806 1741.7187308686143 60174.314 0.3 1300.4213081206858 223023
680 935.5 757.425710315337 1795.4190307639303 60174.314 0.3 1283.4489554752624 232208
690 806.7 882.1385539853702 1897.0247721412527 60174.314 0.3 1263.0776756912264 241563
700 791 1118.588306700379 1955.7691813210236 60174.314 0.3 1250.7673127749056 249630
710 756.5 1275.6468824851238 1998.154003931617 60174.314 0.3 1246.7076096683998 257540
720 811.7 1277.0700289515885 2046.7215531100103 60174.314 0.3 1247.5334167971166 265105
730 876.2 1258.652258274369 2130.8954936606015 60174.314 0.3 1248.4109035326574 273222
740 1003.9 1007.7090673373899 1814.866646494948 60174.314 0.3 1248.729129922264 281984
750 915.6 720.2527360200943 1380.9795220530484 60174.314 0.3 1240.4434797909746 292023
760 773 1080.3582380336422 4521.638912809629 60174.314 0.3 1224.6294075948183 301179
770 444.6 1225.4773306342759 1975.5224015733186 60174.314 0.3 1221.0192306795848 308909
780 283.6 1853.0765514809602 2541.543637262143 60174.314 0.3 1221.0824838984533 313355
790 177.7 1616.047935846933 2706.337036290931 60174.314 0.3 1226.7510044308658 316191
800 59.6 1299.3096006711396 2252.547124613581 60174.314 0.3 1228.9266342021835 317968
810 12.4 1297.8684193548386 2188.1873019465406 60174.314 0.3 1229.0583133875764 318564
820 2.8 1076.5707142857145 2053.051783228182 60174.314 0.3 1229.0850870757604 318688
828 0.4 2508.33675 2500.271670534762 60174.314 0.3 1229.071688305576 318716
