10 0.1 2726 0 2726 2726 0 0
20 0.1 599.0 0.0 2726 599 2726.0 1
30 0.1 881.0 0.0 2726 599 1662.5 2
40 0.1 1108.0 0.0 2726 599 1402.0 3
50 0.1 1373.0 0.0 2726 599 1328.5 4
60 0.1 1421.0 0.0 2726 599 1337.4 5
70 0.1 1248.0 0.0 2726 599 1351.3333333333333 6
80 0.1 933.0 0.0 2726 599 1336.5714285714287 7
90 0.1 917.0 0.0 2726 599 1286.125 8
100 0.1 1120.0 0.0 2726 599 1245.111111111111 9
110 0.1 1432.0 0.0 2726 599 1232.6 10
120 0.1 1569.0 0.0 2726 599 1250.7272727272727 11
130 0.1 2197.0 0.0 2726 599 1277.25 12
140 0.1 2070.0 0.0 2726 599 1348.0 13
150 0.1 2069.0 0.0 2726 599 1399.5714285714287 14
160 0.1 1984.0 0.0 2726 599 1444.2 15
170 0.1 2063.0 0.0 2726 599 1477.9375 16
180 0.1 2281.0 0.0 2726 599 1512.3529411764705 17
190 0.1 2433.0 0.0 2726 599 1555.0555555555557 18
200 0.1 2643.0 0.0 2726 599 1601.2631578947369 19
210 0.1 3112.0 0.0 3112 599 1653.35 20
220 0.1 3890.0 0.0 3890 599 1722.8095238095239 21
230 0.1 4593.0 0.0 4593 599 1821.3181818181818 22
240 0.1 4836.0 0.0 4836 599 1941.8260869565217 23
250 0.1 5041.0 0.0 5041 599 2062.4166666666665 24
260 0.1 4873.0 0.0 5041 599 2181.56 25
270 0.1 5419.0 0.0 5419 599 2285.076923076923 26
280 0.1 5784.0 0.0 5784 599 2401.148148148148 27
290 0.1 6381.0 0.0 6381 599 2521.964285714286 28
300 0.1 6768.0 0.0 6768 599 2655.0344827586205 29
310 0.1 7571.0 0.0 7571 599 2792.133333333333 30
320 0.1 7946.0 0.0 7946 599 2946.2903225806454 31
330 0.1 9287.0 0.0 9287 599 3102.53125 32
340 0.1 11035.0 0.0 11035 599 3289.939393939394 33
350 0.1 11783.0 0.0 11783 599 3517.735294117647 34
360 0.1 11503.0 0.0 11783 599 3753.885714285714 35
370 0.1 11436.0 0.0 11783 599 3969.1388888888887 36
380 0.1 11919.0 0.0 11919 599 4170.945945945946 37
390 0.1 12593.0 0.0 12593 599 4374.8421052631575 38
400 0.1 11892.0 0.0 12593 599 4585.564102564102 39
410 0.1 11396.0 0.0 12593 599 4768.224999999999 40
420 0.1 10945.0 0.0 12593 599 4929.878048780487 41
430 0.1 10892.0 0.0 12593 599 5073.095238095238 42
440 0.1 10993.0 0.0 12593 599 5208.418604651162 43
450 0.1 10823.0 0.0 12593 599 5339.886363636363 44
460 0.1 11169.0 0.0 12593 599 5461.733333333333 45
470 0.1 11969.0 0.0 12593 599 5585.804347826086 46
480 0.1 13354.0 0.0 13354 599 5721.617021276596 47
490 0.1 17575.0 0.0 17575 599 5880.625 48
500 0.1 20831.0 0.0 20831 599 6119.285714285715 49
510 0.1 24874.0 0.0 24874 599 6413.52 50
520 0.1 28576.0 0.0 28576 599 6775.490196078431 51
530 0.1 30774.0 0.0 30774 599 7194.7307692307695 52
540 0.1 30926.0 0.0 30926 599 7639.622641509434 53
550 0.1 32243.0 0.0 32243 599 8070.851851851852 54
560 0.1 3.14e4 0.0 32243 599 8510.345454545455 55
570 0.1 29427.0 0.0 32243 599 8919.089285714286 56
580 0.1 29859.0 0.0 32243 599 9278.877192982456 57
590 0.1 29796.0 0.0 32243 599 9633.706896551725 58
600 0.1 31921.0 0.0 32243 599 9975.440677966102 59
610 0.1 35236.0 0.0 35236 599 10341.2 60
620 0.1 38039.0 0.0 38039 599 10749.311475409837 61
630 0.1 41168.0 0.0 41168 599 11189.467741935483 62
640 0.1 42525.0 0.0 42525 599 11665.317460317461 63
650 0.1 42349.0 0.0 42525 599 12147.5 64
660 0.1 42043.0 0.0 42525 599 12612.138461538461 65
670 0.1 40924.0 0.0 42525 599 13058.060606060606 66
680 0.1 36910.0 0.0 42525 599 13473.970149253732 67
690 0.1 35829.0 0.0 42525 599 13818.617647058823 68
700 0.1 34503.0 0.0 42525 599 14137.608695652174 69
710 0.1 32336.0 0.0 42525 599 14428.542857142857 70
720 0.1 33152.0 0.0 42525 599 14680.760563380281 71
730 0.1 33483.0 0.0 42525 599 14937.305555555555 72
740 0.1 37047.0 0.0 42525 599 15191.356164383562 73
750 0.1 41650.0 0.0 42525 599 15486.702702702703 74
760 0.1 43995.0 0.0 43995 599 15835.546666666667 75
770 0.1 26610.0 0.0 43995 599 16206.065789473685 76
780 0.1 15109.0 0.0 43995 599 16341.181818181818 77
790 0.1 9686.0 0.0 43995 599 16325.384615384615 78
800 0.1 4636.0 0.0 43995 599 16241.341772151898 79
810 0.1 1033.0 0.0 43995 599 16096.275 80
820 0.1 239.0 0.0 43995 239 15910.308641975309 81
828 0.1 19.0 0.0 43995 19 15719.19512195122 82
