40 0.3 43654.897 1317.6958314515048 45314.43 42091.001 0 0
50 0.8 42900.476500000004 4143.87172162903 47830.515 35771.12 43654.897 3
60 1.9 46872.25252631579 7476.892309449191 65637.948 35771.12 43106.227545454545 11
70 1.5 50274.500533333325 9083.463945187521 68450.604 35771.12 45491.3767 30
80 1 52582.307499999995 10650.622812207379 81421.215 35771.12 47085.75131111111 45
90 0.3 57170.047 2313.779463812548 81421.215 35771.12 48085.12516363636 55
100 0.8 45355.53049999999 9709.278348914928 81421.215 35771.12 48555.0349137931 58
110 0.8 46378.53862500001 3358.452718572348 81421.215 35771.12 48167.21619696969 66
120 0.7 46227.83971428572 3775.169890523818 81421.215 35771.12 47973.84564864864 74
130 1.6 54786.35262499999 16192.446213830053 103508.014 35771.12 47822.95624691357 81
140 1.6 49578.8740625 8848.364292918921 103508.014 35771.12 48971.557711340196 97
150 2.7 52358.22188888889 9315.96249903836 103508.014 35771.12 49057.54940707964 113
160 1.2 57649.88308333333 13017.324322155593 103508.014 34451.688 49694.10767142857 140
170 1.9 48166.787578947384 7845.753746652536 103508.014 34451.688 50322.19520394736 152
180 1.8 47255.2903888889 7404.798520133323 103508.014 34451.688 50082.705467836255 171
190 1.9 53368.763105263155 10053.143072566274 103508.014 34451.688 49813.42784126984 189
200 2.2 51334.42554545454 10199.277538041812 103508.014 34451.688 50138.19404326923 208
210 1.6 48620.571562500016 8172.94818351866 103508.014 34451.688 50252.61618695652 230
220 2.3 50766.34669565218 14619.229314810702 103508.014 32271.991 50146.46694308943 246
230 3.3 48462.58551515153 7697.325561048099 103508.014 32271.991 50199.46781412639 269
240 4.7 47745.39555319151 7669.600951947043 103508.014 32271.991 50009.676039735095 302
250 3.9 49704.743230769236 10375.712717931714 103508.014 32271.991 49704.74428366762 349
260 4.4 51748.96415909093 9667.06893571326 103508.014 32271.991 49704.744177835055 388
270 3.7 50616.369243243236 10561.882176507792 103508.014 32271.991 49912.95176851852 432
280 4.6 46174.44758695653 7245.897444490704 103508.014 32271.991 49968.445257995736 469
290 5 49423.61242 13170.759372540979 108896.58 32271.991 49629.563912621365 515
300 5.7 49020.546192982445 10364.626510527922 108896.58 32271.991 49611.338116814164 565
310 5 50286.48198000001 11877.250150440375 108896.58 32271.991 49557.19802090032 622
320 6.1 49177.4106229508 8573.095767385656 108896.58 32271.991 49611.46022023809 672
330 5.8 53915.02884482762 12589.541770944381 108896.58 32271.991 49575.33876671214 733
340 7.2 49120.7149722222 10085.29726985747 108896.58 32271.991 49893.54613021492 791
350 8 49543.23053749999 9875.619997862912 108896.58 32271.991 49829.06890730012 863
360 10.1 50945.03506930692 8953.22192563979 108896.58 32271.991 49804.81962884411 943
370 9.3 49518.68796774194 7802.997434912326 108896.58 32271.991 49915.1278275862 1044
380 9.5 53834.57728421052 9371.363181512976 108896.58 32271.991 49882.70134828495 1137
390 8.4 56805.65151190476 10938.36316487729 120238.903 32271.991 50187.432041396096 1232
400 7 62084.2819 10691.453268729878 120238.903 32271.991 50609.87158206686 1316
410 3.1 67088.24158064516 7321.907716024979 120238.903 32271.991 51189.38725468974 1386
420 3.8 70241.52339473684 12025.600369691734 120238.903 32271.991 51537.20975582214 1417
430 3.8 74574.38478947371 8541.917480839891 120238.903 32271.991 52025.707294158055 1455
440 2.8 80122.37657142858 10318.062315774176 120238.903 32271.991 52599.61871064968 1493
450 3.4 86412.96164705882 6207.871187044398 120238.903 32271.991 53106.28354963838 1521
460 2.7 97912.30270370368 8963.381096212344 120238.903 32271.991 53834.53245980705 1555
470 4.6 102269.3600217391 7577.49716425406 138011.954 32271.991 54586.80793173196 1582
480 4.5 106245.02797777775 8723.699378041922 140007.251 32271.991 55934.103629606856 1628
490 7 116177.29999999996 11573.900189045567 173106.994 32271.991 57287.35622713686 1673
500 10 118408.02776999997 13894.04181554784 173106.994 32271.991 59652.414209982766 1743
510 13 119152.73586153844 15289.548742282168 173106.994 32271.991 62840.45618285402 1843
520 18.1 115107.67102209946 20223.986195009064 173851.094 32271.991 66550.84460567661 1973
530 23.5 112905.52071914892 23479.798215145118 173851.094 32271.991 70631.06075301762 2154
540 27.7 109552.12503610108 24792.02187197499 173851.094 32271.991 74789.4944457932 2389
550 29 106436.67395517239 27143.665872766604 173851.094 32271.991 78401.36566616652 2666
560 33.9 104944.6564955752 27428.437704575153 181033.851 32271.991 81151.78495027061 2956
570 31 103026.6602161291 29330.604499058856 193515.546 32271.991 83599.67067223063 3295
580 22.5 101605.70555555556 28030.613769019863 193515.546 32271.991 85270.23010596391 3605
590 23.6 100802.78040254241 24988.75706420577 195133.273 32271.991 86229.88597441251 3830
600 27 101096.20320370367 26612.015553421206 196054.889 32271.991 87075.73031406786 4066
610 23.3 98237.28426609444 25924.080070690576 201313.528 32271.991 87948.77636577489 4336
620 28.8 93728.71748958335 22051.253956617355 201313.528 32271.991 88473.44748435105 4569
630 30.2 95727.16709271522 25536.771117444376 221687.574 32271.991 88785.06324747787 4857
640 37.7 93000.98451193632 21733.563894866198 221687.574 32271.991 89191.44342992829 5159
650 40.3 89696.02086352365 18973.033492431387 221687.574 32271.991 89450.8720765896 5536
660 36.3 87544.54226721749 19513.165148498647 221687.574 32271.991 89467.50702542518 5939
670 36.7 85681.0560926431 17489.37548064553 221687.574 32271.991 89356.74279070136 6302
680 42.7 80785.98508899305 15290.648894341537 221687.574 32271.991 89154.46703448793 6669
690 35.5 82095.94845352108 18072.765694039335 221687.574 32271.991 88650.89575620068 7096
700 28.2 79522.93728368793 13859.541524492344 221687.574 32271.991 88338.58783881358 7451
710 22.6 80879.54519469023 15459.186430672065 221687.574 32271.991 88017.10672455709 7733
720 18.7 82093.58208556147 15181.92213472594 221687.574 32271.991 87814.43190287724 7959
730 21.7 77945.60882949302 12427.327365012115 221687.574 32271.991 87683.10377670023 8146
740 22.3 79936.91334977577 13975.126555654859 221687.574 32271.991 87430.4388952529 8363
750 29.3 79787.2597576791 11626.646728298325 221687.574 32271.991 87235.81320265548 8586
760 36 81805.29264722216 13729.566220580278 221687.574 32271.991 86990.01681124 8879
770 37.4 82194.01427005357 11824.314654785425 221687.574 32271.991 86787.99270700291 9239
780 40.2 80980.60343283585 10095.56105902213 221687.574 32271.991 86609.26099625506 9613
790 37.6 85624.9296675533 9884.253236016257 221687.574 32271.991 86383.32786190714 10015
800 17.8 93861.10680337071 12346.93777109477 221687.574 32271.991 86355.88510172264 10391
810 4.5 110425.08566666664 15545.142097405642 221687.574 32271.991 86482.28584568077 10569
820 0.8 114607.34475 14915.736190987926 221687.574 32271.991 86583.7957375165 10614
828 0.2 123283.1465 12490.242499999997 221687.574 32271.991 86604.90178083224 10622
