0 3.290625 3.290625
10 19.79921875 23.08984375
20 62.26796875 85.3578125
30 158.4703125 243.828125
40 233.5546875 477.3828125
50 260.29609375 737.67890625
60 200.765625 938.44453125
70 138.3078125 1076.75234375
80 129.93671875 1206.6890625
90 145.06171875 1351.75078125
100 198.30390625 1550.0546875
110 254.990625 1805.0453125
120 325.5296875 2130.575
130 345.77265625 2476.34765625
140 342.4171875 2818.76484375
150 313.4015625 3132.16640625
160 336.53359375 3468.7
170 361.81796875 3830.51796875
180 355.9046875 4186.42265625
190 378.76875 4565.19140625
200 449.65 5014.84140625
210 582.7890625 5597.63046875
220 676.43828125 6274.06875
230 795.12421875 7069.19296875
240 766.825 7836.01796875
250 774.57578125 8610.59375
260 803.815625 9414.409375
270 896.11484375 10310.52421875
280 999.34140625 11309.865625
290 1080.51875 12390.384375
300 1085.1203125 13475.5046875
310 1154.0265625 14629.53125
320 1372.9421875 16002.4734375
330 1621.60234375 17624.07578125
340 1864.4796875 19488.55546875
350 1908.18671875 21396.7421875
360 1913.78984375 23310.53203125
370 1820.178125 25130.71015625
380 1803.89765625 26934.6078125
390 1763.49140625 28698.09921875
400 1638.26015625 30336.359375
410 1615.80859375 31952.16796875
420 1591.525 33543.69296875
430 1559.83984375 35103.5328125
440 1517.74609375 36621.27890625
450 1630.434375 38251.71328125
460 1508.890625 39760.60390625
470 1806.1015625 41566.70546875
480 2130.98515625 43697.690625
490 2638.38125 46336.071875
500 3044.77421875 49380.84609375
510 3387.6375 52768.48359375
520 3657.43046875 56425.9140625
530 3677.4609375 60103.375
540 3504.06484375 63607.43984375
550 3618.1734375 67225.61328125
560 3477.1640625 70702.77734375
570 3305.08046875 74007.8578125
580 3217.77109375 77225.62890625
590 3281.65625 80507.28515625
600 3484.378125 83991.66328125
610 3541.209375 87532.87265625
620 3692.5484375 91225.42109375
630 3849.671875 95075.09296875
640 3791.1015625 98866.19453125
650 3793.5890625 102659.78359375
660 3670.72421875 106330.5078125
670 3701.22890625 110031.73671875
680 3685.57421875 113717.3109375
690 3293.2953125 117010.60625
700 3159.44453125 120170.05078125
710 3126.325 123296.37578125
720 3356.54375 126652.91953125
730 3479.98828125 130132.9078125
740 3955.134375 134088.0421875
750 3511.8609375 137599.903125
760 3203.925 140803.828125
770 1936.74140625 142740.56953125
780 1168.2546875 143908.82421875
790 741.17265625 144649.996875
800 282.790625 144932.7875
810 58.89453125 144991.68203125
820 12.46640625 145004.1484375
828 1.9921875 145006.140625
