0 131.2515625 131.2515625
10 304.34140625 435.59296875
20 760.38515625 1195.978125
30 1617.346875 2813.325
40 2228.934375 5042.259375
50 2267.96953125 7310.22890625
60 1881.10859375 9191.3375
70 1193.4515625 10384.7890625
80 1269.278125 11654.0671875
90 1451.5625 13105.6296875
100 2027.53515625 15133.16484375
110 2285.659375 17418.82421875
120 3082.7671875 20501.59140625
130 3244.3375 23745.92890625
140 3105.62890625 26851.5578125
150 2825.0234375 29676.58125
160 3116.64765625 32793.22890625
170 3259.46171875 36052.690625
180 3361.2015625 39413.8921875
190 3778.27890625 43192.17109375
200 4294.95234375 47487.1234375
210 5510.7328125 52997.85625
220 6347.06015625 59344.91640625
230 7137.84765625 66482.7640625
240 7199.978125 73682.7421875
250 6983.98984375 80666.73203125
260 7604.36015625 88271.0921875
270 8480.90859375 96752.00078125
280 9055.62421875 105807.625
290 10039.17734375 115846.80234375
300 9922.0171875 125768.81953125
310 11400.36015625 137169.1796875
320 12993.4984375 150162.678125
330 15411.12890625 165573.80703125
340 16592.1890625 182165.99609375
350 17358.5390625 199524.53515625
360 17593.690625 217118.22578125
370 17053.78046875 234172.00625
380 16565.54296875 250737.54921875
390 16264.24453125 267001.79375
400 15034.40078125 282036.19453125
410 14716.34765625 296752.5421875
420 15154.63359375 311907.17578125
430 14330.16328125 326237.3390625
440 14397.96796875 340635.30703125
450 13847.175 354482.48203125
460 12518.27421875 367000.75625
470 13500.9828125 380501.7390625
480 13736.8328125 394238.571875
490 14454.95546875 408693.52734375
500 14244.08046875 422937.6078125
510 14054.2546875 436991.8625
520 15441.2359375 452433.0984375
530 14465.9828125 466899.08125
540 14356.10546875 481255.18671875
550 15896.246875 497151.43359375
560 15876.44375 513027.87734375
570 15143.3828125 528171.26015625
580 5537.303125 533708.56328125
590 6393.9296875 540102.49296875
600 7739.51953125 547842.0125
610 9851.22265625 557693.23515625
620 10182.59609375 567875.83125
630 12284.48984375 580160.32109375
640 11868.53046875 592028.8515625
650 15169.84453125 607198.69609375
660 15133.64140625 622332.3375
670 17117.84140625 639450.17890625
680 13139.90859375 652590.0875
690 14026.0171875 666616.1046875
700 16893.96171875 683510.06640625
710 15744.58359375 699254.65
720 15186.921875 714441.571875
730 14149.10078125 728590.67265625
740 19246.8109375 747837.48359375
750 19773.99296875 767611.4765625
760 15098.046875 782709.5234375
770 8657.01484375 791366.53828125
780 5293.3859375 796659.92421875
790 3113.771875 799773.69609375
800 979.0640625 800752.76015625
810 206.55546875 800959.315625
820 50.89140625 801010.20703125
828 6.0171875 801016.22421875
