0 11 11
10 25 25
20 41 41
30 56 56
40 57 60
50 49 60
60 44 60
70 39 60
80 45 60
90 64 64
100 77 77
110 76 83
120 91 91
130 96 100
140 99 100
150 91 100
160 95 100
170 99 104
180 109 111
190 141 141
200 157 159
210 185 186
220 201 201
230 204 208
240 218 219
250 224 234
260 246 246
270 274 275
280 281 287
290 291 294
300 329 330
310 386 387
320 436 436
330 502 502
340 537 540
350 522 562
360 548 562
370 600 601
380 679 680
390 743 743
400 838 838
410 980 980
420 1110 1111
430 1293 1294
440 1442 1442
450 1601 1601
460 1760 1760
470 1911 1911
480 2124 2124
490 2286 2287
500 2424 2424
510 2537 2537
520 2584 2584
530 2564 2587
540 2571 2598
550 2578 2598
560 2548 2598
570 2535 2598
580 2617 2617
590 2698 2701
600 2763 2767
610 2837 2837
620 2863 2885
630 2794 2885
640 2626 2885
650 2417 2885
660 2308 2885
670 2257 2885
680 2221 2885
690 2273 2885
700 2410 2885
710 2569 2885
720 2478 2885
730 2261 2885
740 2038 2885
750 1745 2885
760 1385 2885
770 1011 2885
780 609 2885
790 233 2885
800 55 2885
810 10 2885
820 2 2885
828 0 2885
