0 1.1 11
10 1.4 25
20 1.6 41
30 1.5 56
40 0.4 60
50 0 60
60 1.4 74
70 1 84
80 1.6 100
90 2.2 122
100 2.1 143
110 0.7 150
120 2.2 172
130 2.1 193
140 1.9 212
150 1.9 231
160 1.6 247
170 2.3 270
180 2.8 298
190 5.1 349
200 3.8 387
210 4.4 431
220 3.9 470
230 3.6 506
240 6.1 567
250 4.5 612
260 6.6 678
270 6.5 743
280 5.3 796
290 6 856
300 9.5 951
310 10.7 1058
320 11.1 1169
330 12.4 1293
340 10.7 1400
350 6.5 1465
360 12.7 1592
370 14.5 1737
380 17.4 1911
390 14.8 2059
400 16.5 2224
410 17.3 2397
420 16.8 2565
430 22.1 2786
440 17.7 2963
450 19.3 3156
460 18.6 3342
470 19.7 3539
480 25.8 3797
490 23.2 4029
500 23.8 4267
510 24.3 4510
520 22.8 4738
530 21.5 4953
540 28.4 5237
550 29.7 5534
560 30.9 5843
570 29.7 6140
580 30.7 6447
590 31.7 6764
600 33.5 7099
610 30.7 7406
620 31.4 7720
630 23.3 7953
640 20.9 8162
650 19.4 8356
660 25.4 8610
670 31.6 8926
680 39.1 9317
690 40.7 9724
700 41.9 10143
710 38.5 10528
720 9.6 10624
730 0 10624
740 0 10624
750 0 10624
760 0 10624
770 0 10624
780 0 10624
790 0 10624
800 0 10624
810 0 10624
820 0 10624
828 0 10624
