0 1.6 16
10 2.9 45
20 5.8 103
30 10.1 204
40 12.1 325
50 14.8 473
60 14.4 617
70 16.4 781
80 14 921
90 17.5 1096
100 20.6 1302
110 22.1 1523
120 23 1753
130 24.8 2001
140 24.5 2246
150 27.8 2524
160 30.8 2832
170 29.5 3127
180 31.8 3445
190 30.5 3750
200 35.3 4103
210 37.8 4481
220 48.2 4963
230 48.3 5446
240 51.4 5960
250 56.9 6529
260 66.4 7193
270 73.2 7925
280 80.6 8731
290 83.8 9569
300 85.8 10427
310 91.2 11339
320 97.3 12312
330 92.4 13236
340 82 14056
350 80.7 14863
360 84 15703
370 86.3 16566
380 88.8 17454
390 93.6 18390
400 94.2 19332
410 90.4 20236
420 91.1 21147
430 91.1 22058
440 102.9 23087
450 98.7 24074
460 100.7 25081
470 104.8 26129
480 116.8 27297
490 113.6 28433
500 115.6 29589
510 125.9 30848
520 125.1 32099
530 127 33369
540 131.3 34682
550 137.6 36058
560 146.9 37527
570 150.7 39034
580 158.3 40617
590 153.3 42150
600 158 43730
610 170.2 45432
620 148 46912
630 162.7 48539
640 162.8 50167
650 162.6 51793
660 162 53413
670 158.3 54996
680 162.4 56620
690 175 58370
700 162.5 59995
710 177.8 61773
720 134.4 63117
730 117.4 64291
740 110.9 65400
750 100.9 66409
760 63.9 67048
770 41.8 67466
780 47.2 67938
790 48.9 68427
800 56.8 68995
810 62.2 69617
820 11.5 69732
830 0.4 69736
832 0 69736
