10 1.4 14
20 6.2 76
30 10.7 183
40 13.2 315
50 17.6 491
60 16.9 660
70 17.2 832
80 15.7 989
90 18 1169
100 23.5 1404
110 26.8 1672
120 25.5 1927
130 25.5 2182
140 26.6 2448
150 31.9 2767
160 34.8 3115
170 37.1 3486
180 35.6 3842
190 30.1 4143
200 35.5 4498
210 45.9 4957
220 53.3 5490
230 53.5 6025
240 58.7 6612
250 60.8 7220
260 68.5 7905
270 84.3 8748
280 93.6 9684
290 94 10624
300 93.9 11563
310 96.5 12528
320 99.8 13526
330 101.2 14538
340 86.2 15400
350 76.1 16161
360 64.8 16809
370 61.2 17421
380 60.5 18026
390 65 18676
400 61.8 19294
410 64.6 19940
420 59.5 20535
430 59.3 21128
440 61 21738
450 63.1 22369
460 55.4 22923
470 51.6 23439
480 64.4 24083
490 53.6 24619
500 58.6 25205
510 56.4 25769
520 58.8 26357
530 60 26957
540 61.9 27576
550 53.7 28113
560 59 28703
570 61 29313
580 63.9 29952
590 58.5 30537
600 54.1 31078
610 60.5 31683
620 54.2 32225
630 56.2 32787
640 52.8 33315
650 57.8 33893
660 57.6 34469
670 50.7 34976
680 54.6 35522
690 52.8 36050
700 53.2 36582
710 52 37102
720 56.1 37663
730 55.7 38220
740 47.3 38693
750 48.7 39180
760 43.4 39614
770 42.4 40038
780 45.5 40493
790 45.7 40950
800 52.3 41473
810 52.2 41995
820 15.1 42146
830 1 42156
832 0 42156
