290 0.1 1
300 1.4 15
310 2.5 40
320 8.3 123
330 18.1 304
340 43.3 737
350 56.9 1306
360 73.4 2040
370 79.7 2837
380 89.1 3728
390 97 4698
400 101.5 5713
410 109.8 6811
420 114.6 7957
430 131.8 9275
440 126.1 10536
450 147.3 12009
460 177.4 13783
470 191.4 15697
480 211.5 17812
490 221.1 20023
500 231 22333
510 242.1 24754
520 236.5 27119
530 272.4 29843
540 280.7 32650
550 282.2 35472
560 285.7 38329
570 313.9 41468
580 350.9 44977
590 366.9 48646
600 352.1 52167
610 378.2 55949
620 379.5 59744
630 405.5 63799
640 398.8 67787
650 393.3 71720
660 382.4 75544
670 396.4 79508
680 388.4 83392
690 406.9 87461
700 400.9 91470
710 431.3 95783
720 404.7 99830
730 428.1 104111
740 442.2 108533
750 380.2 112335
760 262.4 114959
770 162 116579
780 91.3 117492
790 52.2 118014
800 33.7 118351
810 14.9 118500
820 0 118500
830 0 118500
832 0 118500
