290 0.1 1
300 0.6 7
310 1 17
320 3.8 55
330 7.9 134
340 18.3 317
350 24.7 564
360 29 854
370 31.7 1171
380 35.2 1523
390 39.3 1916
400 39.7 2313
410 45.1 2764
420 46.6 3230
430 50.8 3738
440 50 4238
450 58.9 4827
460 70.9 5536
470 72 6256
480 84.8 7104
490 87.9 7983
500 93.2 8915
510 98 9895
520 92.7 10822
530 112.1 11943
540 118.2 13125
550 111 14235
560 113.4 15369
570 127.3 16642
580 139.7 18039
590 144.7 19486
600 140.2 20888
610 150.7 22395
620 146.3 23858
630 164.4 25502
640 162 27122
650 160.6 28728
660 150.8 30236
670 159.8 31834
680 160.8 33442
690 165.3 35095
700 154 36635
710 173 38365
720 158.1 39946
730 180.5 41751
740 183.7 43588
750 164.4 45232
760 123 46462
770 89.6 47358
780 55.3 47911
790 28.7 48198
800 19.9 48397
810 8.2 48479
820 0 48479
830 0 48479
832 0 48479
