290 0.3 3
300 0.9 12
310 2 32
320 5.5 87
330 13.8 225
340 26.4 489
350 31.8 807
360 38.3 1190
370 38.2 1572
380 37.1 1943
390 36 2303
400 38.8 2691
410 43.1 3122
420 43.9 3561
430 49.3 4054
440 51.5 4569
450 57.6 5145
460 74.5 5890
470 73.3 6623
480 70.7 7330
490 80.4 8134
500 87.7 9011
510 87.6 9887
520 91.7 10804
530 102.2 11826
540 105.2 12878
550 102.5 13903
560 106.2 14965
570 114.8 16113
580 118.8 17301
590 121.8 18519
600 118.5 19704
610 134.4 21048
620 125.4 22302
630 138 23682
640 137.1 25053
650 132.4 26377
660 128.8 27665
670 141.2 29077
680 136.5 30442
690 135.2 31794
700 125.4 33048
710 141.8 34466
720 135.8 35824
730 144.5 37269
740 144.2 38711
750 136.2 40073
760 127.8 41351
770 106.9 42420
780 68.1 43101
790 41.9 43520
800 36.3 43883
810 10.2 43985
820 0 43985
830 0 43985
832 0 43985
