0 1.2 4.282416666666667 7.082394198037052 26.117 1.203 0 0
10 1 1.4223999999999999 0.2493416130532567 26.117 1.087 4.282416666666667 12
20 0.8 1.2946250000000001 0.27440888173490313 26.117 1.008 2.9824090909090915 22
30 1.5 1.3044666666666669 0.2805874472522881 26.117 0.92 2.5323333333333338 30
40 0.8 1.478 0.4589468923524812 26.117 0.92 2.123044444444445 45
50 0.7 1.4245714285714286 0.32428023909789483 26.117 0.92 2.025679245283019 53
60 1.1 6.4137272727272725 11.273784974572317 39.608 0.92 1.95555 60
70 1.9 1.9865263157894737 1.7212493127597466 39.608 0.897 2.6462535211267606 71
80 1.4 1.5482142857142858 0.9788121210770466 39.608 0.897 2.5069777777777777 90
90 1.9 1.4925263157894735 0.8015833258338447 39.608 0.897 2.3779134615384616 104
100 1.8 1.3443888888888889 0.2465146240622313 39.608 0.897 2.2411463414634145 123
110 0.9 1.6356666666666664 1.163570367446679 39.608 0.897 2.126666666666667 141
120 2.3 1.7445652173913047 1.539323561943813 39.608 0.897 2.0972066666666667 150
130 3.1 1.8908387096774193 2.146646703759057 39.608 0.87 2.0503236994219654 173
140 1.9 1.413736842105263 0.8500726806143517 39.608 0.87 2.0260882352941176 204
150 2.4 1.4458333333333335 1.388258851543504 39.608 0.87 1.973914798206278 223
160 2.3 1.2556086956521744 0.2530907620547007 39.608 0.87 1.9226032388663967 247
170 0.1 1.608 0.0 39.608 0.87 1.8657851851851852 270
180 4.2 2.35247619047619 3.909465103091501 39.608 0.787 1.8648339483394833 271
190 3.4 1.8886470588235298 1.6485420989174389 39.608 0.787 1.9302683706070287 313
200 3.5 1.8997714285714282 1.9003879917489674 39.608 0.787 1.9261902017291068 347
210 3.3 1.5855454545454548 0.922306761921108 39.608 0.787 1.9237696335078533 382
220 4.8 1.5603333333333336 1.2364724577963269 39.608 0.787 1.8968746987951806 415
230 3.2 1.3779375000000007 0.648088098636096 39.608 0.787 1.861984881209503 463
240 5.2 1.3712307692307695 1.4165659670672788 39.608 0.697 1.8306929292929293 495
250 6.7 1.3127164179104482 0.7120576617178198 39.608 0.68 1.787014625228519 547
260 6.3 1.4409365079365082 0.8742286917578073 39.608 0.68 1.7352589576547233 614
270 6.6 1.6788939393939397 1.1214961074627847 39.608 0.68 1.7078700147710488 677
280 6.3 1.588380952380953 0.9809792229337296 39.608 0.68 1.7052960969044415 743
290 5.4 1.5140185185185187 0.8138372639844266 39.608 0.68 1.6961575682382135 806
300 10 1.5738499999999993 2.434509003372138 39.608 0.652 1.6847209302325583 860
310 12.2 1.3045573770491812 0.800842466746076 39.608 0.652 1.6731718750000002 960
320 19.1 1.280989528795812 0.40649640802015186 39.608 0.652 1.6316090573012942 1082
330 24.2 1.6754958677685954 2.615548322406304 39.608 0.544 1.5790023566378637 1273
340 50.1 1.6184331337325353 1.7182591472260256 39.608 0.498 1.5944158415841587 1515
350 64.8 1.5472206790123424 1.9713916112591003 39.608 0.477 1.6003844246031749 2016
360 84 1.7450511904761903 2.487118065629281 39.608 0.428 1.5874527027027021 2664
370 96.3 1.94186085150571 2.4812632965039114 39.608 0.428 1.625233162100456 3504
380 102.7 3.1021587147030187 4.455643455972139 44.902 0.428 1.6934920528318775 4467
390 112.7 2.7878154392191647 3.0981604121345896 44.902 0.428 1.9568157990535124 5494
400 117.3 1.7026078431372558 1.8981996584658036 44.902 0.428 2.0982652167346316 6621
410 122.9 1.981989422294551 2.3018446140492217 44.902 0.428 2.038718629715165 7794
420 130.3 2.906570990023019 3.7987785746722156 44.902 0.428 2.030991687908678 9023
430 150.1 3.1126175882744835 5.236811135645127 69.861 0.412 2.14147782297114 10326
440 144.2 3.6044729542302294 5.624684127327411 69.861 0.412 2.264728079817367 11827
450 161.9 5.9134966028412475 10.107394924500046 74.545 0.412 2.410323988243273 13269
460 188.3 4.292099309612315 5.734797037128 74.545 0.412 2.7912775389575475 14888
470 212.4 3.7867274011299363 4.357141390475387 74.545 0.412 2.959785522628344 16771
480 235.8 5.558197625106027 5.522385453926734 74.545 0.412 3.0527426303254797 18895
490 243.1 5.243403537638843 5.025135385252729 74.545 0.412 3.3307204629934577 21253
500 245.3 3.7147138198124727 4.105659180422729 74.545 0.412 3.527044249282215 23684
510 260.9 3.72801571483327 4.220147462466895 74.545 0.387 3.5446573439951017 26137
520 266.9 3.7029306856500614 4.174801245515372 74.545 0.387 3.5612990329089254 28746
530 287.9 3.850068426536982 4.130885434493941 74.545 0.382 3.5733319751710964 31415
540 307.4 4.3310940143136145 4.538314701351902 74.545 0.382 3.5965641511634674 34294
550 316 4.717400632911374 4.76530722576719 74.545 0.382 3.656988706915007 37368
560 317.8 5.1943621774701105 5.205573786757928 74.545 0.382 3.739669857876035 40528
570 336.7 6.239189486189499 5.850482209788619 74.545 0.382 3.845445087630988 43706
580 375 7.467901066666673 6.881850318246217 74.545 0.382 4.016662927793003 47073
590 397.6 8.030813883299807 6.748686895832121 74.545 0.382 4.271314227810244 50823
600 383.1 11.27095875750457 9.4825663043497 74.545 0.382 4.544088742495302 54799
610 414.6 11.122924746743864 11.053483902296206 83.146 0.382 4.9836357155040085 58630
620 409.6 12.892086669921875 11.369006604639052 83.146 0.382 5.38910105772907 62776
630 434.5 14.01739700805521 11.947638398172149 83.146 0.382 5.848669024404835 66872
640 421.8 14.469987197724057 12.293412305525015 83.146 0.382 6.3470489489869 71217
650 428.3 12.904942563623628 11.926300765554728 83.146 0.382 6.80124863790018 75435
660 422 16.278950236966814 13.138731005142214 83.146 0.382 7.129181113424823 79718
670 420.6 18.181725392296727 21.78485666109856 113.139 0.382 7.589187614667969 83938
680 421.7 15.834912971306625 15.518338010091853 113.139 0.382 8.094635675712471 88144
690 437.6 15.541184872029215 14.684395763919792 113.139 0.382 8.448039702904905 92361
700 435.1 16.474991266375508 14.061343227937396 113.139 0.382 8.768905589381518 96737
710 454.1 16.344386698964975 12.834145513635669 113.139 0.382 9.1005886653213 101088
720 424.6 12.528664390014148 10.18018195680967 113.139 0.382 9.412000179874841 105629
730 419.7 12.303622587562538 10.281513010340037 113.139 0.382 9.53244028213879 109875
740 445.8 9.497996186630756 8.36574347668285 113.139 0.382 9.634399151413138 114072
750 395.4 6.577756954982293 6.2177947249923875 113.139 0.382 9.629268936134306 118530
760 286.8 3.987863668061373 4.315241483458702 113.139 0.382 9.530760736096136 122484
770 179.9 2.45224180100056 3.3754694502992577 113.139 0.382 9.40394162837449 125352
780 98.7 2.0381702127659542 2.6560674908807833 113.139 0.382 9.305585280493267 127151
790 58.3 1.446193825042882 1.3333076611222008 113.139 0.382 9.249607048650667 128138
800 36.4 1.7884560439560453 3.662972680482067 113.139 0.382 9.214264020633767 128721
810 20.1 1.2916666666666672 0.7835681896263793 113.139 0.382 9.193324375411544 129085
820 0 0 0 113.139 0.382 9.181039725879051 129286
830 0 0 0 113.139 0.382 9.181039725879051 129286
832 0 0 0 113.139 0.382 9.181039725879051 129286
