0 12 12
10 22 10
20 30 8
30 45 15
40 50 5
50 47 -3
60 50 3
70 55 5
80 58 3
90 71 13
100 76 5
110 72 -4
120 86 14
130 91 5
140 96 5
150 108 12
160 111 3
170 89 -22
180 109 20
190 124 15
200 133 9
210 151 18
220 185 34
230 177 -8
240 195 18
250 233 38
260 256 23
270 281 25
280 305 24
290 300 -5
300 329 29
310 367 38
320 415 48
330 412 -3
340 421 9
350 427 6
360 447 20
370 524 77
380 585 61
390 670 85
400 756 86
410 796 40
420 878 82
430 978 100
440 1063 85
450 1118 55
460 1115 -3
470 1220 105
480 1310 90
490 1387 77
500 1377 -10
510 1405 28
520 1529 124
530 1488 -41
540 1526 38
550 1667 141
560 1773 106
570 1797 24
580 1815 18
590 1899 84
600 1983 84
610 2080 97
620 2134 54
630 2164 30
640 2106 -58
650 2185 79
660 2299 114
670 2262 -37
680 2286 24
690 2298 12
700 2365 67
710 2294 -71
720 2200 -94
730 1782 -418
740 1451 -331
750 1244 -207
760 1117 -127
770 889 -228
780 658 -231
790 515 -143
800 309 -206
810 111 -198
820 9 -102
830 0 -9
832 0 0
