0 0.1 2.0099062998604325 0 2.0099062998604325 2.0099062998604325 0 0
10 0.1 0.5005005005005005 0.0 2.0099062998604325 0.5005005005005005 2.0099062998604325 1
20 0.1 0.7000000000000001 0.0 2.0099062998604325 0.5005005005005005 1.2552034001804664 2
30 0.1 0.9045226130653266 0.0 2.0099062998604325 0.5005005005005005 1.070135600120311 3
40 0.1 1.2084592145015105 0.0 2.0099062998604325 0.5005005005005005 1.0287323533565649 4
50 0.1 1.4084507042253522 0.0 2.0099062998604325 0.5005005005005005 1.064677725585554 5
60 0.1 1.9211324570273005 0.0 2.0099062998604325 0.5005005005005005 1.1219732220255203 6
70 0.1 1.513622603430878 0.0 2.0099062998604325 0.5005005005005005 1.2361388270257747 7
80 0.1 1.812688821752266 0.0 2.0099062998604325 0.5005005005005005 1.2708242990764127 8
90 0.1 1.5151515151515151 0.0 2.0099062998604325 0.5005005005005005 1.3310314682626185 9
100 0.1 1.7171717171717171 0.0 2.0099062998604325 0.5005005005005005 1.3494434729515083 10
110 0.1 2.4242424242424243 0.0 2.4242424242424243 0.5005005005005005 1.3828733133351638 11
120 0.1 3.1936127744510974 0.0 3.1936127744510974 0.5005005005005005 1.4696540725774356 12
130 0.1 3.121852970795569 0.0 3.1936127744510974 0.5005005005005005 1.602266280413871 13
140 0.1 2.332657200811359 0.0 3.1936127744510974 0.5005005005005005 1.7108081868697067 14
150 0.1 3.015075376884422 0.0 3.1936127744510974 0.5005005005005005 1.75226478779915 15
160 0.1 3.4412955465587043 0.0 3.4412955465587043 0.5005005005005005 1.8311904496169795 16
170 0.1 3.726082578046324 0.0 3.726082578046324 0.5005005005005005 1.9259025141429635 17
180 0.1 3.741152679474216 0.0 3.741152679474216 0.5005005005005005 2.02591251769315 18
190 0.1 4.040404040404041 0.0 4.040404040404041 0.5005005005005005 2.1161883156816272 19
200 0.1 3.8306451612903225 0.0 4.040404040404041 0.5005005005005005 2.212399101917748 20
210 0.1 4.448938321536906 0.0 4.448938321536906 0.5005005005005005 2.2894584380783467 21
220 0.1 5.348133198789102 0.0 5.348133198789102 0.5005005005005005 2.3876166145991906 22
230 0.1 6.066734074823053 0.0 6.066734074823053 0.5005005005005005 2.516334726955274 23
240 0.1 5.92964824120603 0.0 6.066734074823053 0.5005005005005005 2.6642680331164312 24
250 0.1 6.639839034205232 0.0 6.639839034205232 0.5005005005005005 2.794883241440015 25
260 0.1 6.565656565656567 0.0 6.639839034205232 0.5005005005005005 2.94276615654637 26
270 0.1 7.621951219512195 0.0 7.621951219512195 0.5005005005005005 3.0769472828097104 27
280 0.1 10.631895687061183 0.0 10.631895687061183 0.5005005005005005 3.2392688519776565 28
290 0.1 10.222672064777328 0.0 10.631895687061183 0.5005005005005005 3.494187018704675 29
300 0.1 10.631895687061183 0.0 10.631895687061183 0.5005005005005005 3.7184698535737635 30
310 0.1 11.020408163265307 0.0 11.020408163265307 0.5005005005005005 3.941483590137874 31
320 0.1 13.279678068410464 0.0 13.279678068410464 0.5005005005005005 4.162699983048106 32
330 0.1 18.272095332671302 0.0 18.272095332671302 0.5005005005005005 4.438972046240905 33
340 0.1 22.590361445783135 0.0 22.590361445783135 0.5005005005005005 4.845828613488858 34
350 0.1 27.64067127344521 0.0 27.64067127344521 0.5005005005005005 5.352815265840124 35
360 0.1 30.18322082931533 0.0 30.18322082931533 0.5005005005005005 5.971922377162487 36
370 0.1 32.34126984126984 0.0 32.34126984126984 0.5005005005005005 6.626281794788239 37
380 0.1 33.690360272638756 0.0 33.690360272638756 0.5005005005005005 7.302992006537756 38
390 0.1 36.88286544046467 0.0 36.88286544046467 0.5005005005005005 7.979591192848038 39
400 0.1 37.0048309178744 0.0 37.0048309178744 0.5005005005005005 8.702173049038453 40
410 0.1 37.43984600577478 0.0 37.43984600577478 0.5005005005005005 9.392481777546648 41
420 0.1 37.3904576436222 0.0 37.43984600577478 0.5005005005005005 10.06027616393303 42
430 0.1 40.70107108081792 0.0 40.70107108081792 0.5005005005005005 10.695861779739756 43
440 0.1 40.50144648023144 0.0 40.70107108081792 0.5005005005005005 11.37779835476426 44
450 0.1 39.92395437262358 0.0 40.70107108081792 0.5005005005005005 12.024990535330199 45
460 0.1 43.574879227053145 0.0 43.574879227053145 0.5005005005005005 12.631489749184402 46
470 0.1 44.81765834932821 0.0 44.81765834932821 0.5005005005005005 13.289859738075227 47
480 0.1 43.673851921274604 0.0 44.81765834932821 0.5005005005005005 13.946688875809665 48
490 0.1 44.486333647502356 0.0 44.81765834932821 0.5005005005005005 14.553365672655888 49
500 0.1 45.366795366795365 0.0 45.366795366795365 0.5005005005005005 15.152025032152817 50
510 0.1 45.53314121037464 0.0 45.53314121037464 0.5005005005005005 15.74447150930267 51
520 0.1 45.30493707647628 0.0 45.53314121037464 0.5005005005005005 16.317330542015593 52
530 0.1 45.61068702290076 0.0 45.61068702290076 0.5005005005005005 16.86426651436391 53
540 0.1 46.02713178294574 0.0 46.02713178294574 0.5005005005005005 17.39660763489237 54
550 0.1 46.131528046421664 0.0 46.131528046421664 0.5005005005005005 17.91716261940243 55
560 0.1 46.20557156580211 0.0 46.20557156580211 0.5005005005005005 18.420990573456347 56
570 0.1 47.368421052631575 0.0 47.368421052631575 0.5005005005005005 18.908439362795747 57
580 0.1 47.80058651026393 0.0 47.80058651026393 0.5005005005005005 19.399128702275675 58
590 0.1 48.383937316356516 0.0 48.383937316356516 0.5005005005005005 19.880509343089035 59
600 0.1 48.4375 0.0 48.4375 0.5005005005005005 20.355566475976826 60
610 0.1 48.86699507389163 0.0 48.86699507389163 0.5005005005005005 20.81592604194442 61
620 0.1 49.2639842983317 0.0 49.2639842983317 0.5005005005005005 21.26836263923389 62
630 0.1 49.27113702623907 0.0 49.27113702623907 0.5005005005005005 21.712737586203694 63
640 0.1 48.96551724137931 0.0 49.27113702623907 0.5005005005005005 22.143337577454247 64
650 0.1 49.35064935064935 0.0 49.35064935064935 0.5005005005005005 22.555986495360788 65
660 0.1 49.30555555555556 0.0 49.35064935064935 0.5005005005005005 22.96196623559243 66
670 0.1 49.10891089108911 0.0 49.35064935064935 0.5005005005005005 23.355154135890388 67
680 0.1 49.50592885375494 0.0 49.50592885375494 0.5005005005005005 23.733885852878608 68
690 0.1 49.25816023738873 0.0 49.50592885375494 0.5005005005005005 24.107393722456525 69
700 0.1 49.157581764122895 0.0 49.50592885375494 0.5005005005005005 24.466690386955555 70
710 0.1 49.306930693069305 0.0 49.50592885375494 0.5005005005005005 24.814449420436784 71
720 0.1 49.209486166007906 0.0 49.50592885375494 0.5005005005005005 25.15462277144557 72
730 0.1 49.40828402366864 0.0 49.50592885375494 0.5005005005005005 25.48414144808341 73
740 0.1 49.306930693069305 0.0 49.50592885375494 0.5005005005005005 25.807440672077803 74
750 0.1 49.40711462450593 0.0 49.50592885375494 0.5005005005005005 26.12076720569102 75
760 0.1 49.25074925074925 0.0 49.50592885375494 0.5005005005005005 26.427166513833324 76
770 0.1 46.79611650485437 0.0 49.50592885375494 0.5005005005005005 26.723576679247817 77
780 0.1 37.632338787295474 0.0 49.50592885375494 0.5005005005005005 26.98091693342226 78
790 0.1 30.03875968992248 0.0 49.50592885375494 0.5005005005005005 27.115745058154832 79
800 0.1 23.832684824902724 0.0 49.50592885375494 0.5005005005005005 27.15228274105193 80
810 0.1 19.76630963972736 0.0 49.50592885375494 0.5005005005005005 27.1113000507291 81
820 0.1 6.593406593406594 0.0 49.50592885375494 0.5005005005005005 27.021726996936394 82
830 0.1 0.8032128514056224 0.0 49.50592885375494 0.5005005005005005 26.77560265472519 83
