0 0 0
10 0 0
20 0 0
30 0 0
40 0.4 4
50 1 14
60 0.7 21
70 1.4 35
80 1.1 46
90 0.6 52
100 1.3 65
110 1.3 78
120 0.8 86
130 2.7 113
140 1.3 126
150 1.4 140
160 1.8 158
170 2.3 181
180 2.2 203
190 1.9 222
200 2.6 248
210 1.5 263
220 1.4 277
230 4.3 320
240 3.1 351
250 2.9 380
260 4 420
270 4 460
280 4.1 501
290 5.8 559
300 5.6 615
310 5.9 674
320 5.8 732
330 6.3 795
340 5.9 854
350 7.3 927
360 8.5 1012
370 9 1102
380 7.6 1178
390 7 1248
400 7.3 1321
410 9 1411
420 7.8 1489
430 8.2 1571
440 9.6 1667
450 9.2 1759
460 11.3 1872
470 10.3 1975
480 15.2 2127
490 14 2267
500 16.1 2428
510 16.3 2591
520 17.2 2763
530 19.6 2959
540 23.1 3190
550 19.3 3383
560 21.5 3598
570 20.2 3800
580 22.1 4021
590 22.2 4243
600 23.2 4475
610 24.9 4724
620 26.5 4989
630 25.7 5246
640 28.7 5533
650 27 5803
660 28.4 6087
670 28.4 6371
680 30.3 6674
690 30.4 6978
700 27.3 7251
710 29.7 7548
720 29.2 7840
730 32.5 8165
740 36.2 8527
750 35.6 8883
760 39.4 9277
770 39.4 9671
780 30.2 9973
790 20.5 10178
800 22.7 10405
810 25.5 10660
820 9.5 10755
830 0.9 10764
832 0 10764
