0 0.1 3498.9140625 0 3498.9140625 3498.9140625 0 0
10 0.1 3501.82421875 0.0 3501.82421875 3498.9140625 3498.9140625 1
20 0.1 3499.16796875 0.0 3501.82421875 3498.9140625 3500.369140625 2
30 0.1 3494.6953125 0.0 3501.82421875 3494.6953125 3499.96875 3
40 0.1 3484.046875 0.0 3501.82421875 3484.046875 3498.650390625 4
50 0.1 3479.82421875 0.0 3501.82421875 3479.82421875 3495.7296875 5
60 0.1 3476.32421875 0.0 3501.82421875 3476.32421875 3493.0787760416665 6
70 0.1 3474.88671875 0.0 3501.82421875 3474.88671875 3490.6852678571427 7
80 0.1 3477.17578125 0.0 3501.82421875 3474.88671875 3488.71044921875 8
90 0.1 3476.6015625 0.0 3501.82421875 3474.88671875 3487.4288194444443 9
100 0.1 3468.98046875 0.0 3501.82421875 3468.98046875 3486.34609375 10
110 0.1 3464.9921875 0.0 3501.82421875 3464.9921875 3484.767400568182 11
120 0.1 3461.12890625 0.0 3501.82421875 3461.12890625 3483.1194661458335 12
130 0.1 3458.23046875 0.0 3501.82421875 3458.23046875 3481.4278846153848 13
140 0.1 3455.91015625 0.0 3501.82421875 3455.91015625 3479.770926339286 14
150 0.1 3458.9375 0.0 3501.82421875 3455.91015625 3478.180208333333 15
160 0.1 3459.203125 0.0 3501.82421875 3455.91015625 3476.9775390625 16
170 0.1 3453.390625 0.0 3501.82421875 3453.390625 3475.9319852941176 17
180 0.1 3448.796875 0.0 3501.82421875 3448.796875 3474.6796875 18
190 0.1 3450.25390625 0.0 3501.82421875 3448.796875 3473.3174342105262 19
200 0.1 3449.04296875 0.0 3501.82421875 3448.796875 3472.1642578125 20
210 0.1 3446.59375 0.0 3501.82421875 3446.59375 3471.0632440476193 21
220 0.1 3430.015625 0.0 3501.82421875 3430.015625 3469.950994318182 22
230 0.1 3425.0234375 0.0 3501.82421875 3425.0234375 3468.2146739130435 23
240 0.1 3420.78515625 0.0 3501.82421875 3420.78515625 3466.4150390625 24
250 0.1 3421.9296875 0.0 3501.82421875 3420.78515625 3464.58984375 25
260 0.1 3408.53515625 0.0 3501.82421875 3408.53515625 3462.9490685096152 26
270 0.1 3396.15625 0.0 3501.82421875 3396.15625 3460.933738425926 27
280 0.1 3387.109375 0.0 3501.82421875 3387.109375 3458.6202566964284 28
290 0.1 3369.1328125 0.0 3501.82421875 3369.1328125 3456.154364224138 29
300 0.1 3361.3203125 0.0 3501.82421875 3361.3203125 3453.2536458333334 30
310 0.1 3359.94921875 0.0 3501.82421875 3359.94921875 3450.288054435484 31
320 0.1 3357.2890625 0.0 3501.82421875 3357.2890625 3447.4649658203125 32
330 0.1 3341.35546875 0.0 3501.82421875 3341.35546875 3444.732362689394 33
340 0.1 3326.98828125 0.0 3501.82421875 3326.98828125 3441.6918658088234 34
350 0.1 3323.70703125 0.0 3501.82421875 3323.70703125 3438.414620535714 35
360 0.1 3327.13671875 0.0 3501.82421875 3323.70703125 3435.2282986111113 36
370 0.1 3312.8828125 0.0 3501.82421875 3312.8828125 3432.306904560811 37
380 0.1 3276.9375 0.0 3501.82421875 3276.9375 3429.1641652960525 38
390 0.1 3244.8125 0.0 3501.82421875 3244.8125 3425.2609174679487 39
400 0.1 3210.30859375 0.0 3501.82421875 3210.30859375 3420.74970703125 40
410 0.1 3172.57421875 0.0 3501.82421875 3172.57421875 3415.6169969512193 41
420 0.1 3132.75 0.0 3501.82421875 3132.75 3409.8302641369046 42
430 0.1 3107.16796875 0.0 3501.82421875 3107.16796875 3403.3865370639537 43
440 0.1 3065.00390625 0.0 3501.82421875 3065.00390625 3396.654296875 44
450 0.1 3026.64453125 0.0 3501.82421875 3026.64453125 3389.2842881944443 45
460 0.1 2997.1484375 0.0 3501.82421875 2997.1484375 3381.4008152173915 46
470 0.1 2993.390625 0.0 3501.82421875 2993.390625 3373.225232712766 47
480 0.1 2937.26953125 0.0 3501.82421875 2937.26953125 3365.31201171875 48
490 0.1 2919.078125 0.0 3501.82421875 2919.078125 3356.5764508928573 49
500 0.1 2914.03515625 0.0 3501.82421875 2914.03515625 3347.826484375 50
510 0.1 2908.5703125 0.0 3501.82421875 2908.5703125 3339.3207720588234 51
520 0.1 2880.17578125 0.0 3501.82421875 2880.17578125 3331.037109375 52
530 0.1 2838.26171875 0.0 3501.82421875 2838.26171875 3322.5302918632074 53
540 0.1 2838.59375 0.0 3501.82421875 2838.26171875 3313.562355324074 54
550 0.1 2826.72265625 0.0 3501.82421875 2826.72265625 3304.9265625 55
560 0.1 2814.2109375 0.0 3501.82421875 2814.2109375 3296.38720703125 56
570 0.1 2751.9921875 0.0 3501.82421875 2751.9921875 3287.927974232456 57
580 0.1 2713.94140625 0.0 3501.82421875 2713.94140625 3278.687702047414 58
590 0.1 2699.54296875 0.0 3501.82421875 2699.54296875 3269.1157309322034 59
600 0.1 2679.51953125 0.0 3501.82421875 2679.51953125 3259.6228515625 60
610 0.1 2646.203125 0.0 3501.82421875 2646.203125 3250.112961065574 61
620 0.1 2623.390625 0.0 3501.82421875 2623.390625 3240.3724798387098 62
630 0.1 2601.0234375 0.0 3501.82421875 2601.0234375 3230.579117063492 63
640 0.1 2601.06640625 0.0 3501.82421875 2601.0234375 3220.7423095703125 64
650 0.1 2601.8046875 0.0 3501.82421875 2601.0234375 3211.2088341346152 65
660 0.1 2598.90625 0.0 3501.82421875 2598.90625 3201.975437973485 66
670 0.1 2585.8515625 0.0 3501.82421875 2585.8515625 3192.9744053171644 67
680 0.1 2564.90625 0.0 3501.82421875 2564.90625 3184.0461282169117 68
690 0.1 2562.39453125 0.0 3501.82421875 2562.39453125 3175.073086503623 69
700 0.1 2550.8984375 0.0 3501.82421875 2550.8984375 3166.3205357142856 70
710 0.1 2521.84375 0.0 3501.82421875 2521.84375 3157.652618838028 71
720 0.1 2535.94921875 0.0 3501.82421875 2521.84375 3148.8219401041665 72
730 0.1 2579.08203125 0.0 3501.82421875 2521.84375 3140.426423373288 73
740 0.1 2621.625 0.0 3501.82421875 2521.84375 3132.840688344595 74
750 0.1 2649.3515625 0.0 3501.82421875 2521.84375 3126.024479166667 75
760 0.1 2702.12109375 0.0 3501.82421875 2521.84375 3119.7524671052633 76
770 0.1 2749.34375 0.0 3501.82421875 2521.84375 3114.328683035714 77
780 0.1 2783.87890625 0.0 3501.82421875 2521.84375 3109.649389022436 78
790 0.1 2829.32421875 0.0 3501.82421875 2521.84375 3105.5257120253164 79
800 0.1 2857.4375 0.0 3501.82421875 2521.84375 3102.073193359375 80
810 0.1 2883.015625 0.0 3501.82421875 2521.84375 3099.0529996141977 81
820 0.1 3024.64453125 0.0 3501.82421875 2521.84375 3096.418397484756 82
830 0.1 3094.78515625 0.0 3501.82421875 2521.84375 3095.5536521084337 83
