0 0.1 0.140625 0 0.140625 0.140625 0 0
10 0.1 0.12109375 0.0 0.140625 0.12109375 0.140625 1
20 0.1 0.1015625 0.0 0.140625 0.1015625 0.130859375 2
30 0.1 0.078125 0.0 0.140625 0.078125 0.12109375 3
40 0.1 0.0703125 0.0 0.140625 0.0703125 0.1103515625 4
50 0.1 0.05859375 0.0 0.140625 0.05859375 0.10234375 5
60 0.1 0.05078125 0.0 0.140625 0.05078125 0.09505208333333333 6
70 0.1 0.0390625 0.0 0.140625 0.0390625 0.08872767857142858 7
80 0.1 0.03125 0.0 0.140625 0.03125 0.08251953125 8
90 0.1 0.03125 0.0 0.140625 0.03125 0.07682291666666667 9
100 0.1 0.01953125 0.0 0.140625 0.01953125 0.072265625 10
110 0.1 0.01953125 0.0 0.140625 0.01953125 0.06747159090909091 11
120 0.1 0.01953125 0.0 0.140625 0.01953125 0.0634765625 12
130 0.1 0.01171875 0.0 0.140625 0.01171875 0.06009615384615385 13
140 0.1 0.01171875 0.0 0.140625 0.01171875 0.056640625 14
150 0.1 0.01171875 0.0 0.140625 0.01171875 0.05364583333333333 15
160 0.1 0.08984375 0.0 0.140625 0.01171875 0.051025390625 16
170 0.1 0.1484375 0.0 0.1484375 0.01171875 0.05330882352941176 17
180 0.1 0.12890625 0.0 0.1484375 0.01171875 0.05859375 18
190 0.1 0.109375 0.0 0.1484375 0.01171875 0.06229440789473684 19
200 0.1 0.08984375 0.0 0.1484375 0.01171875 0.0646484375 20
210 0.1 0.078125 0.0 0.1484375 0.01171875 0.06584821428571429 21
220 0.1 0.05859375 0.0 0.1484375 0.01171875 0.06640625 22
230 0.1 0.12890625 0.0 0.1484375 0.01171875 0.06606657608695653 23
240 0.1 0.109375 0.0 0.1484375 0.01171875 0.06868489583333334 24
250 0.1 0.08984375 0.0 0.1484375 0.01171875 0.07031250000000001 25
260 0.1 0.16015625 0.0 0.16015625 0.01171875 0.07106370192307694 26
270 0.1 0.28125 0.0 0.28125 0.01171875 0.07436342592592594 27
280 0.1 0.3203125 0.0 0.3203125 0.01171875 0.08175223214285716 28
290 0.1 0.26953125 0.0 0.3203125 0.01171875 0.08997844827586209 29
300 0.1 0.23046875 0.0 0.3203125 0.01171875 0.09596354166666668 30
310 0.1 0.19140625 0.0 0.3203125 0.01171875 0.10030241935483872 31
320 0.1 0.23828125 0.0 0.3203125 0.01171875 0.10314941406250001 32
330 0.1 0.28125 0.0 0.3203125 0.01171875 0.10724431818181819 33
340 0.1 0.30859375 0.0 0.3203125 0.01171875 0.1123621323529412 34
350 0.1 0.41015625 0.0 0.41015625 0.01171875 0.11796875 35
360 0.1 0.421875 0.0 0.421875 0.01171875 0.12608506944444445 36
370 0.1 0.3515625 0.0 0.421875 0.01171875 0.13407939189189189 37
380 0.1 0.30078125 0.0 0.421875 0.01171875 0.13980263157894737 38
390 0.1 0.41015625 0.0 0.421875 0.01171875 0.14393028846153846 39
400 0.1 0.3515625 0.0 0.421875 0.01171875 0.1505859375 40
410 0.1 0.6796875 0.0 0.6796875 0.01171875 0.15548780487804878 41
420 0.1 0.73046875 0.0 0.73046875 0.01171875 0.16796875 42
430 0.1 0.76953125 0.0 0.76953125 0.01171875 0.1810501453488372 43
440 0.1 0.890625 0.0 0.890625 0.01171875 0.1944247159090909 44
450 0.1 0.75 0.0 0.890625 0.01171875 0.20989583333333334 45
460 0.1 0.640625 0.0 0.890625 0.01171875 0.22163722826086957 46
470 0.1 0.8515625 0.0 0.890625 0.01171875 0.23055186170212766 47
480 0.1 1.109375 0.0 1.109375 0.01171875 0.24348958333333334 48
490 0.1 0.94140625 0.0 1.109375 0.01171875 0.2611607142857143 49
500 0.1 0.7890625 0.0 1.109375 0.01171875 0.274765625 50
510 0.1 0.91015625 0.0 1.109375 0.01171875 0.2848498774509804 51
520 0.1 1.0 0.0 1.109375 0.01171875 0.296875 52
530 0.1 1.078125 0.0 1.109375 0.01171875 0.31014150943396224 53
540 0.1 1.1484375 0.0 1.1484375 0.01171875 0.32436342592592593 54
550 0.1 1.12890625 0.0 1.1484375 0.01171875 0.3393465909090909 55
560 0.1 1.109375 0.0 1.1484375 0.01171875 0.3534458705357143 56
570 0.1 1.25 0.0 1.25 0.01171875 0.3667077850877193 57
580 0.1 1.28125 0.0 1.28125 0.01171875 0.3819369612068966 58
590 0.1 1.171875 0.0 1.28125 0.01171875 0.3971795550847458 59
600 0.1 1.21875 0.0 1.28125 0.01171875 0.41009114583333334 60
610 0.1 1.19140625 0.0 1.28125 0.01171875 0.42334784836065575 61
620 0.1 1.16015625 0.0 1.28125 0.01171875 0.4357358870967742 62
630 0.1 1.12890625 0.0 1.28125 0.01171875 0.447234623015873 63
640 0.1 1.19140625 0.0 1.28125 0.01171875 0.4578857421875 64
650 0.1 1.16015625 0.0 1.28125 0.01171875 0.46917067307692306 65
660 0.1 1.140625 0.0 1.28125 0.01171875 0.4796401515151515 66
670 0.1 1.12109375 0.0 1.28125 0.01171875 0.48950559701492535 67
680 0.1 1.1015625 0.0 1.28125 0.01171875 0.4987936580882353 68
690 0.1 1.23046875 0.0 1.28125 0.01171875 0.5075294384057971 69
700 0.1 1.19140625 0.0 1.28125 0.01171875 0.5178571428571429 70
710 0.1 1.16015625 0.0 1.28125 0.01171875 0.52734375 71
720 0.1 1.140625 0.0 1.28125 0.01171875 0.5361328125 72
730 0.1 1.19140625 0.0 1.28125 0.01171875 0.5444135273972602 73
740 0.1 1.16015625 0.0 1.28125 0.01171875 0.5531566722972973 74
750 0.1 1.140625 0.0 1.28125 0.01171875 0.56125 75
760 0.1 1.109375 0.0 1.28125 0.01171875 0.5688733552631579 76
770 0.1 1.01953125 0.0 1.28125 0.01171875 0.5758928571428571 77
780 0.1 0.859375 0.0 1.28125 0.01171875 0.5815805288461537 78
790 0.1 0.73046875 0.0 1.28125 0.01171875 0.5850969145569619 79
800 0.1 0.78125 0.0 1.28125 0.01171875 0.5869140624999998 80
810 0.1 0.66015625 0.0 1.28125 0.01171875 0.5893132716049381 81
820 0.1 0.55078125 0.0 1.28125 0.01171875 0.5901772103658535 82
830 0.1 0.46875 0.0 1.28125 0.01171875 0.5897025602409637 83
