0 1.6 11.051000000000002 6.112349640277461 31.635 6.719 0 0
10 3.2 105.15921875000001 196.72640394510066 1050.804 6.242 11.051000000000002 16
20 7.7 58.13383116883115 53.360188127212375 1050.804 6.242 73.7898125 48
30 13.4 39.541932835820894 31.671887350790463 1050.804 5.01 64.14572799999999 125
40 16.5 42.63889696969697 33.08223070061599 1050.804 5.01 51.416351351351345 259
50 21.1 44.12218957345969 35.19283867334707 1050.804 5.01 48.000596698113206 424
60 20.7 39.00205797101447 27.682619113307986 1050.804 5.01 46.71186614173228 635
70 23.3 38.77145064377688 32.65838576677269 1050.804 5.01 44.8164619952494 842
80 19.8 38.939838383838385 31.6495908626298 1050.804 5.01 43.506240930232565 1075
90 23.6 37.74001694915256 31.693138012580242 1050.804 5.01 42.79599135899451 1273
100 29.1 39.42142955326459 32.593681244420786 1050.804 5.01 42.00526242544733 1509
110 32.1 40.631218068535844 30.38241387637858 1050.804 5.01 41.58754277777778 1800
120 31.7 38.26696845425864 29.41870481699381 1050.804 5.01 41.44280905233381 2121
130 35.3 36.508898016997115 32.63962281677484 1050.804 5.01 41.02987161607875 2438
140 33.5 38.82914626865676 30.817245744309666 1050.804 5.01 40.45806807595842 2791
150 39.5 38.03892658227847 30.175793306777276 1050.804 5.01 40.28350351887395 3126
160 43.4 43.376836405529964 37.499366272229985 1050.804 5.01 40.031697813121255 3521
170 43.5 43.61966206896558 36.57685055242015 1050.804 5.01 40.39877496839443 3955
180 45.5 37.294298901098884 29.287092030349733 1050.804 5.01 40.71792892938496 4390
190 41.7 38.65408872901677 31.89736440040722 1050.804 5.01 40.39641155830753 4845
200 48 40.794139583333326 33.89789207057621 1050.804 5.01 40.258336944127706 5262
210 54 40.13060925925928 30.90240323342224 1050.804 5.01 40.303127133402995 5742
220 66.4 42.930673192771124 33.1229958199811 1050.804 5.01 40.28829751671442 6282
230 68.9 45.18363280116116 39.79376195266754 1050.804 5.01 40.54089432767061 6946
240 72.9 42.294496570644725 32.97676311723631 1050.804 5.01 40.95986574983629 7635
250 79.5 43.862628930817536 37.90988000789833 1050.804 5.01 41.0761911764706 8364
260 90.2 46.98785033259425 40.14543503657455 1050.804 4.922 41.31805360847254 9159
270 104.2 47.91226871401157 39.642828735114904 1050.804 4.922 41.82636855183381 10061
280 113.9 53.11764618086047 46.37678360466545 1050.804 4.922 42.39752121048365 11103
290 118.8 60.77783249158248 57.596652955282345 1050.804 4.922 43.39492542068291 12242
300 123.2 59.67752029220782 64.26676924494515 1050.804 1.345 44.93259434102756 13430
310 129.2 75.92745356037136 90.1306272225547 1050.804 1.332 46.17156233801665 14662
320 144.7 107.93821216309615 165.49256189890966 1094.02 1.146 48.58127848815344 15954
330 152.9 159.3082197514713 212.75479745604764 1094.02 1.007 53.517172001609104 17401
340 167.8 269.307305721096 373.72569495362336 1938.514 0.978 62.06204849445324 18930
350 179 324.8534346368714 480.7461926505584 2495.014 0.978 78.93692920225149 20608
360 193.9 372.74031459515237 558.2738947206358 3268.805 0.828 98.59004754888824 22398
370 200.6 392.3680523429709 604.2292367331249 3268.805 0.828 120.43240148744708 24337
380 206.8 527.9437166344303 820.6004893444743 3955.63 0.828 141.14010052006222 26343
390 217.4 780.248792548296 1235.5309265314352 7365.671 0.828 169.29503621836616 28411
400 221.8 1162.1141947700646 1891.1591345170689 11002.516 0.828 212.72199277423562 30585
410 233.3 1289.6104217745406 2113.6490647721766 11002.516 0.828 276.91587455415663 32803
420 233.4 1517.8414387317923 2403.846525735206 11458.145 0.828 344.15791629667586 35136
430 251.6 1623.211567567565 2590.6073764045877 12627.568 0.828 417.2664655724582 37470
440 263.4 1992.5773963553536 3014.9385838672038 12627.568 0.828 493.1469706647327 39986
450 277.3 2053.7982755138755 3085.9502277434744 12627.568 0.823 585.814726208353 42620
460 316.9 1997.4501975386534 3165.9718060464893 13289.557 0.823 675.4919535831513 45393
470 326.8 2020.7720761933874 3243.695281146365 13393.66 0.823 761.7586986738598 48562
480 361.8 1865.8990480928683 3225.196556311159 13393.66 0.823 841.142370634767 51830
490 368.8 1961.1183408351387 3272.9109130672764 13393.66 0.823 908.0080765041114 55448
500 387 2074.424115245467 3403.5912705363644 13393.66 0.823 973.6850018093878 59136
510 406.8 1988.5741199606714 3264.190798938737 13393.66 0.788 1041.29539397835 63006
520 401.1 2139.7886030914933 3472.409415027673 13559.11 0.788 1098.7473106270677 67074
530 447.8 2038.5834303260403 3339.6888679574686 13592.762 0.788 1157.488488429344 71085
540 466.3 1900.185662877969 3240.636101594378 13811.331 0.788 1209.7037677302374 75563
550 462.2 1914.043698182603 3290.9171899360504 13811.331 0.788 1249.8368552214981 80226
560 472.9 2013.3136768872955 3324.753496601475 13811.331 0.77 1286.0187808787466 84848
570 511.9 2027.2799677671492 3356.732387471514 13811.331 0.77 1324.4145472386874 89577
580 549.2 1955.1351822651172 3313.8007758692675 14371.972 0.77 1362.4094793127474 94696
590 559.7 1957.8642067178746 3292.4873048182103 14724.983 0.77 1394.9008910647976 100188
600 547.3 2133.7082009866604 3373.043539596544 14985.913 0.77 1424.6868312048011 105785
610 593.4 2215.44282002023 3352.4618991645316 15913.048 0.77 1459.5649878930044 111258
620 567.1 2167.909033680115 3418.7608357164067 17073.868 0.77 1497.8387527902921 117192
630 611.5 2197.022036958309 3322.974245800069 17073.868 0.77 1528.7672549669132 122863
640 608.6 2356.9548049622163 3435.036869021505 17073.868 0.77 1560.4500070011934 128978
650 599 2371.0831095158615 3436.277384196206 17073.868 0.77 1596.3406084967125 135064
660 588.8 2306.6445735393986 3468.4835911545533 17073.868 0.77 1629.2408281367418 141054
670 605.9 2483.4396169334827 3461.3755448263287 17073.868 0.77 1656.3845532318871 146942
680 605.4 2510.4105997687357 3570.404162970229 20168.594 0.77 1689.1368008052232 153001
690 620.2 2564.3554991938117 3566.726717771397 20168.594 0.77 1720.3963750337925 159055
700 597.1 2475.871326076039 3572.8702732644356 20168.594 0.77 1752.069674730873 165257
710 649.6 2519.5371753386903 3601.5765907892446 20168.594 0.77 1777.309820385684 171228
720 584 2605.578306506843 3640.9709253914557 20319.888 0.77 1804.4390145168913 177724
730 600.9 2708.5866443667737 3851.2514034817927 20656.058 0.77 1829.9268741474361 183564
740 607.1 2396.8857438642617 3785.8636897135893 20725.643 0.77 1857.7782377870262 189573
750 548.6 2154.3211004374643 3576.1366341404455 20725.643 0.77 1874.5072029962578 195644
760 426.2 2185.4393045518573 3461.8897700529787 20725.643 0.77 1882.1393764232078 201130
770 311.5 2556.2940821829907 3430.569440744376 20725.643 0.77 1888.4330212277005 205392
780 220.9 3177.659944318693 3625.5298054371 20725.643 0.77 1898.4105625326722 208507
790 156.9 3123.3178757170176 3246.055423591122 20725.643 0.77 1911.8213233878769 210716
800 152.5 2057.925464262296 2437.748393849048 20725.643 0.77 1920.7755033374935 212285
810 121.1 429.8543393889344 1070.0765270166762 20725.643 0.77 1921.7537255460447 213810
820 24.5 59.44820000000002 70.35391672096449 20725.643 0.77 1913.3513362136714 215021
830 1.4 53.31114285714285 69.55844248426452 20725.643 0.77 1911.2413594018558 215266
832 0 0 0 20725.643 0.77 1911.1205352517645 215280
