10 0.1 258 0 258 258 0 0
20 0.1 485.0 0.0 485 258 258.0 1
30 0.1 1065.0 0.0 1065 258 371.5 2
40 0.1 1710.0 0.0 1710 258 602.6666666666666 3
50 0.1 1968.0 0.0 1968 258 879.5 4
60 0.1 2392.0 0.0 2392 258 1097.2 5
70 0.1 2394.0 0.0 2394 258 1313.0 6
80 0.1 2448.0 0.0 2448 258 1467.4285714285713 7
90 0.1 2337.0 0.0 2448 258 1590.0 8
100 0.1 2765.0 0.0 2765 258 1673.0 9
110 0.1 3323.0 0.0 3323 258 1782.2 10
120 0.1 3539.0 0.0 3539 258 1922.2727272727273 11
130 0.1 3833.0 0.0 3833 258 2057.0 12
140 0.1 3641.0 0.0 3833 258 2193.6153846153848 13
150 0.1 3945.0 0.0 3945 258 2297.0 14
160 0.1 4655.0 0.0 4655 258 2406.866666666667 15
170 0.1 4924.0 0.0 4924 258 2547.375 16
180 0.1 4795.0 0.0 4924 258 2687.176470588235 17
190 0.1 4897.0 0.0 4924 258 2804.277777777778 18
200 0.1 4730.0 0.0 4924 258 2914.4210526315787 19
210 0.1 5532.0 0.0 5532 258 3005.2 20
220 0.1 6580.0 0.0 6580 258 3125.5238095238096 21
230 0.1 7908.0 0.0 7908 258 3282.5454545454545 22
240 0.1 7990.0 0.0 7990 258 3483.6521739130435 23
250 0.1 8390.0 0.0 8390 258 3671.4166666666665 24
260 0.1 9375.0 0.0 9375 258 3860.16 25
270 0.1 10734.0 0.0 10734 258 4072.269230769231 26
280 0.1 12451.0 0.0 12451 258 4319.0 27
290 0.1 13267.0 0.0 13267 258 4609.428571428572 28
300 0.1 13375.0 0.0 13375 258 4907.9655172413795 29
310 0.1 14252.0 0.0 14252 258 5190.2 30
320 0.1 15209.0 0.0 15209 258 5482.5161290322585 31
330 0.1 16582.0 0.0 16582 258 5786.46875 32
340 0.1 16546.0 0.0 16582 258 6113.606060606061 33
350 0.1 17896.0 0.0 17896 258 6420.441176470588 34
360 0.1 17810.0 0.0 17896 258 6748.314285714286 35
370 0.1 19490.0 0.0 19490 258 7055.583333333333 36
380 0.1 19565.0 0.0 19565 258 7391.648648648648 37
390 0.1 21169.0 0.0 21169 258 7712.0 38
400 0.1 21376.0 0.0 21376 258 8057.051282051282 39
410 0.1 22263.0 0.0 22263 258 8390.025 40
420 0.1 22261.0 0.0 22263 258 8728.390243902439 41
430 0.1 24041.0 0.0 24041 258 9050.595238095239 42
440 0.1 24773.0 0.0 24773 258 9399.209302325582 43
450 0.1 24348.0 0.0 24773 258 9748.613636363636 44
460 0.1 27280.0 0.0 27280 258 10073.044444444444 45
470 0.1 28432.0 0.0 28432 258 10447.108695652174 46
480 0.1 29748.0 0.0 29748 258 10829.765957446809 47
490 0.1 31605.0 0.0 31605 258 11223.895833333334 48
500 0.1 33109.0 0.0 33109 258 11639.836734693878 49
510 0.1 34912.0 0.0 34912 258 12069.22 50
520 0.1 35628.0 0.0 35628 258 12517.117647058823 51
530 0.1 36358.0 0.0 36358 258 12961.557692307691 52
540 0.1 38247.0 0.0 38247 258 13403.0 53
550 0.1 39130.0 0.0 39130 258 13863.074074074075 54
560 0.1 39170.0 0.0 39170 258 14322.472727272727 55
570 0.1 42597.0 0.0 42597 258 14766.17857142857 56
580 0.1 44087.0 0.0 44087 258 15254.438596491229 57
590 0.1 47672.0 0.0 47672 258 15751.551724137931 58
600 0.1 47130.0 0.0 47672 258 16292.57627118644 59
610 0.1 50138.0 0.0 50138 258 16806.533333333333 60
620 0.1 50757.0 0.0 50757 258 17352.950819672133 61
630 0.1 53251.0 0.0 53251 258 17891.725806451614 62
640 0.1 52832.0 0.0 53251 258 18452.984126984127 63
650 0.1 53258.0 0.0 53258 258 18990.15625 64
660 0.1 52785.0 0.0 53258 258 19517.353846153845 65
670 0.1 52196.0 0.0 53258 258 20021.409090909092 66
680 0.1 51810.0 0.0 53258 258 20501.626865671642 67
690 0.1 52648.0 0.0 53258 258 20962.04411764706 68
700 0.1 54081.0 0.0 54081 258 21421.260869565216 69
710 0.1 5.5e4 0.0 55000 258 21887.82857142857 70
720 0.1 54975.0 0.0 55000 258 22354.197183098593 71
730 0.1 49168.0 0.0 55000 258 22807.26388888889 72
740 0.1 49235.0 0.0 55000 258 23168.369863013697 73
750 0.1 47549.0 0.0 55000 258 23520.62162162162 74
760 0.1 39177.0 0.0 55000 258 23840.999999999996 75
770 0.1 27260.0 0.0 55000 258 24042.789473684206 76
780 0.1 1.85e4 0.0 55000 258 24084.571428571424 77
790 0.1 14279.0 0.0 55000 258 24012.974358974352 78
800 0.1 12590.0 0.0 55000 258 23889.75949367088 79
810 0.1 11725.0 0.0 55000 258 23748.512499999993 80
820 0.1 5355.0 0.0 55000 258 23600.07407407407 81
830 0.1 503.0 0.0 55000 258 23377.573170731703 82
