0 1.6 11.051000000000002 6.112349640277461 31.635 6.719 0 0
10 4.3 79.88325581395351 136.29795337184328 832.01 6.242 11.051000000000002 16
20 12 37.19500000000001 31.28160317156609 832.01 5.821 61.21688135593222 59
30 20.8 25.106019230769235 21.063064295787463 832.01 5.01 45.11282681564247 179
40 25.3 27.758592885375503 21.762267591670934 832.01 5.01 34.35981395348838 387
50 32.4 28.679382716049325 22.402214886125563 832.01 5.01 31.750268750000004 640
60 31.3 25.745361022364225 19.935101555132164 832.01 5.01 30.71814522821575 964
70 33.6 27.052336309523817 21.30612281401904 832.01 5.01 29.499287392325748 1277
80 29.7 25.911084175084167 20.084950804130997 832.01 5.01 28.98956912585244 1613
90 35.5 24.84930422535214 18.663090757054107 832.01 5.01 28.510872774869103 1910
100 44.1 26.13233333333333 20.116950431016893 832.01 5.01 27.936984547461368 2265
110 48.9 26.457177914110417 21.40225401205602 832.01 5.01 27.642878418329637 2706
120 48.5 24.978199999999983 19.289755976373602 832.01 5.01 27.461405007824727 3195
130 50.3 25.56644731610337 21.591042746551345 832.01 4.986 27.134134782608694 3680
140 51.1 25.46162622309202 18.800210536961224 832.01 4.824 26.945622519722683 4183
150 59.7 25.080319932998275 19.33659466138357 832.01 4.824 26.78407115466553 4694
160 65.6 28.651028963414625 25.55748673973843 832.01 4.824 26.591831600831593 5291
170 66.6 28.539405405405386 24.620574176765338 832.01 4.755 26.818976963174702 5947
180 67.4 25.04696290801186 20.419556441271396 832.01 4.755 26.992242552548 6613
190 60.6 26.534653465346565 20.734590748401 832.01 4.755 26.812316865651148 7287
200 70.8 27.632621468926544 20.54802955062143 832.01 4.755 26.790998733054597 7893
210 83.7 25.83641099163679 20.227066335796465 832.01 4.755 26.86027775840018 8601
220 101.5 28.02930640394089 21.60537495649058 832.01 4.578 26.76947711379529 9438
230 101.8 30.54380451866405 27.715203862281065 832.01 4.578 26.891808189036635 10453
240 110.1 28.012873751135306 22.986542043440377 832.01 4.578 27.215906546944463 11471
250 117.7 29.58758453695834 24.832279340618335 832.01 4.578 27.285701399936357 12572
260 134.9 31.356530763528554 27.211045500014034 832.01 4.377 27.482756927776553 13749
270 157.5 31.628289523809567 26.896282884667343 832.01 4.377 27.828877003576622 15098
280 174.2 34.70154190585546 34.28100863042054 832.01 4.377 28.187785101661362 16673
290 178.3 40.46816152551894 43.40700734338824 832.01 3.168 28.803965625848498 18415
300 182.6 40.20470481927717 48.08757105449475 832.01 0.481 29.83363496385783 20198
310 193.2 50.80899016563148 70.41279327335563 832.01 0.355 30.693495731928827 22024
320 214.7 72.63630135072177 134.8870421547165 1017.362 0.34 32.31576719819672 23956
330 233.4 104.66687103684683 175.30039936755992 1028.677 0.303 35.63217476918363 26103
340 256.2 176.7886463700234 310.1918075255918 1928.808 0.279 41.29827812357143 28437
350 270.2 215.55266802368646 400.8037066408918 2483.94 0.277 52.496262685893115 30999
360 289.5 250.00532987910233 457.04476996390565 3245.504 0.277 65.56941799946593 33701
370 297.1 268.1971834399194 503.94971209778737 3245.504 0.277 80.15959082959893 36596
380 310.7 358.3876211779864 652.1137511062446 3943.72 0.277 94.27892481108 39567
390 330.9 521.8983496524648 924.731968784497 5768.266 0.277 113.50809760041258 42674
400 336 793.6234205357144 1394.9140793079816 7164.246 0.277 142.89642250396912 45983
410 353 877.6407912181313 1529.0400959662284 7305.77 0.27 187.2075246539532 49343
420 355.7 1017.2102232218162 1700.3049338339322 7573.151 0.27 233.30344187014194 52873
430 382.3 1129.050770075855 1829.209396623076 7833.214 0.267 282.7161021796919 56430
440 391.5 1355.014501915711 2011.3118919543292 7981.275 0.267 336.41529450815744 60253
450 425.5 1381.4413560517 2046.6023472664845 7981.275 0.267 398.56178336554075 64168
460 478.9 1320.3413606180843 2087.636168001965 8551.899 0.267 459.6838122414978 68423
470 493.2 1340.2665409570207 2156.090196938661 8603.952 0.267 515.9818098262581 73212
480 548.2 1286.3961659978097 2107.9312960380253 8603.952 0.267 568.0059229243452 78144
490 556.6 1308.700562522455 2156.2500308021367 8603.952 0.267 615.099115382776 83626
500 586.1 1370.0779172496207 2204.8110890509 8603.952 0.267 658.3831055924298 89192
510 610 1326.452275901645 2159.9882520010688 8603.952 0.267 702.266447424069 95053
520 604.8 1418.2766117724816 2232.0045350380847 8696.813 0.267 739.9077784148772 101153
530 673.7 1325.9364372866316 2172.8604552902975 8696.813 0.267 778.1795734927849 107201
540 697.3 1312.6848379463606 2190.0269831827986 8696.813 0.267 810.5676967824613 113938
550 687 1280.2700981077173 2182.462132183682 9068.567 0.267 839.5250524021804 120911
560 711.2 1352.5175812710954 2207.674886062935 9068.567 0.267 863.2212080434498 127781
570 767.7 1334.8086968868042 2183.1293815663503 9068.567 0.267 889.0185126211152 134893
580 831.6 1327.2884942279961 2219.0333003028372 9068.567 0.267 913.0230805148354 142570
590 845.2 1311.9006903691422 2191.607124204272 9596.593 0.267 935.8550939583533 150886
600 822.8 1404.6958307000484 2262.7575347553675 9596.593 0.267 955.8022338801799 159338
610 893.9 1482.2361574001595 2261.6391743902204 10827.31 0.267 977.8442741188552 167566
620 853.5 1429.8431428236647 2296.805229043621 10827.31 0.267 1003.3889274978053 176505
630 926.3 1459.0893182554325 2269.462998246438 10827.31 0.267 1023.059197319499 185040
640 913.9 1554.3379577634298 2339.0137946343307 11007.598 0.267 1043.8460457481365 194303
650 905.8 1567.1860570766107 2308.4553582302315 11007.598 0.267 1066.7783094100537 203442
660 882.7 1546.392715758472 2343.493571932174 11007.598 0.267 1088.1086311905885 212500
670 906.3 1657.1897052852246 2406.7498243912223 11535.657 0.267 1106.3859928070235 221327
680 902.1 1670.1276040350199 2431.5046402031066 14055.482 0.267 1128.053313637745 230390
690 935.4 1710.1811741500965 2496.95950660179 14055.482 0.267 1148.478658227901 239411
700 898.8 1639.3796090342707 2454.016142241613 14055.482 0.267 1169.5996572990575 248765
710 976 1659.6805362704947 2489.576340514229 14055.482 0.267 1185.981162872983 257753
720 891.9 1734.7134706805687 2537.744749948366 14055.482 0.267 1203.2637094571107 267513
730 926.3 1754.5239824031064 2640.7163225342074 14055.482 0.267 1220.410785122562 276432
740 929.3 1502.9208386957969 2516.9558882776932 14055.482 0.267 1237.7281709585397 285695
750 830.5 1390.4628835641095 2367.2093964139253 14055.482 0.267 1246.0825293096668 294988
760 620.5 1468.335021595486 2349.6258909178173 14055.482 0.267 1250.0360621709037 303293
770 442.7 1793.3428725999588 2427.112804709583 14055.482 0.267 1254.4126495583168 309498
780 307.4 2197.266532205593 2432.208220786739 14055.482 0.267 1262.0126944652384 313925
790 217.4 2110.846760349583 2196.3648213583583 14055.482 0.267 1271.0820300064036 316999
800 199 1475.2871552763854 1741.9864223058576 14055.482 0.267 1276.8019640978403 319173
810 147.7 300.1313026404866 708.4181776379812 14055.482 0.267 1278.0318241080074 321163
820 26.6 54.742097744360926 68.53554589203888 14055.482 0.267 1273.5551347012151 322640
830 1.4 53.31114285714285 69.55844248426452 14055.482 0.267 1272.5511141260924 322906
832 0 0 0 14055.482 0.267 1272.4982547194352 322920
