10 0.1 197 0 197 197 0 0
20 0.1 274.0 0.0 274 197 197.0 1
30 0.1 511.0 0.0 511 197 235.5 2
40 0.1 860.0 0.0 860 197 327.3333333333333 3
50 0.1 1001.0 0.0 1001 197 460.5 4
60 0.1 1227.0 0.0 1227 197 568.6 5
70 0.1 1218.0 0.0 1227 197 678.3333333333334 6
80 0.1 1350.0 0.0 1350 197 755.4285714285714 7
90 0.1 1211.0 0.0 1350 197 829.75 8
100 0.1 1508.0 0.0 1508 197 872.1111111111111 9
110 0.1 1768.0 0.0 1768 197 935.7 10
120 0.1 1806.0 0.0 1806 197 1011.3636363636364 11
130 0.1 1996.0 0.0 1996 197 1077.5833333333333 12
140 0.1 1996.0 0.0 1996 197 1148.2307692307693 13
150 0.1 2084.0 0.0 2084 197 1208.7857142857142 14
160 0.1 2384.0 0.0 2384 197 1267.1333333333334 15
170 0.1 2545.0 0.0 2545 197 1336.9375 16
180 0.1 2461.0 0.0 2545 197 1408.0 17
190 0.1 2666.0 0.0 2666 197 1466.5 18
200 0.1 2546.0 0.0 2666 197 1529.6315789473683 19
210 0.1 2973.0 0.0 2973 197 1580.45 20
220 0.1 3497.0 0.0 3497 197 1646.7619047619048 21
230 0.1 4126.0 0.0 4126 197 1730.8636363636363 22
240 0.1 4148.0 0.0 4148 197 1835.0 23
250 0.1 4496.0 0.0 4496 197 1931.375 24
260 0.1 5010.0 0.0 5010 197 2033.96 25
270 0.1 5686.0 0.0 5686 197 2148.423076923077 26
280 0.1 6519.0 0.0 6519 197 2279.444444444445 27
290 0.1 6771.0 0.0 6771 197 2430.8571428571427 28
300 0.1 6760.0 0.0 6771 197 2580.5172413793102 29
310 0.1 7468.0 0.0 7468 197 2719.8333333333335 30
320 0.1 8039.0 0.0 8039 197 2873.0 31
330 0.1 8871.0 0.0 8871 197 3034.4375 32
340 0.1 9181.0 0.0 9181 197 3211.3030303030305 33
350 0.1 10549.0 0.0 10549 197 3386.8823529411766 34
360 0.1 11189.0 0.0 11189 197 3591.5142857142855 35
370 0.1 12975.0 0.0 12975 197 3802.5555555555557 36
380 0.1 13356.0 0.0 13356 197 4050.4594594594596 37
390 0.1 13696.0 0.0 13696 197 4295.3421052631575 38
400 0.1 13997.0 0.0 13997 197 4536.384615384614 39
410 0.1 15248.0 0.0 15248 197 4772.9 40
420 0.1 15188.0 0.0 15248 197 5028.390243902439 41
430 0.1 16304.0 0.0 16304 197 5270.285714285715 42
440 0.1 17208.0 0.0 17208 197 5526.883720930233 43
450 0.1 17061.0 0.0 17208 197 5792.363636363636 44
460 0.1 18904.0 0.0 18904 197 6042.777777777777 45
470 0.1 20136.0 0.0 20136 197 6322.369565217391 46
480 0.1 20862.0 0.0 20862 197 6616.276595744681 47
490 0.1 21384.0 0.0 21384 197 6913.0625 48
500 0.1 22664.0 0.0 22664 197 7208.3877551020405 49
510 0.1 25158.0 0.0 25158 197 7517.5 50
520 0.1 25352.0 0.0 25352 197 7863.392156862745 51
530 0.1 25493.0 0.0 25493 197 8199.711538461539 52
540 0.1 27745.0 0.0 27745 197 8526.0 53
550 0.1 28066.0 0.0 28066 197 8881.907407407407 54
560 0.1 27943.0 0.0 28066 197 9230.709090909091 55
570 0.1 29499.0 0.0 29499 197 9564.857142857143 56
580 0.1 30747.0 0.0 30747 197 9914.578947368422 57
590 0.1 33810.0 0.0 33810 197 10273.758620689656 58
600 0.1 33405.0 0.0 33810 197 10672.677966101695 59
610 0.1 35252.0 0.0 35252 197 11051.55 60
620 0.1 35226.0 0.0 35252 197 11448.27868852459 61
630 0.1 37595.0 0.0 37595 197 11831.790322580646 62
640 0.1 37487.0 0.0 37595 197 12240.730158730159 63
650 0.1 37314.0 0.0 37595 197 12635.203125 64
660 0.1 37245.0 0.0 37595 197 13014.876923076923 65
670 0.1 36762.0 0.0 37595 197 13382.0 66
680 0.1 36905.0 0.0 37595 197 13730.955223880597 67
690 0.1 37262.0 0.0 37595 197 14071.75 68
700 0.1 38572.0 0.0 38572 197 14407.840579710144 69
710 0.1 38601.0 0.0 38601 197 14753.042857142857 70
720 0.1 39171.0 0.0 39171 197 15088.929577464789 71
730 0.1 35590.0 0.0 39171 197 15423.402777777777 72
740 0.1 35565.0 0.0 39171 197 15699.657534246575 73
750 0.1 35396.0 0.0 39171 197 15968.108108108108 74
760 0.1 29596.0 0.0 39171 197 16227.146666666667 75
770 0.1 21942.0 0.0 39171 197 16403.052631578947 76
780 0.1 14653.0 0.0 39171 197 16474.987012987014 77
790 0.1 10563.0 0.0 39171 197 16451.628205128207 78
800 0.1 8485.0 0.0 39171 197 16377.08860759494 79
810 0.1 7650.0 0.0 39171 197 16278.437500000004 80
820 0.1 3591.0 0.0 39171 197 16171.913580246917 81
830 0.1 399.0 0.0 39171 197 16018.487804878052 82
