40 0.4 43985.20999999999 590.9368523856847 44488.822 42986.159 0 0
50 1 43617.9914 5055.255413368908 52578.184 36654.632 43985.20999999999 4
60 0.7 48898.15328571428 7118.3514842339855 59718.407 36654.632 43722.911 14
70 1.4 48559.72849999999 9999.545044636128 69059.928 36654.632 45447.991761904756 21
80 1.1 53411.7969090909 10453.902243710174 69431.218 36654.632 46692.686457142845 35
90 0.6 42886.96433333333 4407.507644864109 69431.218 36616.541 48299.43026086955 46
100 1.3 49578.02569230769 9954.975815075333 71461.47 36616.541 47674.914961538445 52
110 1.3 43130.416846153836 3954.556147562373 71461.47 36616.541 48055.5371076923 65
120 0.8 51276.388625 9177.264215826823 71461.47 36616.541 47234.68373076922 78
130 2.7 49238.09622222221 7905.934706095233 71461.47 36616.541 47610.65627906976 86
140 1.3 46799.25353846155 7521.209927055984 71461.47 36616.541 47999.513610619455 113
150 1.4 48917.578285714284 9851.096021681118 78671.54 36235.033 47875.67725396824 126
160 1.8 46147.552833333335 7933.217275841106 78671.54 35796.988 47979.86735714285 140
170 2.3 51781.82543478262 15017.008556849258 108414.183 35796.988 47771.12266455696 158
180 2.2 47537.62322727273 6170.938397402029 108414.183 35796.988 48280.769977900556 181
190 1.9 48136.59768421053 8205.288339595221 108414.183 35796.988 48200.23190640394 203
200 2.6 50802.97784615385 9430.201184289637 108414.183 35796.988 48194.78573423423 222
210 1.5 50295.3562 8756.338845526234 108414.183 35796.988 48468.22522983871 248
220 1.4 45223.14614285714 10823.339433683765 108414.183 35065.728 48572.43422053233 263
230 4.3 48296.85351162792 10771.438378138575 108414.183 35065.728 48403.15612274368 277
240 3.1 47696.536645161286 10586.569307807833 108414.183 33369.499 48388.871709375 320
250 2.9 46940.153862068975 8138.085880010753 108414.183 33369.499 48327.72530769231 351
260 4 49440.20715000001 9177.094919364346 108414.183 33369.499 48221.83169736843 380
270 4 49755.437325000006 8560.738314684924 108414.183 33369.499 48337.86745476191 420
280 4.1 49298.771146341474 13440.8018679675 108414.183 33369.499 48461.1344 460
290 5.8 47748.947551724144 7729.33392155121 108414.183 33369.499 48529.68351497006 501
300 5.6 47625.09819642858 6979.242889193495 108414.183 33369.499 48448.67692128802 559
310 5.9 49035.11605084745 8503.686491387594 108414.183 33369.499 48373.684386991874 615
320 5.8 50579.70443103447 10778.675851760781 108414.183 33369.499 48431.58419139466 674
330 6.3 51131.9979206349 8579.432667778181 108414.183 33369.499 48601.790439890705 732
340 5.9 50517.77561016947 10243.75354254291 108414.183 33369.499 48802.297447798745 795
350 7.3 51000.438849315084 10567.038248269311 108414.183 33369.499 48920.81408899298 854
360 8.5 53460.83851764707 10349.728156802126 108414.183 33369.499 49084.58173462783 927
370 9 52974.10551111113 8713.219536728688 109004.204 33369.499 49452.15270948617 1012
380 7.6 57200.070144736834 8881.911104830215 109004.204 33369.499 49739.78950816697 1102
390 7 57267.25471428573 13994.55250391007 140678.107 33369.499 50221.09793633277 1178
400 7.3 61070.031739726 14781.207153228464 140678.107 33369.499 50616.315063301285 1248
410 9 59440.06015555556 13920.401009856125 140678.107 33369.499 51193.9996336109 1321
420 7.8 60912.19017948717 12140.741186399744 140678.107 33369.499 51719.97089298371 1411
430 8.2 67464.73204878048 18023.25479237492 140678.107 33369.499 52201.497490933514 1489
440 9.6 69087.50052083329 16282.607351675304 140678.107 33369.499 52998.17809802673 1571
450 9.2 73942.0789565217 20750.941544610305 140678.107 33369.499 53924.737757648465 1667
460 11.3 74921.32778761061 19514.398576279105 140678.107 33369.499 54971.6936361569 1759
470 10.3 79900.24197087379 20592.750037471968 140678.107 33369.499 56175.91834722222 1872
480 15.2 83055.81780263156 23177.64057770728 140678.107 33369.499 57413.18687037975 1975
490 14 81188.25449285719 24045.324271791 140678.107 33369.499 59245.6644922426 2127
500 16.1 81097.10485714287 27476.29707812734 140678.107 33369.499 60600.74283370093 2267
510 16.3 85058.35909202453 26471.963582572782 147144.491 33369.499 61959.85085914333 2428
520 17.2 85602.12203488374 29436.137374966896 157351.264 33369.499 63412.97970590506 2591
530 19.6 85813.11268367346 30024.92084112927 163365.955 33369.499 64794.2799160333 2763
540 23.1 91100.39920779216 30403.751544167622 174018.271 33369.499 66186.53784859751 2959
550 19.3 85290.32147668404 29856.418391076477 174018.271 33369.499 67990.64505047022 3190
560 21.5 86032.40520930233 29919.45257280743 174018.271 33369.499 68977.59082352942 3383
570 20.2 92435.93981188115 28698.130228283826 174018.271 33369.499 69996.70841467482 3598
580 22.1 87579.90570588231 30873.81883535636 174018.271 33369.499 71189.53071526316 3800
590 22.2 88535.09518018023 29528.025527372494 174018.271 33369.499 72090.36952971898 4021
600 23.2 88456.86302155172 31279.277769236593 174018.271 33369.499 72950.7817603111 4243
610 24.9 87776.83231726913 29307.310954464923 174018.271 33369.499 73754.67245363128 4475
620 26.5 89187.71710943406 30898.204602087008 174018.271 33369.499 74493.77444475022 4724
630 25.7 87498.24157198444 27395.173296383964 174018.271 33369.499 75274.27049729407 4989
640 28.7 89319.0649303136 28891.696889398558 174018.271 33369.499 75873.11925181092 5246
650 27 90613.13574814823 27465.62781238648 174018.271 33369.499 76570.56844930419 5533
660 28.4 92337.30452816906 28166.741330516 175277.421 33369.499 77223.93621954163 5803
670 28.4 91842.13643309867 27798.610371904033 179990.552 33369.499 77929.07776704454 6087
680 30.3 95578.71038943891 28240.584394604415 197143.912 33369.499 78549.2800368859 6371
690 30.4 96210.22393421041 29828.01315357596 197143.912 33369.499 79322.41719553492 6674
700 27.3 99536.7405934066 29712.783441389965 197143.912 33369.499 80058.14279721983 6978
710 29.7 97212.67460269359 28214.302604069675 197143.912 33369.499 80791.51160129638 7251
720 29.2 98861.0851130137 29615.87222136064 197143.912 33369.499 81437.65434260732 7548
730 32.5 99061.8643230769 30410.35861573487 197143.912 33369.499 82086.58824375001 7840
740 36.2 96365.76343093913 29956.180219758546 197143.912 33369.499 82762.27283968158 8165
750 35.6 94241.85159269678 29014.462241123067 197143.912 33369.499 83339.78704092882 8527
760 39.4 91880.14312182738 29779.335892868363 197143.912 33369.499 83776.7041838343 8883
770 39.4 94336.45162182738 31348.41326031755 197143.912 33369.499 84120.86231055298 9277
780 30.2 105292.39123841054 28299.730923698924 197143.912 33369.499 84537.04907393239 9671
790 20.5 116546.60030243904 22388.49267194339 197143.912 33369.499 85165.55737972526 9973
800 22.7 116050.21706607929 18777.44000103717 197143.912 33369.499 85797.61807919042 10178
810 25.5 114807.60467058813 15032.764783083981 197143.912 33369.499 86457.6219206151 10405
820 9.5 115055.65131578948 10452.371981213315 197143.912 33369.499 87135.78754924954 10660
830 0.9 129301.15600000002 10629.475294505768 197143.912 33369.499 87382.40652254767 10755
832 0 0 0 197143.912 33369.499 87417.45564418433 10764
