0 3.9109375 3.9109375
10 23.91328125 27.82421875
20 72.80234375 100.6265625
30 121.203125 221.8296875
40 157.64609375 379.47578125
50 202.4328125 581.90859375
60 189.16171875 771.0703125
70 207.09375 978.1640625
80 179.5578125 1157.721875
90 214.27578125 1371.99765625
100 274.31171875 1646.309375
110 304.6625 1950.971875
120 292.78203125 2243.75390625
130 305.54375 2549.29765625
140 314.79453125 2864.0921875
150 368.08828125 3232.18046875
160 402.48984375 3634.6703125
170 425.66796875 4060.33828125
180 406.8703125 4467.20859375
190 364.85390625 4832.0625
200 433.86171875 5265.92421875
210 518.26171875 5784.1859375
220 615.6953125 6399.88125
230 633.97265625 7033.85390625
240 672.3390625 7706.19296875
250 720.01953125 8426.2125
260 819.484375 9245.696875
270 973.17109375 10218.86796875
280 1072.35625 11291.22421875
290 1104.80390625 12396.028125
300 1113.08359375 13509.11171875
310 1166.61484375 14675.7265625
320 1270.67265625 15946.39921875
330 1391.346875 17337.74609375
340 1423.11796875 18760.8640625
350 1428.0953125 20188.959375
360 1458.4828125 21647.4421875
370 1507.32890625 23154.77109375
380 1567.796875 24722.56796875
390 1676.7703125 26399.33828125
400 1664.01484375 28063.353125
410 1769.11328125 29832.46640625
420 1726.69140625 31559.1578125
430 1860.5421875 33419.7
440 1905.8609375 35325.5609375
450 2047.921875 37373.4828125
460 2186.96484375 39560.44765625
470 2288.3515625 41848.79921875
480 2562.12734375 44410.9265625
490 2568.915625 46979.8421875
500 2616.559375 49596.4015625
510 2797.10546875 52393.50703125
520 2761.090625 55154.59765625
530 3031.10859375 58185.70625
540 3122.01015625 61307.71640625
550 3133.67890625 64441.3953125
560 3185.03125 67626.4265625
570 3459.12421875 71085.55078125
580 3650.3796875 74735.93046875
590 3820.21796875 78556.1484375
600 3608.22421875 82164.37265625
610 3950.271875 86114.64453125
620 3834.42265625 89949.0671875
630 4097.2078125 94046.275
640 3928.0140625 97974.2890625
650 4017.26015625 101991.54921875
660 3911.48203125 105903.03125
670 3920.36171875 109823.39296875
680 4009.85703125 113833.25
690 4091.22578125 117924.47578125
700 3981.27578125 121905.7515625
710 4203.53515625 126109.28671875
720 4088.278125 130197.56484375
730 3953.2203125 134150.78515625
740 3904.5171875 138055.30234375
750 3533.565625 141588.86796875
760 2755.575 144344.44296875
770 2042.40703125 146386.85
780 1452.81328125 147839.66328125
790 1092.25078125 148931.9140625
800 1006.68046875 149938.59453125
810 811.725 150750.31953125
820 182.9046875 150933.22421875
830 10.07578125 150943.3
832 0 150943.3
