0 147.4875 147.4875
10 305.625 453.1125
20 742.7734375 1195.8859375
30 1310.1640625 2506.05
40 1465.97890625 3972.02890625
50 1848.73984375 5820.76875
60 1793.2984375 7614.0671875
70 1849.31328125 9463.38046875
80 1745.81640625 11209.196875
90 2082.290625 13291.4875
100 2486.9671875 15778.4546875
110 2731.3625 18509.8171875
120 2859.66171875 21369.47890625
130 2815.07421875 24184.553125
140 3029.4375 27213.990625
150 3404.86171875 30618.85234375
160 3761.9609375 34380.81328125
170 3608.63828125 37989.4515625
180 3801.3796875 41790.83125
190 3542.63125 45333.4625
200 4189.2515625 49522.7140625
210 4783.67109375 54306.38515625
220 5931.49296875 60237.878125
230 5693.0484375 65930.9265625
240 6358.93828125 72289.86484375
250 6717.68203125 79007.546875
260 7963.6390625 86971.1859375
270 8989.553125 95960.7390625
280 9914.36328125 105875.10234375
290 10027.39140625 115902.49375
300 10296.8421875 126199.3359375
310 11019.81953125 137219.15546875
320 11793.34921875 149012.5046875
330 11448.52109375 160461.02578125
340 10542.67421875 171003.7
350 10550.6125 181554.3125
360 10771.5546875 192325.8671875
370 10839.903125 203165.7703125
380 11191.0875 214356.8578125
390 11859.66484375 226216.52265625
400 12069.984375 238286.50703125
410 11742.81875 250029.32578125
420 11914.6109375 261943.93671875
430 12212.32421875 274156.2609375
440 13006.38828125 287162.64921875
450 13262.790625 300425.43984375
460 13569.15078125 313994.590625
470 13982.25859375 327976.84921875
480 15392.2796875 343369.12890625
490 15367.98046875 358737.109375
500 15702.6234375 374439.7328125
510 16607.55859375 391047.29140625
520 16722.11171875 407769.403125
530 17094.64609375 424864.04921875
540 17880.88203125 442744.93125
550 17896.5921875 460641.5234375
560 19196.04609375 479837.56953125
570 19738.0078125 499575.57734375
580 20918.40546875 520493.9828125
590 20495.90390625 540989.88671875
600 20846.628125 561836.51484375
610 22465.3828125 584301.89765625
620 20165.0296875 604466.92734375
630 22123.0953125 626590.02265625
640 22161.22890625 648751.2515625
650 21818.5453125 670569.796875
660 21676.5109375 692246.3078125
670 21307.9421875 713554.25
680 21645.45859375 735199.70859375
690 23159.1140625 758358.82265625
700 21697.36796875 780056.190625
710 23469.94921875 803526.13984375
720 19194.60703125 822720.746875
730 18658.790625 841379.5375
740 18368.0015625 859747.5390625
750 16625.1046875 876372.64375
760 11611.18515625 887983.82890625
770 8112.63046875 896096.459375
780 7390.38671875 903486.84609375
790 6588.67109375 910075.5171875
800 6377.321875 916452.8390625
810 5884.2515625 922337.090625
820 846.009375 923183.1
830 26.515625 923209.615625
832 0 923209.615625
