0 12 12
10 23 23
20 31 31
30 45 45
40 49 51
50 46 51
60 50 52
70 55 60
80 59 60
90 71 73
100 76 76
110 72 81
120 86 86
130 92 93
140 96 97
150 106 110
160 111 117
170 89 117
180 109 117
190 124 125
200 133 135
210 151 152
220 185 185
230 176 190
240 198 198
250 234 234
260 258 258
270 284 284
280 306 307
290 299 325
300 338 339
310 381 382
320 439 441
330 460 460
340 503 503
350 531 532
360 595 597
370 669 670
380 752 753
390 844 844
400 949 950
410 1007 1009
420 1107 1107
430 1211 1211
440 1309 1309
450 1411 1412
460 1492 1492
470 1590 1590
480 1665 1666
490 1758 1758
500 1824 1825
510 1895 1902
520 1964 1967
530 1995 1995
540 2070 2073
550 2176 2176
560 2291 2295
570 2407 2407
580 2515 2517
590 2599 2599
600 2703 2703
610 2798 2805
620 2843 2844
630 2885 2891
640 2905 2929
650 2960 2964
660 3011 3014
670 3052 3100
680 3077 3100
690 3112 3149
700 3162 3162
710 3176 3205
720 2924 3205
730 2599 3205
740 2237 3205
750 1881 3205
760 1487 3205
770 1093 3205
780 791 3205
790 586 3205
800 359 3205
810 104 3205
820 9 3205
830 0 3205
832 0 3205
