0 1.2 12
10 1.1 23
20 0.8 31
30 1.4 45
40 0.8 53
50 0.7 60
60 1.1 71
70 1.9 90
80 1.5 105
90 1.8 123
100 1.8 141
110 0.9 150
120 2.2 172
130 3.3 205
140 1.7 222
150 2.4 246
160 2.3 269
170 0.1 270
180 4.2 312
190 3.4 346
200 3.5 381
210 3.3 414
220 4.8 462
230 3.4 496
240 5.3 549
250 6.5 614
260 6.4 678
270 6.6 744
280 6.3 807
290 5.1 858
300 9.5 953
310 10.2 1055
320 11.6 1171
330 8.4 1255
340 10.2 1357
350 10.1 1458
360 14.9 1607
370 16.4 1771
380 15.9 1930
390 16.2 2092
400 17.8 2270
410 14.8 2418
420 17.8 2596
430 18.6 2782
440 19.4 2976
450 19.4 3170
460 19.4 3364
470 20.1 3565
480 22.7 3792
490 23.3 4025
500 22.7 4252
510 23.4 4486
520 24.1 4727
530 22.7 4954
540 30.6 5260
550 29.9 5559
560 33 5889
570 31.8 6207
580 32.9 6536
590 30.6 6842
600 33.6 7178
610 34.4 7522
620 31 7832
630 29.9 8131
640 30.7 8438
650 32.5 8763
660 33.5 9098
670 32.5 9423
680 32.8 9751
690 33.9 10090
700 32.3 10413
710 31.1 10724
720 4 10764
730 0 10764
740 0 10764
750 0 10764
760 0 10764
770 0 10764
780 0 10764
790 0 10764
800 0 10764
810 0 10764
820 0 10764
830 0 10764
832 0 10764
